0.000000	-9.779952	0.693053	10.426640	0.724461	0.646688	0.041871
0.050000	-10.908707	0.397671	11.630671	0.411148	0.721964	0.034812
0.100000	-10.908709	0.397669	11.630650	0.410858	0.721940	0.034504
0.150000	-10.908711	0.397669	11.630628	0.410569	0.721917	0.034205
0.200000	-10.908714	0.397668	11.630605	0.410280	0.721892	0.033919
0.250000	-10.908715	0.397667	11.630583	0.409992	0.721868	0.033643
0.300000	-10.908718	0.397666	11.630561	0.409705	0.721843	0.033380
0.350000	-10.908721	0.397665	11.630538	0.409419	0.721817	0.033127
0.400000	-10.908723	0.397665	11.630517	0.409134	0.721793	0.032887
0.450000	-10.908727	0.397665	11.630495	0.408851	0.721768	0.032661
0.500000	-10.908732	0.397660	11.630473	0.408567	0.721741	0.032446
0.550000	-10.908747	0.397655	11.630449	0.408284	0.721703	0.032250
0.600000	-10.908775	0.397645	11.630425	0.408005	0.721649	0.032074
0.650000	-10.908832	0.397633	11.630395	0.407730	0.721562	0.031922
0.700000	-10.908920	0.397612	11.630360	0.407457	0.721440	0.031795
0.750000	-10.909027	0.397574	11.630316	0.407184	0.721289	0.031698
0.800000	-10.909140	0.397537	11.630244	0.406923	0.721104	0.031610
0.850000	-10.909261	0.397575	11.630103	0.406694	0.720842	0.031451
0.900000	-10.909445	0.397720	11.629852	0.406501	0.720407	0.031212
0.950000	-10.909737	0.397943	11.629436	0.406335	0.719699	0.030939
1.000000	-10.910072	0.398149	11.628760	0.406153	0.718688	0.030798
1.050000	-10.910273	0.397977	11.627601	0.405877	0.717328	0.030977
1.100000	-10.910016	0.397117	11.625599	0.405445	0.715584	0.031358
1.150000	-10.908490	0.395402	11.622148	0.404890	0.713658	0.031551
1.200000	-10.904726	0.393113	11.616388	0.404343	0.711663	0.031354
1.250000	-10.897674	0.391157	11.607069	0.404036	0.709395	0.030962
1.300000	-10.885523	0.390480	11.592296	0.404262	0.706773	0.030914
1.350000	-10.865253	0.390836	11.569348	0.405087	0.704095	0.031510
1.400000	-10.832056	0.391658	11.534533	0.406495	0.702477	0.032276
1.450000	-10.779852	0.392934	11.483595	0.408719	0.703743	0.033335
1.500000	-10.702050	0.395124	11.411269	0.411853	0.709218	0.035151
1.550000	-10.592392	0.399519	11.311495	0.416772	0.719103	0.038141
1.600000	-10.444755	0.408636	11.178040	0.424837	0.733285	0.041437
1.650000	-10.251927	0.425052	11.004371	0.437769	0.752444	0.043414
1.700000	-10.006782	0.449669	10.783738	0.456839	0.776955	0.043790
1.750000	-9.703139	0.482582	10.510520	0.482768	0.807382	0.042642
1.800000	-9.336534	0.520426	10.179065	0.514841	0.842531	0.040058
1.850000	-8.905645	0.559294	9.785265	0.551195	0.879620	0.038018
1.900000	-8.412422	0.595340	9.327620	0.588042	0.915198	0.036680
1.950000	-7.863067	0.626878	8.809092	0.622144	0.946026	0.034971
2.000000	-7.265098	0.652225	8.235585	0.650984	0.970486	0.032686
2.050000	-6.627690	0.671063	7.617336	0.673563	0.989646	0.031599
2.100000	-5.961550	0.682468	6.963878	0.688253	1.002328	0.033433
2.150000	-5.280977	0.684483	6.286610	0.694351	1.005634	0.036925
2.200000	-4.600313	0.672949	5.597916	0.691007	0.997603	0.040879
2.250000	-3.934910	0.646427	4.912024	0.677249	0.977114	0.047826
2.300000	-3.298537	0.606274	4.242143	0.651958	0.943605	0.059014
2.350000	-2.706046	0.556323	3.601983	0.615813	0.895938	0.070622
2.400000	-2.169609	0.498499	3.002961	0.569699	0.833352	0.080611
2.450000	-1.698149	0.435389	2.455272	0.515841	0.757123	0.088552
2.500000	-1.295264	0.369642	1.966342	0.456452	0.671078	0.094021
2.550000	-0.960920	0.304901	1.541497	0.394312	0.580577	0.095970
2.600000	-0.692114	0.244101	1.182044	0.332112	0.489930	0.093768
2.650000	-0.483423	0.189548	0.885630	0.272902	0.402206	0.088220
2.700000	-0.326968	0.142520	0.648389	0.218275	0.321421	0.079896
2.750000	-0.213715	0.103830	0.464599	0.169668	0.250885	0.069628
2.800000	-0.134732	0.073368	0.326880	0.128531	0.192148	0.058879
2.850000	-0.081853	0.050390	0.226500	0.095304	0.144647	0.048721
2.900000	-0.047860	0.033612	0.155422	0.069763	0.107561	0.040207
2.950000	-0.027052	0.021881	0.107225	0.051038	0.080172	0.033631
3.000000	-0.014828	0.013917	0.075346	0.037805	0.060518	0.028699
3.050000	-0.007886	0.008673	0.054952	0.029289	0.047066	0.025244
3.100000	-0.004088	0.005339	0.042631	0.024336	0.038543	0.022868
3.150000	-0.002080	0.003261	0.035560	0.021688	0.033480	0.021406
3.200000	-0.001042	0.001983	0.031400	0.020203	0.030357	0.020350
3.250000	-0.000509	0.001190	0.028736	0.019509	0.028227	0.019736
3.300000	-0.000244	0.000693	0.027221	0.019487	0.026977	0.019662
3.350000	-0.000112	0.000371	0.026152	0.019826	0.026040	0.019930
3.400000	-0.000046	0.000175	0.025258	0.019632	0.025212	0.019684
3.450000	-0.000017	0.000070	0.024463	0.019292	0.024446	0.019314
3.500000	-0.000005	0.000022	0.023590	0.019336	0.023586	0.019344
3.550000	-0.000001	0.000005	0.022908	0.019382	0.022907	0.019384
3.600000	-0.000000	0.000000	0.022236	0.019096	0.022236	0.019096
3.650000	-0.000000	0.000000	0.021323	0.018665	0.021323	0.018665
3.700000	-0.000000	0.000000	0.020597	0.018457	0.020597	0.018457
3.750000	-0.000000	0.000000	0.019847	0.018631	0.019847	0.018631
3.800000	-0.000000	0.000000	0.019227	0.018423	0.019227	0.018423
3.850000	-0.000000	0.000000	0.018440	0.018242	0.018440	0.018242
3.900000	-0.000000	0.000000	0.017427	0.018179	0.017427	0.018179
3.950000	-0.000000	0.000000	0.016829	0.018091	0.016829	0.018091
4.000000	-0.000000	0.000000	0.016370	0.017962	0.016370	0.017962
4.050000	-0.000000	0.000000	0.015584	0.017837	0.015584	0.017837
4.100000	-0.000000	0.000000	0.014769	0.017597	0.014769	0.017597
4.150000	-0.000000	0.000000	0.014214	0.017466	0.014214	0.017466
4.200000	-0.000000	0.000000	0.013736	0.017440	0.013736	0.017440
4.250000	-0.000000	0.000000	0.013112	0.017536	0.013112	0.017536
4.300000	-0.000000	0.000000	0.012250	0.017159	0.012250	0.017159
4.350000	-0.000000	0.000000	0.011669	0.016883	0.011669	0.016883
4.400000	-0.000000	0.000000	0.011363	0.016707	0.011363	0.016707
4.450000	-0.000000	0.000000	0.011129	0.016694	0.011129	0.016694
4.500000	-0.000000	0.000000	0.010446	0.016803	0.010446	0.016803
4.550000	-0.000000	0.000000	0.009771	0.016795	0.009771	0.016795
4.600000	-0.000000	0.000000	0.009384	0.016505	0.009384	0.016505
4.650000	-0.000000	0.000000	0.008825	0.015968	0.008825	0.015968
4.700000	-0.000000	0.000000	0.008525	0.016026	0.008525	0.016026
4.750000	-0.000000	0.000000	0.008122	0.015935	0.008122	0.015935
4.800000	-0.000000	0.000000	0.007753	0.015600	0.007753	0.015600
4.850000	-0.000000	0.000000	0.007318	0.015173	0.007318	0.015173
4.900000	-0.000000	0.000000	0.006642	0.015082	0.006642	0.015082
4.950000	-0.000000	0.000000	0.006245	0.015185	0.006245	0.015185
5.000000	-0.000000	0.000000	0.005841	0.015125	0.005841	0.015125
5.050000	-0.000000	0.000000	0.005667	0.014771	0.005667	0.014771
5.100000	-0.000000	0.000000	0.005292	0.014341	0.005292	0.014341
5.150000	-0.000000	0.000000	0.004730	0.014395	0.004730	0.014395
5.200000	-0.000000	0.000000	0.004545	0.014350	0.004545	0.014350
5.250000	-0.000000	0.000000	0.004308	0.014003	0.004308	0.014003
5.300000	-0.000000	0.000000	0.004008	0.014099	0.004008	0.014099
5.350000	-0.000000	0.000000	0.003733	0.014038	0.003733	0.014038
5.400000	-0.000000	0.000000	0.003411	0.013478	0.003411	0.013478
5.450000	-0.000000	0.000000	0.003323	0.013058	0.003323	0.013058
5.500000	-0.000000	0.000000	0.003085	0.013233	0.003085	0.013233
5.550000	-0.000000	0.000000	0.002643	0.013142	0.002643	0.013142
5.600000	-0.000000	0.000000	0.002694	0.012883	0.002694	0.012883
5.650000	-0.000000	0.000000	0.002718	0.012572	0.002718	0.012572
5.700000	-0.000000	0.000000	0.002163	0.012238	0.002163	0.012238
5.750000	-0.000000	0.000000	0.002001	0.012428	0.002001	0.012428
5.800000	-0.000000	0.000000	0.001939	0.012448	0.001939	0.012448
5.850000	-0.000000	0.000000	0.001651	0.012166	0.001651	0.012166
5.900000	-0.000000	0.000000	0.001611	0.011683	0.001611	0.011683
5.950000	-0.000000	0.000000	0.001360	0.011643	0.001360	0.011643
6.000000	-0.000000	0.000000	0.001403	0.011731	0.001403	0.011731
6.050000	-0.000000	0.000000	0.001356	0.011462	0.001356	0.011462
6.100000	-0.000000	0.000000	0.001210	0.011057	0.001210	0.011057
6.150000	-0.000000	0.000000	0.001103	0.010682	0.001103	0.010682
6.200000	-0.000000	0.000000	0.000991	0.010858	0.000991	0.010858
6.250000	-0.000000	0.000000	0.000839	0.010886	0.000839	0.010886
6.300000	-0.000000	0.000000	0.000380	0.010491	0.000380	0.010491
6.350000	-0.000000	0.000000	0.000209	0.010283	0.000209	0.010283
6.400000	-0.000000	0.000000	0.000268	0.009988	0.000268	0.009988
6.450000	-0.000000	0.000000	0.000396	0.010051	0.000396	0.010051
6.500000	-0.000000	0.000000	0.000254	0.009946	0.000254	0.009946
6.550000	-0.000000	0.000000	0.000119	0.009774	0.000119	0.009774
6.600000	-0.000000	0.000000	0.000040	0.009360	0.000040	0.009360
6.650000	-0.000000	0.000000	0.000040	0.009382	0.000040	0.009382
6.700000	-0.000000	0.000000	0.000128	0.009387	0.000128	0.009387
6.750000	-0.000000	0.000000	0.000181	0.009179	0.000181	0.009179
6.800000	-0.000000	0.000000	0.000131	0.008709	0.000131	0.008709
6.850000	-0.000000	0.000000	-0.000059	0.008385	-0.000059	0.008385
6.900000	-0.000000	0.000000	-0.000276	0.008412	-0.000276	0.008412
6.950000	-0.000000	0.000000	-0.000692	0.008342	-0.000692	0.008342
7.000000	-0.000000	0.000000	-0.000514	0.008166	-0.000514	0.008166
7.050000	-0.000000	0.000000	-0.000235	0.008009	-0.000235	0.008009
7.100000	-0.000000	0.000000	-0.000241	0.007806	-0.000241	0.007806
7.150000	-0.000000	0.000000	-0.000409	0.007706	-0.000409	0.007706
7.200000	-0.000000	0.000000	-0.000580	0.007420	-0.000580	0.007420
7.250000	-0.000000	0.000000	-0.000503	0.007219	-0.000503	0.007219
7.300000	-0.000000	0.000000	-0.000399	0.007314	-0.000399	0.007314
7.350000	-0.000000	0.000000	-0.000465	0.007300	-0.000465	0.007300
7.400000	-0.000000	0.000000	-0.000803	0.007068	-0.000803	0.007068
7.450000	-0.000000	0.000000	-0.000938	0.006877	-0.000938	0.006877
7.500000	-0.000000	0.000000	-0.000807	0.006835	-0.000807	0.006835
7.550000	-0.000000	0.000000	-0.000823	0.006695	-0.000823	0.006695
7.600000	-0.000000	0.000000	-0.000944	0.006410	-0.000944	0.006410
7.650000	-0.000000	0.000000	-0.001100	0.006152	-0.001100	0.006152
7.700000	-0.000000	0.000000	-0.000997	0.005835	-0.000997	0.005835
7.750000	-0.000000	0.000000	-0.000991	0.005799	-0.000991	0.005799
7.800000	-0.000000	0.000000	-0.001032	0.005609	-0.001032	0.005609
7.850000	-0.000000	0.000000	-0.000899	0.005313	-0.000899	0.005313
7.900000	-0.000000	0.000000	-0.001100	0.005183	-0.001100	0.005183
7.950000	-0.000000	0.000000	-0.001190	0.005140	-0.001190	0.005140
8.000000	-0.000000	0.000000	-0.001144	0.005048	-0.001144	0.005048
8.050000	-0.000000	0.000000	-0.000920	0.004788	-0.000920	0.004788
8.100000	-0.000000	0.000000	-0.000795	0.004623	-0.000795	0.004623
8.150000	-0.000000	0.000000	-0.000983	0.004732	-0.000983	0.004732
8.200000	-0.000000	0.000000	-0.001133	0.004726	-0.001133	0.004726
8.250000	-0.000000	0.000000	-0.001170	0.004264	-0.001170	0.004264
8.300000	-0.000000	0.000000	-0.001204	0.003714	-0.001204	0.003714
8.350000	-0.000000	0.000000	-0.000971	0.003579	-0.000971	0.003579
8.400000	-0.000000	0.000000	-0.000874	0.003844	-0.000874	0.003844
8.450000	-0.000000	0.000000	-0.001043	0.003847	-0.001043	0.003847
8.500000	-0.000000	0.000000	-0.001247	0.003309	-0.001247	0.003309
8.550000	-0.000000	0.000000	-0.001019	0.002786	-0.001019	0.002786
8.600000	-0.000000	0.000000	-0.000652	0.002998	-0.000652	0.002998
8.650000	-0.000000	0.000000	-0.000818	0.003173	-0.000818	0.003173
8.700000	-0.000000	0.000000	-0.001039	0.002829	-0.001039	0.002829
8.750000	-0.000000	0.000000	-0.000902	0.002475	-0.000902	0.002475
8.800000	-0.000000	0.000000	-0.000586	0.002378	-0.000586	0.002378
8.850000	-0.000000	0.000000	-0.000373	0.002586	-0.000373	0.002586
8.900000	-0.000000	0.000000	-0.000527	0.002432	-0.000527	0.002432
8.950000	-0.000000	0.000000	-0.000655	0.002150	-0.000655	0.002150
9.000000	-0.000000	0.000000	-0.000611	0.002004	-0.000611	0.002004
9.050000	-0.000000	0.000000	-0.000366	0.001985	-0.000366	0.001985
9.100000	-0.000000	0.000000	-0.000074	0.001801	-0.000074	0.001801
9.150000	-0.000000	0.000000	-0.000177	0.001408	-0.000177	0.001408
9.200000	-0.000000	0.000000	-0.000144	0.001528	-0.000144	0.001528
9.250000	-0.000000	0.000000	-0.000197	0.001338	-0.000197	0.001338
9.300000	-0.000000	0.000000	-0.000139	0.001419	-0.000139	0.001419
9.350000	-0.000000	0.000000	0.000050	0.001363	0.000050	0.001363
9.400000	-0.000000	0.000000	0.000110	0.001156	0.000110	0.001156
9.450000	-0.000000	0.000000	0.000240	0.001119	0.000240	0.001119
9.500000	-0.000000	0.000000	0.000289	0.001175	0.000289	0.001175
9.550000	-0.000000	0.000000	0.000190	0.001141	0.000190	0.001141
9.600000	-0.000000	0.000000	0.000103	0.001225	0.000103	0.001225
9.650000	-0.000000	0.000000	0.000144	0.001262	0.000144	0.001262
9.700000	-0.000000	0.000000	0.000091	0.001278	0.000091	0.001278
9.750000	-0.000000	0.000000	0.000031	0.000931	0.000031	0.000931
