0.05 0.833352 0.080611
0.1 0.757123 0.088552
0.15 0.671078 0.094021
0.2 0.580577 0.095970
0.25 0.489930 0.093768
0.3 0.402206 0.088220
0.35 0.321421 0.079896
0.4 0.250885 0.069628
0.45 0.192148 0.058879
0.5 0.144647 0.048721
0.55 0.107561 0.040207
0.6 0.080172 0.033631
0.65 0.060518 0.028699
0.7 0.047066 0.025244
0.75 0.038543 0.022868
0.8 0.033480 0.021406
0.85 0.030357 0.020350
0.9 0.028227 0.019736
0.95 0.026977 0.019662
1 0.026040 0.019930
1.05 0.025212 0.019684
1.1 0.024446 0.019314
1.15 0.023586 0.019344
1.2 0.022907 0.019384
1.25 0.022236 0.019096
1.3 0.021323 0.018665
1.35 0.020597 0.018457
1.4 0.019847 0.018631
1.45 0.019227 0.018423
1.5 0.018440 0.018242
1.55 0.017427 0.018179
1.6 0.016829 0.018091
1.65 0.016370 0.017962
1.7 0.015584 0.017837
1.75 0.014769 0.017597
1.8 0.014214 0.017466
1.85 0.013736 0.017440
1.9 0.013112 0.017536
1.95 0.012250 0.017159
2 0.011669 0.016883
2.05 0.011363 0.016707
2.1 0.011129 0.016694
2.15 0.010446 0.016803
2.2 0.009771 0.016795
2.25 0.009384 0.016505
2.3 0.008825 0.015968
2.35 0.008525 0.016026
2.4 0.008122 0.015935
2.45 0.007753 0.015600
2.5 0.007318 0.015173
2.55 0.006642 0.015082
2.6 0.006245 0.015185
2.65 0.005841 0.015125
2.7 0.005667 0.014771
2.75 0.005292 0.014341
2.8 0.004730 0.014395
2.85 0.004545 0.014350
2.9 0.004308 0.014003
2.95 0.004008 0.014099
3 0.003733 0.014038
3.05 0.003411 0.013478
3.1 0.003323 0.013058
3.15 0.003085 0.013233
3.2 0.002643 0.013142
3.25 0.002694 0.012883
3.3 0.002718 0.012572
3.35 0.002163 0.012238
3.4 0.002001 0.012428
3.45 0.001939 0.012448
3.5 0.001651 0.012166
3.55 0.001611 0.011683
3.6 0.001360 0.011643
3.65 0.001403 0.011731
3.7 0.001356 0.011462
3.75 0.001210 0.011057
3.8 0.001103 0.010682
3.85 0.000991 0.010858
3.9 0.000839 0.010886
3.95 0.000380 0.010491
4 0.000209 0.010283
4.05 0.000268 0.009988
4.1 0.000396 0.010051
4.15 0.000254 0.009946
4.2 0.000119 0.009774
4.25 0.000040 0.009360
4.3 0.000040 0.009382
4.35 0.000128 0.009387
4.4 0.000181 0.009179
4.45 0.000131 0.008709
4.5 -0.000059 0.008385
4.55 -0.000276 0.008412
4.6 -0.000692 0.008342
4.65 -0.000514 0.008166
4.7 -0.000235 0.008009
4.75 -0.000241 0.007806
4.8 -0.000409 0.007706
4.85 -0.000580 0.007420
4.9 -0.000503 0.007219
4.95 -0.000399 0.007314
5 -0.000465 0.007300
5.05 -0.000803 0.007068
5.1 -0.000938 0.006877
5.15 -0.000807 0.006835
5.2 -0.000823 0.006695
5.25 -0.000944 0.006410
5.3 -0.001100 0.006152
5.35 -0.000997 0.005835
5.4 -0.000991 0.005799
5.45 -0.001032 0.005609
5.5 -0.000899 0.005313
5.55 -0.001100 0.005183
5.6 -0.001190 0.005140
5.65 -0.001144 0.005048
5.7 -0.000920 0.004788
5.75 -0.000795 0.004623
5.8 -0.000983 0.004732
5.85 -0.001133 0.004726
5.9 -0.001170 0.004264
5.95 -0.001204 0.003714
6 -0.000971 0.003579
6.05 -0.000874 0.003844
6.1 -0.001043 0.003847
6.15 -0.001247 0.003309
6.2 -0.001019 0.002786
6.25 -0.000652 0.002998
6.3 -0.000818 0.003173
6.35 -0.001039 0.002829
6.4 -0.000902 0.002475
6.45 -0.000586 0.002378
6.5 -0.000373 0.002586
6.55 -0.000527 0.002432
6.6 -0.000655 0.002150
6.65 -0.000611 0.002004
6.7 -0.000366 0.001985
6.75 -0.000074 0.001801
6.8 -0.000177 0.001408
6.85 -0.000144 0.001528
6.9 -0.000197 0.001338
6.95 -0.000139 0.001419
7 0.000050 0.001363
7.05 0.000110 0.001156
7.1 0.000240 0.001119
7.15 0.000289 0.001175
7.2 0.000190 0.001141
7.25 0.000103 0.001225
7.3 0.000144 0.001262
7.35 0.000091 0.001278
7.4 0.000031 0.000931
