-10.298500
-10.277000
-10.255500
-10.234000
-10.212500
-10.191000
-10.169500
-10.148000
-10.126500
-10.105000
-10.083500
-10.062000
-10.040500
-10.019000
-9.997500
-9.976000
-9.954500
-9.933000
-9.911500
-9.890000
-9.868500
-9.847000
-9.825500
-9.804000
-9.782500
-9.761000
-9.739500
-9.718000
-9.696500
-9.675000
-9.653500
-9.632000
-9.610500
-9.589000
-9.567500
-9.546000
-9.524500
-9.503000
-9.481500
-9.460000
-9.438500
-9.417000
-9.395500
-9.374000
-9.352500
-9.331000
-9.309500
-9.288000
-9.266500
-9.245000
-9.223500
-9.202000
-9.180500
-9.159000
-9.137500
-9.116000
-9.094500
-9.073000
-9.051500
-9.030000
-9.008500
-8.987000
-8.965500
-8.944000
-8.922500
-8.901000
-8.879500
-8.858000
-8.836500
-8.815000
-8.793500
-8.772000
-8.750500
-8.729000
-8.707500
-8.686000
-8.664500
-8.643000
-8.621500
-8.600000
-8.578500
-8.557000
-8.535500
-8.514000
-8.492500
-8.471000
-8.449500
-8.428000
-8.406500
-8.385000
-8.363500
-8.342000
-8.320500
-8.299000
-8.277500
-8.256000
-8.234500
-8.213000
-8.191500
-8.170000
-8.148500
-8.127000
-8.105500
-8.084000
-8.062500
-8.041000
-8.019500
-7.998000
-7.976500
-7.955000
-7.933500
-7.912000
-7.890500
-7.869000
-7.847500
-7.826000
-7.804500
-7.783000
-7.761500
-7.740000
-7.718500
-7.697000
-7.675500
-7.654000
-7.632500
-7.611000
-7.589500
-7.568000
-7.546500
-7.525000
-7.503500
-7.482000
-7.460500
-7.439000
-7.417500
-7.396000
-7.374500
-7.353000
-7.331500
-7.310000
-7.288500
-7.267000
-7.245500
-7.224000
-7.202500
-7.181000
-7.159500
-7.138000
-7.116500
-7.095000
-7.073500
-7.052000
-7.030500
-7.009000
-6.987500
-6.966000
-6.944500
-6.923000
-6.901500
-6.880000
-6.858500
-6.837000
-6.815500
-6.794000
-6.772500
-6.751000
-6.729500
-6.708000
-6.686500
-6.665000
-6.643500
-6.622000
-6.600500
-6.579000
-6.557500
-6.536000
-6.514500
-6.493000
-6.471500
-6.450000
-6.428500
-6.407000
-6.385500
-6.364000
-6.342500
-6.321000
-6.299500
-6.278000
-6.256500
-6.235000
-6.213500
-6.192000
-6.170500
-6.149000
-6.127500
-6.106000
-6.084500
-6.063000
-6.041500
-6.020000
-5.998500
-5.977000
-5.955500
-5.934000
-5.912500
-5.891000
-5.869500
-5.848000
-5.826500
-5.805000
-5.783500
-5.762000
-5.740500
-5.719000
-5.697500
-5.676000
-5.654500
-5.633000
-5.611500
-5.590000
-5.568500
-5.547000
-5.525500
-5.504000
-5.482500
-5.461000
-5.439500
-5.418000
-5.396500
-5.375000
-5.353500
-5.332000
-5.310500
-5.289000
-5.267500
-5.246000
-5.224500
-5.203000
-5.181500
-5.160000
-5.138500
-5.117000
-5.095500
-5.074000
-5.052500
-5.031000
-5.009500
-4.988000
-4.966500
-4.945000
-4.923500
-4.902000
-4.880500
-4.859000
-4.837500
-4.816000
-4.794500
-4.773000
-4.751500
-4.730000
-4.708500
-4.687000
-4.665500
-4.644000
-4.622500
-4.601000
-4.579500
-4.558000
-4.536500
-4.515000
-4.493500
-4.472000
-4.450500
-4.429000
-4.407500
-4.386000
-4.364500
-4.343000
-4.321500
-4.300000
-4.278500
-4.257000
-4.235500
-4.214000
-4.192500
-4.171000
-4.149500
-4.128000
-4.106500
-4.085000
-4.063500
-4.042000
-4.020500
-3.999000
-3.977500
-3.956000
-3.934500
-3.913000
-3.891500
-3.870000
-3.848500
-3.827000
-3.805500
-3.784000
-3.762500
-3.741000
-3.719500
-3.698000
-3.676500
-3.655000
-3.633500
-3.612000
-3.590500
-3.569000
-3.547500
-3.526000
-3.504500
-3.483000
-3.461500
-3.440000
-3.418500
-3.397000
-3.375500
-3.354000
-3.332500
-3.311000
-3.289500
-3.268000
-3.246500
-3.225000
-3.203500
-3.182000
-3.160500
-3.139000
-3.117500
-3.096000
-3.074500
-3.053000
-3.031500
-3.010000
-2.988500
-2.967000
-2.945500
-2.924000
-2.902500
-2.881000
-2.859500
-2.838000
-2.816500
-2.795000
-2.773500
-2.752000
-2.730500
-2.709000
-2.687500
-2.666000
-2.644500
-2.623000
-2.601500
-2.580000
-2.558500
-2.537000
-2.515500
-2.494000
-2.472500
-2.451000
-2.429500
-2.408000
-2.386500
-2.365000
-2.343500
-2.322000
-2.300500
-2.279000
-2.257500
-2.236000
-2.214500
-2.193000
-2.171500
-2.150000
-2.128500
-2.107000
-2.085500
-2.064000
-2.042500
-2.021000
-1.999500
-1.978000
-1.956500
-1.935000
-1.913500
-1.892000
-1.870500
-1.849000
-1.827500
-1.806000
-1.784500
-1.763000
-1.741500
-1.720000
-1.698500
-1.677000
-1.655500
-1.634000
-1.612500
-1.591000
-1.569500
-1.548000
-1.526500
-1.505000
-1.483500
-1.462000
-1.440500
-1.419000
-1.397500
-1.376000
-1.354500
-1.333000
-1.311500
-1.290000
-1.268500
-1.247000
-1.225500
-1.204000
-1.182500
-1.161000
-1.139500
-1.118000
-1.096500
-1.075000
-1.053500
-1.032000
-1.010500
-0.989000
-0.967500
-0.946000
-0.924500
-0.903000
-0.881500
-0.860000
-0.838500
-0.817000
-0.795500
-0.774000
-0.752500
-0.731000
-0.709500
-0.688000
-0.666500
-0.645000
-0.623500
-0.602000
-0.580500
-0.559000
-0.537500
-0.516000
-0.494500
-0.473000
-0.451500
-0.430000
-0.408500
-0.387000
-0.365500
-0.344000
-0.322500
-0.301000
-0.279500
-0.258000
-0.236500
-0.215000
-0.193500
-0.172000
-0.150500
-0.129000
-0.107500
-0.086000
-0.064500
-0.043000
-0.021500
0.000000
0.021500
0.043000
0.064500
0.086000
0.107500
0.129000
0.150500
0.172000
0.193500
0.215000
0.236500
0.258000
0.279500
0.301000
0.322500
0.344000
0.365500
0.387000
0.408500
0.430000
0.451500
0.473000
0.494500
0.516000
0.537500
0.559000
0.580500
0.602000
0.623500
0.645000
0.666500
0.688000
0.709500
0.731000
0.752500
0.774000
0.795500
0.817000
0.838500
0.860000
0.881500
0.903000
0.924500
0.946000
0.967500
0.989000
1.010500
1.032000
1.053500
1.075000
1.096500
1.118000
1.139500
1.161000
1.182500
1.204000
1.225500
1.247000
1.268500
1.290000
1.311500
1.333000
1.354500
1.376000
1.397500
1.419000
1.440500
1.462000
1.483500
1.505000
1.526500
1.548000
1.569500
1.591000
1.612500
1.634000
1.655500
1.677000
1.698500
1.720000
1.741500
1.763000
1.784500
1.806000
1.827500
1.849000
1.870500
1.892000
1.913500
1.935000
1.956500
1.978000
1.999500
2.021000
2.042500
2.064000
2.085500
2.107000
2.128500
2.150000
2.171500
2.193000
2.214500
2.236000
2.257500
2.279000
2.300500
2.322000
2.343500
2.365000
2.386500
2.408000
2.429500
2.451000
2.472500
2.494000
2.515500
2.537000
2.558500
2.580000
2.601500
2.623000
2.644500
2.666000
2.687500
2.709000
2.730500
2.752000
2.773500
2.795000
2.816500
2.838000
2.859500
2.881000
2.902500
2.924000
2.945500
2.967000
2.988500
3.010000
3.031500
3.053000
3.074500
3.096000
3.117500
3.139000
3.160500
3.182000
3.203500
3.225000
3.246500
3.268000
3.289500
3.311000
3.332500
3.354000
3.375500
3.397000
3.418500
3.440000
3.461500
3.483000
3.504500
3.526000
3.547500
3.569000
3.590500
3.612000
3.633500
3.655000
3.676500
3.698000
3.719500
3.741000
3.762500
3.784000
3.805500
3.827000
3.848500
3.870000
3.891500
3.913000
3.934500
3.956000
3.977500
3.999000
4.020500
4.042000
4.063500
4.085000
4.106500
4.128000
4.149500
4.171000
4.192500
4.214000
4.235500
4.257000
4.278500
4.300000
4.321500
4.343000
4.364500
4.386000
4.407500
4.429000
4.450500
4.472000
4.493500
4.515000
4.536500
4.558000
4.579500
4.601000
4.622500
4.644000
4.665500
4.687000
4.708500
4.730000
4.751500
4.773000
4.794500
4.816000
4.837500
4.859000
4.880500
4.902000
4.923500
4.945000
4.966500
4.988000
5.009500
5.031000
5.052500
5.074000
5.095500
5.117000
5.138500
5.160000
5.181500
5.203000
5.224500
5.246000
5.267500
5.289000
5.310500
5.332000
5.353500
5.375000
5.396500
5.418000
5.439500
5.461000
5.482500
5.504000
5.525500
5.547000
5.568500
5.590000
5.611500
5.633000
5.654500
5.676000
5.697500
5.719000
5.740500
5.762000
5.783500
5.805000
5.826500
5.848000
5.869500
5.891000
5.912500
5.934000
5.955500
5.977000
5.998500
6.020000
6.041500
6.063000
6.084500
6.106000
6.127500
6.149000
6.170500
6.192000
6.213500
6.235000
6.256500
6.278000
6.299500
6.321000
6.342500
6.364000
6.385500
6.407000
6.428500
6.450000
6.471500
6.493000
6.514500
6.536000
6.557500
6.579000
6.600500
6.622000
6.643500
6.665000
6.686500
6.708000
6.729500
6.751000
6.772500
6.794000
6.815500
6.837000
6.858500
6.880000
6.901500
6.923000
6.944500
6.966000
6.987500
7.009000
7.030500
7.052000
7.073500
7.095000
7.116500
7.138000
7.159500
7.181000
7.202500
7.224000
7.245500
7.267000
7.288500
7.310000
7.331500
7.353000
7.374500
7.396000
7.417500
7.439000
7.460500
7.482000
7.503500
7.525000
7.546500
7.568000
7.589500
7.611000
7.632500
7.654000
7.675500
7.697000
7.718500
7.740000
7.761500
7.783000
7.804500
7.826000
7.847500
7.869000
7.890500
7.912000
7.933500
7.955000
7.976500
7.998000
8.019500
8.041000
8.062500
8.084000
8.105500
8.127000
8.148500
8.170000
8.191500
8.213000
8.234500
8.256000
8.277500
8.299000
8.320500
8.342000
8.363500
8.385000
8.406500
8.428000
8.449500
8.471000
8.492500
8.514000
8.535500
8.557000
8.578500
8.600000
8.621500
8.643000
8.664500
8.686000
8.707500
8.729000
8.750500
8.772000
8.793500
8.815000
8.836500
8.858000
8.879500
8.901000
8.922500
8.944000
8.965500
8.987000
9.008500
9.030000
9.051500
9.073000
9.094500
9.116000
9.137500
9.159000
9.180500
9.202000
9.223500
9.245000
9.266500
9.288000
9.309500
9.331000
9.352500
9.374000
9.395500
9.417000
9.438500
9.460000
9.481500
9.503000
9.524500
9.546000
9.567500
9.589000
9.610500
9.632000
9.653500
9.675000
9.696500
9.718000
9.739500
9.761000
9.782500
9.804000
9.825500
9.847000
9.868500
9.890000
9.911500
9.933000
9.954500
9.976000
9.997500
10.019000
10.040500
10.062000
10.083500
10.105000
10.126500
10.148000
10.169500
10.191000
10.212500
10.234000
10.255500
10.277000
10.298500
