1.121100	1.666667	0.471405	0.000000	0.000000	0.333333	0.471405	1.000000	0.000000	0.166667	0.372678	1.000000	0.000000	0.666667	0.471405	0.000000	0.000000
1.168406	1.987342	0.684247	0.000000	0.000000	0.265823	0.441770	1.000000	0.000000	0.329114	0.469891	1.000000	0.000000	0.746835	0.434824	0.000000	0.000000
1.215712	1.988889	0.641083	0.037037	0.188853	0.262963	0.440242	1.033333	0.179505	0.337037	0.538618	0.951852	0.260868	0.725926	0.446046	0.000000	0.000000
1.263018	2.001418	0.681049	0.038298	0.191914	0.313475	0.487754	1.042553	0.228232	0.302128	0.533484	0.954610	0.373877	0.649645	0.477081	0.000000	0.000000
1.310324	1.935890	0.768893	0.065827	0.247980	0.370922	0.621888	1.028620	0.360125	0.373211	0.566508	0.946193	0.525776	0.627361	0.483507	0.000000	0.000000
1.357630	1.852363	0.814268	0.107845	0.310913	0.472756	0.724006	1.013792	0.461534	0.422112	0.606118	0.957495	0.619600	0.574949	0.494351	0.000000	0.000000
1.404936	1.815161	0.857512	0.134232	0.341805	0.634540	0.819714	0.955976	0.540973	0.435816	0.617449	0.897655	0.649653	0.551944	0.497294	0.000000	0.000000
1.452242	1.804864	0.885822	0.149373	0.356744	0.781828	0.881074	0.896030	0.586676	0.413770	0.606483	0.856232	0.649495	0.537536	0.498589	0.000000	0.000000
1.499548	1.772757	0.895360	0.143436	0.351360	0.891868	0.895507	0.880297	0.619884	0.375355	0.581105	0.836707	0.634235	0.507605	0.499942	0.000000	0.000000
1.546854	1.780194	0.899759	0.130844	0.338151	0.990060	0.892559	0.882702	0.663562	0.343822	0.551453	0.836811	0.634596	0.446787	0.497160	0.000000	0.000000
1.594160	1.807674	0.905469	0.120805	0.327041	1.075050	0.886425	0.916305	0.716888	0.330444	0.529907	0.844941	0.660353	0.351875	0.477555	0.000000	0.000000
1.641466	1.863219	0.909283	0.117136	0.323763	1.148785	0.901484	0.986303	0.765559	0.319072	0.512312	0.803587	0.685948	0.272605	0.445299	0.000000	0.000000
1.688772	1.924361	0.921647	0.120910	0.328942	1.235979	0.946701	1.047077	0.799068	0.317724	0.511686	0.730163	0.698512	0.217481	0.412533	0.000011	0.003353
1.736078	1.973860	0.937681	0.135362	0.347636	1.315855	0.993853	1.092567	0.815430	0.326010	0.515732	0.647814	0.693757	0.193013	0.394663	0.000112	0.010565
1.783384	2.035077	0.961483	0.153651	0.367841	1.374582	1.024262	1.128759	0.826983	0.343000	0.520628	0.564093	0.676435	0.174811	0.379813	0.000078	0.008814
1.830690	2.078680	0.990865	0.179688	0.391635	1.415046	1.046645	1.155185	0.841186	0.363791	0.522997	0.497322	0.650467	0.154639	0.361580	0.000069	0.008297
1.877996	2.100545	1.008798	0.209082	0.413659	1.430650	1.066285	1.186020	0.857308	0.390406	0.528012	0.443970	0.621824	0.131925	0.338416	0.000101	0.010065
1.925302	2.126106	1.016594	0.235756	0.430806	1.448072	1.076577	1.212327	0.868252	0.405281	0.527700	0.389310	0.584961	0.111753	0.315068	0.000134	0.011571
1.972608	2.170218	1.020435	0.255495	0.442531	1.478175	1.078260	1.233914	0.879978	0.407530	0.525475	0.325897	0.535242	0.093995	0.291828	0.000259	0.016089
2.019914	2.227687	1.013955	0.266393	0.448941	1.515871	1.069365	1.249241	0.891273	0.392059	0.519094	0.262252	0.479574	0.079293	0.270196	0.000411	0.020260
2.067220	2.293533	0.996692	0.270865	0.452804	1.555263	1.062664	1.264884	0.916918	0.363732	0.510623	0.201389	0.422698	0.066698	0.249499	0.000622	0.024931
2.114526	2.355885	0.969674	0.272464	0.453821	1.601198	1.049845	1.272312	0.943902	0.324702	0.496701	0.152036	0.369362	0.053018	0.224087	0.000755	0.027473
2.161832	2.427306	0.933217	0.275584	0.455034	1.642200	1.029722	1.268505	0.961565	0.280859	0.475659	0.109264	0.316069	0.039527	0.194867	0.000706	0.026553
2.209138	2.508151	0.900740	0.284299	0.458246	1.668645	1.009426	1.238112	0.965422	0.239359	0.452007	0.078132	0.269779	0.027500	0.163535	0.000999	0.031591
2.256444	2.611146	0.883103	0.295341	0.462618	1.667446	0.993204	1.194250	0.963540	0.201316	0.423130	0.053322	0.225514	0.016795	0.128501	0.001283	0.035799
2.303750	2.733101	0.890351	0.307422	0.466564	1.647186	0.984842	1.127366	0.946446	0.170899	0.394538	0.033121	0.179146	0.009506	0.097034	0.001728	0.041529
2.351056	2.859722	0.910512	0.324661	0.472943	1.606377	0.982889	1.052727	0.926659	0.144022	0.364289	0.019134	0.137067	0.004648	0.068094	0.002229	0.047162
2.398362	3.003097	0.955145	0.329876	0.474407	1.544618	0.993465	0.978869	0.906024	0.126674	0.344495	0.010332	0.101120	0.002777	0.052620	0.002503	0.049966
2.445668	3.145603	0.992119	0.325741	0.471700	1.444293	1.007275	0.944121	0.900331	0.116440	0.333332	0.005064	0.070980	0.001955	0.044170	0.003267	0.057067
2.492974	3.287973	1.027106	0.321759	0.469008	1.308777	1.021504	0.947107	0.900564	0.108324	0.322295	0.002759	0.052455	0.001683	0.040991	0.003739	0.061030
2.540280	3.451308	1.060677	0.302814	0.460836	1.118039	1.024051	1.005417	0.919956	0.094449	0.300748	0.001209	0.034745	0.002158	0.046408	0.004144	0.064240
2.587586	3.643362	1.066187	0.273210	0.446511	0.929610	1.003577	1.054789	0.930196	0.068522	0.255236	0.000403	0.020067	0.000806	0.028374	0.003699	0.060706
2.634892	3.877492	1.070749	0.241176	0.428879	0.729753	0.952696	1.080524	0.924115	0.047878	0.214127	0.000199	0.014093	0.000199	0.014093	0.005099	0.071225
2.682198	4.195398	1.109260	0.172124	0.377836	0.537804	0.877536	1.042341	0.887221	0.026036	0.159241	0.000657	0.025633	0.000000	0.000000	0.007758	0.087737
2.729504	4.523161	1.187147	0.117847	0.322427	0.369210	0.759389	0.923706	0.848994	0.027475	0.163463	0.001362	0.036886	0.000000	0.000000	0.012716	0.112045
2.776810	4.848400	1.249793	0.053122	0.224277	0.199751	0.588425	0.812053	0.881851	0.015843	0.124870	0.000621	0.024918	0.000000	0.000000	0.017707	0.131886
2.824116	5.275325	1.170717	0.027458	0.163415	0.065677	0.347466	0.584045	0.879938	0.005937	0.076822	0.000000	0.000000	0.000000	0.000000	0.019666	0.138850
2.871422	5.718681	0.941892	0.004396	0.066153	0.007692	0.122308	0.279487	0.693177	0.000366	0.019135	0.000000	0.000000	0.000000	0.000000	0.024176	0.153595
2.918728	5.963868	0.697357	0.000688	0.026225	0.002065	0.064227	0.069511	0.363492	0.000000	0.000000	0.000000	0.000000	0.000000	0.000000	0.015141	0.122114
2.966034	6.011156	0.619785	0.000000	0.000000	0.000000	0.000000	0.014874	0.152742	0.000000	0.000000	0.000000	0.000000	0.000000	0.000000	0.021072	0.143625
3.013340	6.019915	0.597282	0.000000	0.000000	0.000000	0.000000	0.006373	0.082845	0.000000	0.000000	0.000000	0.000000	0.000000	0.000000	0.026288	0.159990
3.060646	6.034475	0.579816	0.000000	0.000000	0.000000	0.000000	0.000238	0.015417	0.000000	0.000000	0.000000	0.000000	0.000000	0.000000	0.021874	0.146271
3.107952	6.035537	0.589435	0.000000	0.000000	0.000000	0.000000	0.000000	0.000000	0.000000	0.000000	0.000000	0.000000	0.000000	0.000000	0.018738	0.135598
3.155258	6.029183	0.576448	0.000000	0.000000	0.000000	0.000000	0.000000	0.000000	0.000000	0.000000	0.000000	0.000000	0.000000	0.000000	0.015160	0.122190
3.202564	6.044009	0.575820	0.000000	0.000000	0.000000	0.000000	0.000000	0.000000	0.000000	0.000000	0.000000	0.000000	0.000000	0.000000	0.014612	0.124219
3.249870	6.049040	0.571908	0.000000	0.000000	0.000000	0.000000	0.000000	0.000000	0.000000	0.000000	0.000000	0.000000	0.000000	0.000000	0.011398	0.107553
3.297176	6.056686	0.571247	0.000000	0.000000	0.000000	0.000000	0.000000	0.000000	0.000000	0.000000	0.000000	0.000000	0.000000	0.000000	0.008815	0.093472
3.344482	6.046742	0.563110	0.000000	0.000000	0.000000	0.000000	0.000000	0.000000	0.000000	0.000000	0.000000	0.000000	0.000000	0.000000	0.005688	0.075205
3.391788	6.055970	0.565260	0.000000	0.000000	0.000000	0.000000	0.000000	0.000000	0.000000	0.000000	0.000000	0.000000	0.000000	0.000000	0.006365	0.079528
3.439094	6.061446	0.562183	0.000000	0.000000	0.000000	0.000000	0.000000	0.000000	0.000000	0.000000	0.000000	0.000000	0.000000	0.000000	0.004977	0.070370
3.486400	6.054514	0.566277	0.000000	0.000000	0.000000	0.000000	0.000000	0.000000	0.000000	0.000000	0.000000	0.000000	0.000000	0.000000	0.006312	0.079198
3.533706	6.066175	0.574936	0.000000	0.000000	0.000000	0.000000	0.000000	0.000000	0.000000	0.000000	0.000000	0.000000	0.000000	0.000000	0.006267	0.078918
3.581012	6.053387	0.568351	0.000000	0.000000	0.000000	0.000000	0.000000	0.000000	0.000000	0.000000	0.000000	0.000000	0.000000	0.000000	0.006919	0.082892
3.628318	6.061602	0.571964	0.000000	0.000000	0.000000	0.000000	0.000000	0.000000	0.000000	0.000000	0.000000	0.000000	0.000000	0.000000	0.007428	0.085864
3.675624	6.059597	0.566880	0.000000	0.000000	0.000000	0.000000	0.000000	0.000000	0.000000	0.000000	0.000000	0.000000	0.000000	0.000000	0.005057	0.072022
3.722930	6.059544	0.572393	0.000000	0.000000	0.000000	0.000000	0.000000	0.000000	0.000000	0.000000	0.000000	0.000000	0.000000	0.000000	0.007148	0.084245
3.770236	6.046375	0.568784	0.000000	0.000000	0.000000	0.000000	0.000000	0.000000	0.000000	0.000000	0.000000	0.000000	0.000000	0.000000	0.007197	0.084532
3.817542	6.049654	0.564266	0.000000	0.000000	0.000000	0.000000	0.000000	0.000000	0.000000	0.000000	0.000000	0.000000	0.000000	0.000000	0.005735	0.075510
3.864848	6.054571	0.559438	0.000000	0.000000	0.000000	0.000000	0.000000	0.000000	0.000000	0.000000	0.000000	0.000000	0.000000	0.000000	0.004296	0.065402
3.912154	6.067615	0.564990	0.000000	0.000000	0.000000	0.000000	0.000000	0.000000	0.000000	0.000000	0.000000	0.000000	0.000000	0.000000	0.003897	0.062305
3.959460	6.065706	0.564000	0.000000	0.000000	0.000000	0.000000	0.000000	0.000000	0.000000	0.000000	0.000000	0.000000	0.000000	0.000000	0.003682	0.060564
4.006766	6.062665	0.561493	0.000000	0.000000	0.000000	0.000000	0.000000	0.000000	0.000000	0.000000	0.000000	0.000000	0.000000	0.000000	0.003598	0.059875
4.054072	6.067081	0.572179	0.000000	0.000000	0.000000	0.000000	0.000000	0.000000	0.000000	0.000000	0.000000	0.000000	0.000000	0.000000	0.004453	0.066578
4.101378	6.062594	0.570022	0.000000	0.000000	0.000000	0.000000	0.000000	0.000000	0.000000	0.000000	0.000000	0.000000	0.000000	0.000000	0.004750	0.068760
4.148684	6.063856	0.559976	0.000000	0.000000	0.000000	0.000000	0.000000	0.000000	0.000000	0.000000	0.000000	0.000000	0.000000	0.000000	0.003971	0.062888
4.195990	6.051086	0.555644	0.000000	0.000000	0.000000	0.000000	0.000000	0.000000	0.000000	0.000000	0.000000	0.000000	0.000000	0.000000	0.003482	0.058905
4.243296	6.058490	0.554651	0.000000	0.000000	0.000000	0.000000	0.000000	0.000000	0.000000	0.000000	0.000000	0.000000	0.000000	0.000000	0.004090	0.063824
4.290602	6.066143	0.560875	0.000000	0.000000	0.000000	0.000000	0.000000	0.000000	0.000000	0.000000	0.000000	0.000000	0.000000	0.000000	0.003447	0.058606
4.337908	6.063567	0.566577	0.000000	0.000000	0.000000	0.000000	0.000000	0.000000	0.000000	0.000000	0.000000	0.000000	0.000000	0.000000	0.002947	0.054208
4.385214	6.049527	0.555572	0.000000	0.000000	0.000000	0.000000	0.000000	0.000000	0.000000	0.000000	0.000000	0.000000	0.000000	0.000000	0.002881	0.053595
4.432520	6.063635	0.560113	0.000000	0.000000	0.000000	0.000000	0.000000	0.000000	0.000000	0.000000	0.000000	0.000000	0.000000	0.000000	0.002877	0.053558
4.479826	6.053460	0.553642	0.000000	0.000000	0.000000	0.000000	0.000000	0.000000	0.000000	0.000000	0.000000	0.000000	0.000000	0.000000	0.002917	0.053929
4.527132	6.054509	0.558645	0.000000	0.000000	0.000000	0.000000	0.000000	0.000000	0.000000	0.000000	0.000000	0.000000	0.000000	0.000000	0.002744	0.052312
4.574438	6.060340	0.561631	0.000000	0.000000	0.000000	0.000000	0.000000	0.000000	0.000000	0.000000	0.000000	0.000000	0.000000	0.000000	0.003347	0.057758
4.621744	6.055795	0.556702	0.000000	0.000000	0.000000	0.000000	0.000000	0.000000	0.000000	0.000000	0.000000	0.000000	0.000000	0.000000	0.002356	0.048484
4.669050	6.062447	0.562688	0.000000	0.000000	0.000000	0.000000	0.000000	0.000000	0.000000	0.000000	0.000000	0.000000	0.000000	0.000000	0.002836	0.053183
4.716356	6.069068	0.563327	0.000000	0.000000	0.000000	0.000000	0.000000	0.000000	0.000000	0.000000	0.000000	0.000000	0.000000	0.000000	0.001898	0.043530
4.763662	6.065575	0.555158	0.000000	0.000000	0.000000	0.000000	0.000000	0.000000	0.000000	0.000000	0.000000	0.000000	0.000000	0.000000	0.002352	0.048437
4.810968	6.062761	0.558331	0.000000	0.000000	0.000000	0.000000	0.000000	0.000000	0.000000	0.000000	0.000000	0.000000	0.000000	0.000000	0.002178	0.046618
4.858274	6.063239	0.563037	0.000000	0.000000	0.000000	0.000000	0.000000	0.000000	0.000000	0.000000	0.000000	0.000000	0.000000	0.000000	0.002150	0.046313
4.905580	6.069140	0.558053	0.000000	0.000000	0.000000	0.000000	0.000000	0.000000	0.000000	0.000000	0.000000	0.000000	0.000000	0.000000	0.001564	0.039513
4.952886	6.066558	0.563673	0.000000	0.000000	0.000000	0.000000	0.000000	0.000000	0.000000	0.000000	0.000000	0.000000	0.000000	0.000000	0.001549	0.039325
5.000192	6.062043	0.559470	0.000000	0.000000	0.000000	0.000000	0.000000	0.000000	0.000000	0.000000	0.000000	0.000000	0.000000	0.000000	0.002102	0.045796
5.047498	6.064544	0.557097	0.000000	0.000000	0.000000	0.000000	0.000000	0.000000	0.000000	0.000000	0.000000	0.000000	0.000000	0.000000	0.001639	0.040454
5.094804	6.065032	0.559034	0.000000	0.000000	0.000000	0.000000	0.000000	0.000000	0.000000	0.000000	0.000000	0.000000	0.000000	0.000000	0.001627	0.040301
5.142110	6.055897	0.558429	0.000000	0.000000	0.000000	0.000000	0.000000	0.000000	0.000000	0.000000	0.000000	0.000000	0.000000	0.000000	0.001874	0.043247
5.189416	6.061598	0.557953	0.000000	0.000000	0.000000	0.000000	0.000000	0.000000	0.000000	0.000000	0.000000	0.000000	0.000000	0.000000	0.001879	0.043303
5.236722	6.058611	0.555458	0.000000	0.000000	0.000000	0.000000	0.000000	0.000000	0.000000	0.000000	0.000000	0.000000	0.000000	0.000000	0.002185	0.046698
5.284028	6.058227	0.560469	0.000000	0.000000	0.000000	0.000000	0.000000	0.000000	0.000000	0.000000	0.000000	0.000000	0.000000	0.000000	0.001862	0.043107
5.331334	6.058256	0.560827	0.000000	0.000000	0.000000	0.000000	0.000000	0.000000	0.000000	0.000000	0.000000	0.000000	0.000000	0.000000	0.002411	0.049047
5.378640	6.059041	0.561997	0.000000	0.000000	0.000000	0.000000	0.000000	0.000000	0.000000	0.000000	0.000000	0.000000	0.000000	0.000000	0.002404	0.048976
5.425946	6.068403	0.567737	0.000000	0.000000	0.000000	0.000000	0.000000	0.000000	0.000000	0.000000	0.000000	0.000000	0.000000	0.000000	0.002514	0.050077
5.473252	6.062827	0.562452	0.000000	0.000000	0.000000	0.000000	0.000000	0.000000	0.000000	0.000000	0.000000	0.000000	0.000000	0.000000	0.002745	0.053736
5.520558	6.066369	0.559091	0.000000	0.000000	0.000000	0.000000	0.000000	0.000000	0.000000	0.000000	0.000000	0.000000	0.000000	0.000000	0.002589	0.051547
5.567864	6.064566	0.561933	0.000000	0.000000	0.000000	0.000000	0.000000	0.000000	0.000000	0.000000	0.000000	0.000000	0.000000	0.000000	0.002746	0.052330
5.615170	6.059625	0.563484	0.000000	0.000000	0.000000	0.000000	0.000000	0.000000	0.000000	0.000000	0.000000	0.000000	0.000000	0.000000	0.002859	0.053393
5.662476	6.060085	0.559771	0.000000	0.000000	0.000000	0.000000	0.000000	0.000000	0.000000	0.000000	0.000000	0.000000	0.000000	0.000000	0.002085	0.045611
5.709782	6.060104	0.555402	0.000000	0.000000	0.000000	0.000000	0.000000	0.000000	0.000000	0.000000	0.000000	0.000000	0.000000	0.000000	0.002247	0.047344
5.757088	6.065421	0.559812	0.000000	0.000000	0.000000	0.000000	0.000000	0.000000	0.000000	0.000000	0.000000	0.000000	0.000000	0.000000	0.002248	0.047363
5.804394	6.058377	0.562024	0.000000	0.000000	0.000000	0.000000	0.000000	0.000000	0.000000	0.000000	0.000000	0.000000	0.000000	0.000000	0.002850	0.053313
5.851700	6.058950	0.556165	0.000000	0.000000	0.000000	0.000000	0.000000	0.000000	0.000000	0.000000	0.000000	0.000000	0.000000	0.000000	0.002995	0.054645
5.899006	6.058137	0.560170	0.000000	0.000000	0.000000	0.000000	0.000000	0.000000	0.000000	0.000000	0.000000	0.000000	0.000000	0.000000	0.003062	0.055248
5.946312	6.062547	0.550481	0.000000	0.000000	0.000000	0.000000	0.000000	0.000000	0.000000	0.000000	0.000000	0.000000	0.000000	0.000000	0.002967	0.054389
5.993618	6.062163	0.557740	0.000000	0.000000	0.000000	0.000000	0.000000	0.000000	0.000000	0.000000	0.000000	0.000000	0.000000	0.000000	0.002371	0.048636
6.040924	6.061949	0.563580	0.000000	0.000000	0.000000	0.000000	0.000000	0.000000	0.000000	0.000000	0.000000	0.000000	0.000000	0.000000	0.002256	0.047441
6.088230	6.064657	0.567903	0.000000	0.000000	0.000000	0.000000	0.000000	0.000000	0.000000	0.000000	0.000000	0.000000	0.000000	0.000000	0.002660	0.051506
6.135536	6.064073	0.556192	0.000000	0.000000	0.000000	0.000000	0.000000	0.000000	0.000000	0.000000	0.000000	0.000000	0.000000	0.000000	0.002135	0.046153
6.182842	6.065599	0.549565	0.000000	0.000000	0.000000	0.000000	0.000000	0.000000	0.000000	0.000000	0.000000	0.000000	0.000000	0.000000	0.001618	0.040198
6.230148	6.059611	0.556993	0.000000	0.000000	0.000000	0.000000	0.000000	0.000000	0.000000	0.000000	0.000000	0.000000	0.000000	0.000000	0.001959	0.044221
6.277454	6.069035	0.560413	0.000000	0.000000	0.000000	0.000000	0.000000	0.000000	0.000000	0.000000	0.000000	0.000000	0.000000	0.000000	0.002245	0.047329
6.324760	6.065460	0.552340	0.000000	0.000000	0.000000	0.000000	0.000000	0.000000	0.000000	0.000000	0.000000	0.000000	0.000000	0.000000	0.002029	0.045002
6.372066	6.061387	0.556087	0.000000	0.000000	0.000000	0.000000	0.000000	0.000000	0.000000	0.000000	0.000000	0.000000	0.000000	0.000000	0.002512	0.050053
6.419372	6.063720	0.556965	0.000000	0.000000	0.000000	0.000000	0.000000	0.000000	0.000000	0.000000	0.000000	0.000000	0.000000	0.000000	0.002855	0.053352
6.466678	6.063254	0.555837	0.000000	0.000000	0.000000	0.000000	0.000000	0.000000	0.000000	0.000000	0.000000	0.000000	0.000000	0.000000	0.002055	0.045290
6.513984	6.059802	0.565019	0.000000	0.000000	0.000000	0.000000	0.000000	0.000000	0.000000	0.000000	0.000000	0.000000	0.000000	0.000000	0.002395	0.048877
6.561290	6.062244	0.562206	0.000000	0.000000	0.000000	0.000000	0.000000	0.000000	0.000000	0.000000	0.000000	0.000000	0.000000	0.000000	0.002166	0.046489
6.608596	6.066882	0.563764	0.000000	0.000000	0.000000	0.000000	0.000000	0.000000	0.000000	0.000000	0.000000	0.000000	0.000000	0.000000	0.002328	0.048194
6.655902	6.068531	0.559541	0.000000	0.000000	0.000000	0.000000	0.000000	0.000000	0.000000	0.000000	0.000000	0.000000	0.000000	0.000000	0.002228	0.047147
6.703208	6.062788	0.556776	0.000000	0.000000	0.000000	0.000000	0.000000	0.000000	0.000000	0.000000	0.000000	0.000000	0.000000	0.000000	0.001472	0.038343
6.750514	6.062042	0.557757	0.000000	0.000000	0.000000	0.000000	0.000000	0.000000	0.000000	0.000000	0.000000	0.000000	0.000000	0.000000	0.001742	0.041697
6.797820	6.062835	0.556518	0.000000	0.000000	0.000000	0.000000	0.000000	0.000000	0.000000	0.000000	0.000000	0.000000	0.000000	0.000000	0.001186	0.034420
6.845126	6.059320	0.556573	0.000000	0.000000	0.000000	0.000000	0.000000	0.000000	0.000000	0.000000	0.000000	0.000000	0.000000	0.000000	0.001830	0.042736
6.892432	6.062540	0.556093	0.000000	0.000000	0.000000	0.000000	0.000000	0.000000	0.000000	0.000000	0.000000	0.000000	0.000000	0.000000	0.002248	0.047365
6.939738	6.061325	0.561601	0.000000	0.000000	0.000000	0.000000	0.000000	0.000000	0.000000	0.000000	0.000000	0.000000	0.000000	0.000000	0.002228	0.047152
6.987044	6.061806	0.558606	0.000000	0.000000	0.000000	0.000000	0.000000	0.000000	0.000000	0.000000	0.000000	0.000000	0.000000	0.000000	0.002299	0.047888
7.034350	6.067568	0.562249	0.000000	0.000000	0.000000	0.000000	0.000000	0.000000	0.000000	0.000000	0.000000	0.000000	0.000000	0.000000	0.001734	0.041607
7.081656	6.069441	0.557110	0.000000	0.000000	0.000000	0.000000	0.000000	0.000000	0.000000	0.000000	0.000000	0.000000	0.000000	0.000000	0.001743	0.041715
7.128962	6.064789	0.553326	0.000000	0.000000	0.000000	0.000000	0.000000	0.000000	0.000000	0.000000	0.000000	0.000000	0.000000	0.000000	0.001593	0.039886
7.176268	6.067943	0.553089	0.000000	0.000000	0.000000	0.000000	0.000000	0.000000	0.000000	0.000000	0.000000	0.000000	0.000000	0.000000	0.001808	0.042487
7.223574	6.067608	0.563015	0.000000	0.000000	0.000000	0.000000	0.000000	0.000000	0.000000	0.000000	0.000000	0.000000	0.000000	0.000000	0.001543	0.039254
7.270880	6.062792	0.558163	0.000000	0.000000	0.000000	0.000000	0.000000	0.000000	0.000000	0.000000	0.000000	0.000000	0.000000	0.000000	0.001825	0.042685
7.318186	6.065278	0.556332	0.000000	0.000000	0.000000	0.000000	0.000000	0.000000	0.000000	0.000000	0.000000	0.000000	0.000000	0.000000	0.001528	0.039062
7.365492	6.062218	0.554457	0.000000	0.000000	0.000000	0.000000	0.000000	0.000000	0.000000	0.000000	0.000000	0.000000	0.000000	0.000000	0.001008	0.031739
7.412798	6.059095	0.558166	0.000000	0.000000	0.000000	0.000000	0.000000	0.000000	0.000000	0.000000	0.000000	0.000000	0.000000	0.000000	0.001173	0.034222
7.460104	6.071450	0.560404	0.000000	0.000000	0.000000	0.000000	0.000000	0.000000	0.000000	0.000000	0.000000	0.000000	0.000000	0.000000	0.001455	0.038113
7.507410	6.066507	0.554703	0.000000	0.000000	0.000000	0.000000	0.000000	0.000000	0.000000	0.000000	0.000000	0.000000	0.000000	0.000000	0.001853	0.043007
7.554716	6.064473	0.560539	0.000000	0.000000	0.000000	0.000000	0.000000	0.000000	0.000000	0.000000	0.000000	0.000000	0.000000	0.000000	0.001494	0.038622
7.602022	6.057448	0.554342	0.000000	0.000000	0.000000	0.000000	0.000000	0.000000	0.000000	0.000000	0.000000	0.000000	0.000000	0.000000	0.000812	0.028492
7.649328	6.066624	0.558220	0.000000	0.000000	0.000000	0.000000	0.000000	0.000000	0.000000	0.000000	0.000000	0.000000	0.000000	0.000000	0.001152	0.033916
7.696634	6.062216	0.555004	0.000000	0.000000	0.000000	0.000000	0.000000	0.000000	0.000000	0.000000	0.000000	0.000000	0.000000	0.000000	0.000956	0.030898
7.743940	6.068903	0.566379	0.000000	0.000000	0.000000	0.000000	0.000000	0.000000	0.000000	0.000000	0.000000	0.000000	0.000000	0.000000	0.001850	0.042974
7.791246	6.062557	0.560136	0.000000	0.000000	0.000000	0.000000	0.000000	0.000000	0.000000	0.000000	0.000000	0.000000	0.000000	0.000000	0.002406	0.048992
7.838552	6.066660	0.559404	0.000000	0.000000	0.000000	0.000000	0.000000	0.000000	0.000000	0.000000	0.000000	0.000000	0.000000	0.000000	0.002530	0.050237
7.885858	6.066460	0.555845	0.000000	0.000000	0.000000	0.000000	0.000000	0.000000	0.000000	0.000000	0.000000	0.000000	0.000000	0.000000	0.002961	0.054331
7.933164	6.059629	0.559839	0.000000	0.000000	0.000000	0.000000	0.000000	0.000000	0.000000	0.000000	0.000000	0.000000	0.000000	0.000000	0.002862	0.053425
7.980470	6.063020	0.560287	0.000000	0.000000	0.000000	0.000000	0.000000	0.000000	0.000000	0.000000	0.000000	0.000000	0.000000	0.000000	0.002620	0.051119
8.027776	6.062438	0.561090	0.000000	0.000000	0.000000	0.000000	0.000000	0.000000	0.000000	0.000000	0.000000	0.000000	0.000000	0.000000	0.002378	0.048709
8.075082	6.065790	0.557978	0.000000	0.000000	0.000000	0.000000	0.000000	0.000000	0.000000	0.000000	0.000000	0.000000	0.000000	0.000000	0.002901	0.053787
8.122388	6.060351	0.555752	0.000000	0.000000	0.000000	0.000000	0.000000	0.000000	0.000000	0.000000	0.000000	0.000000	0.000000	0.000000	0.002354	0.048457
8.169694	6.062333	0.559569	0.000000	0.000000	0.000000	0.000000	0.000000	0.000000	0.000000	0.000000	0.000000	0.000000	0.000000	0.000000	0.002634	0.051258
8.217000	6.062328	0.562063	0.000000	0.000000	0.000000	0.000000	0.000000	0.000000	0.000000	0.000000	0.000000	0.000000	0.000000	0.000000	0.004046	0.063482
8.264306	6.055062	0.558852	0.000000	0.000000	0.000000	0.000000	0.000000	0.000000	0.000000	0.000000	0.000000	0.000000	0.000000	0.000000	0.003239	0.056819
8.311612	6.058608	0.559951	0.000000	0.000000	0.000000	0.000000	0.000000	0.000000	0.000000	0.000000	0.000000	0.000000	0.000000	0.000000	0.003766	0.061252
8.358918	6.059952	0.564833	0.000000	0.000000	0.000000	0.000000	0.000000	0.000000	0.000000	0.000000	0.000000	0.000000	0.000000	0.000000	0.002436	0.049295
8.406224	6.060689	0.559883	0.000000	0.000000	0.000000	0.000000	0.000000	0.000000	0.000000	0.000000	0.000000	0.000000	0.000000	0.000000	0.002171	0.046545
8.453530	6.063281	0.562137	0.000000	0.000000	0.000000	0.000000	0.000000	0.000000	0.000000	0.000000	0.000000	0.000000	0.000000	0.000000	0.002682	0.051718
8.500836	6.063144	0.552270	0.000000	0.000000	0.000000	0.000000	0.000000	0.000000	0.000000	0.000000	0.000000	0.000000	0.000000	0.000000	0.002781	0.052664
8.548142	6.058947	0.560429	0.000000	0.000000	0.000000	0.000000	0.000000	0.000000	0.000000	0.000000	0.000000	0.000000	0.000000	0.000000	0.003328	0.057590
8.595448	6.062340	0.554808	0.000000	0.000000	0.000000	0.000000	0.000000	0.000000	0.000000	0.000000	0.000000	0.000000	0.000000	0.000000	0.002532	0.050254
8.642754	6.068600	0.561068	0.000000	0.000000	0.000000	0.000000	0.000000	0.000000	0.000000	0.000000	0.000000	0.000000	0.000000	0.000000	0.002566	0.050588
8.690060	6.064792	0.554682	0.000000	0.000000	0.000000	0.000000	0.000000	0.000000	0.000000	0.000000	0.000000	0.000000	0.000000	0.000000	0.002553	0.050460
8.737366	6.067961	0.558812	0.000000	0.000000	0.000000	0.000000	0.000000	0.000000	0.000000	0.000000	0.000000	0.000000	0.000000	0.000000	0.002210	0.046957
8.784672	6.059551	0.555866	0.000000	0.000000	0.000000	0.000000	0.000000	0.000000	0.000000	0.000000	0.000000	0.000000	0.000000	0.000000	0.002474	0.049680
8.831978	6.063101	0.550639	0.000000	0.000000	0.000000	0.000000	0.000000	0.000000	0.000000	0.000000	0.000000	0.000000	0.000000	0.000000	0.002529	0.050229
8.879284	6.062228	0.563248	0.000000	0.000000	0.000000	0.000000	0.000000	0.000000	0.000000	0.000000	0.000000	0.000000	0.000000	0.000000	0.002263	0.047515
8.926590	6.057983	0.556355	0.000000	0.000000	0.000000	0.000000	0.000000	0.000000	0.000000	0.000000	0.000000	0.000000	0.000000	0.000000	0.003140	0.055944
8.973896	6.063664	0.565440	0.000000	0.000000	0.000000	0.000000	0.000000	0.000000	0.000000	0.000000	0.000000	0.000000	0.000000	0.000000	0.003027	0.054934
9.021202	6.060185	0.561698	0.000000	0.000000	0.000000	0.000000	0.000000	0.000000	0.000000	0.000000	0.000000	0.000000	0.000000	0.000000	0.002687	0.051765
9.068508	6.063117	0.558211	0.000000	0.000000	0.000000	0.000000	0.000000	0.000000	0.000000	0.000000	0.000000	0.000000	0.000000	0.000000	0.001840	0.042852
9.115814	6.056619	0.563261	0.000000	0.000000	0.000000	0.000000	0.000000	0.000000	0.000000	0.000000	0.000000	0.000000	0.000000	0.000000	0.002381	0.048739
9.163120	6.067245	0.556838	0.000000	0.000000	0.000000	0.000000	0.000000	0.000000	0.000000	0.000000	0.000000	0.000000	0.000000	0.000000	0.002795	0.052794
9.210426	6.058885	0.561370	0.000000	0.000000	0.000000	0.000000	0.000000	0.000000	0.000000	0.000000	0.000000	0.000000	0.000000	0.000000	0.003149	0.056029
9.257732	6.061123	0.561232	0.000000	0.000000	0.000000	0.000000	0.000000	0.000000	0.000000	0.000000	0.000000	0.000000	0.000000	0.000000	0.002749	0.052359
9.305038	6.058256	0.560471	0.000000	0.000000	0.000000	0.000000	0.000000	0.000000	0.000000	0.000000	0.000000	0.000000	0.000000	0.000000	0.002370	0.048626
9.352344	6.052463	0.558061	0.000000	0.000000	0.000000	0.000000	0.000000	0.000000	0.000000	0.000000	0.000000	0.000000	0.000000	0.000000	0.002789	0.052735
9.399650	6.063358	0.560649	0.000000	0.000000	0.000000	0.000000	0.000000	0.000000	0.000000	0.000000	0.000000	0.000000	0.000000	0.000000	0.002571	0.050639
9.446956	6.064188	0.558372	0.000000	0.000000	0.000000	0.000000	0.000000	0.000000	0.000000	0.000000	0.000000	0.000000	0.000000	0.000000	0.003026	0.054923
9.494262	6.063294	0.555381	0.000000	0.000000	0.000000	0.000000	0.000000	0.000000	0.000000	0.000000	0.000000	0.000000	0.000000	0.000000	0.002411	0.049038
9.541568	6.068455	0.567441	0.000000	0.000000	0.000000	0.000000	0.000000	0.000000	0.000000	0.000000	0.000000	0.000000	0.000000	0.000000	0.002479	0.049725
9.588874	6.063519	0.560803	0.000000	0.000000	0.000000	0.000000	0.000000	0.000000	0.000000	0.000000	0.000000	0.000000	0.000000	0.000000	0.002788	0.052732
9.636180	6.063581	0.558090	0.000000	0.000000	0.000000	0.000000	0.000000	0.000000	0.000000	0.000000	0.000000	0.000000	0.000000	0.000000	0.002471	0.049643
9.683486	6.065918	0.557447	0.000000	0.000000	0.000000	0.000000	0.000000	0.000000	0.000000	0.000000	0.000000	0.000000	0.000000	0.000000	0.002655	0.051462
9.730792	6.057829	0.555685	0.000000	0.000000	0.000000	0.000000	0.000000	0.000000	0.000000	0.000000	0.000000	0.000000	0.000000	0.000000	0.002400	0.048935
9.778098	6.060626	0.552722	0.000000	0.000000	0.000000	0.000000	0.000000	0.000000	0.000000	0.000000	0.000000	0.000000	0.000000	0.000000	0.002052	0.045253
9.825404	6.062066	0.553016	0.000000	0.000000	0.000000	0.000000	0.000000	0.000000	0.000000	0.000000	0.000000	0.000000	0.000000	0.000000	0.001961	0.044241
9.872710	6.061398	0.546921	0.000000	0.000000	0.000000	0.000000	0.000000	0.000000	0.000000	0.000000	0.000000	0.000000	0.000000	0.000000	0.001760	0.041920
9.920016	6.065452	0.554920	0.000000	0.000000	0.000000	0.000000	0.000000	0.000000	0.000000	0.000000	0.000000	0.000000	0.000000	0.000000	0.001289	0.035879
9.967322	6.067547	0.554439	0.000000	0.000000	0.000000	0.000000	0.000000	0.000000	0.000000	0.000000	0.000000	0.000000	0.000000	0.000000	0.001685	0.041016
10.014628	6.061230	0.556256	0.000000	0.000000	0.000000	0.000000	0.000000	0.000000	0.000000	0.000000	0.000000	0.000000	0.000000	0.000000	0.001545	0.039273
10.061934	6.066952	0.559543	0.000000	0.000000	0.000000	0.000000	0.000000	0.000000	0.000000	0.000000	0.000000	0.000000	0.000000	0.000000	0.002582	0.050747
10.109240	6.057531	0.558051	0.000000	0.000000	0.000000	0.000000	0.000000	0.000000	0.000000	0.000000	0.000000	0.000000	0.000000	0.000000	0.002919	0.053946
10.156546	6.064727	0.560316	0.000000	0.000000	0.000000	0.000000	0.000000	0.000000	0.000000	0.000000	0.000000	0.000000	0.000000	0.000000	0.002606	0.050982
10.203852	6.063442	0.561882	0.000000	0.000000	0.000000	0.000000	0.000000	0.000000	0.000000	0.000000	0.000000	0.000000	0.000000	0.000000	0.001839	0.042849
10.251158	6.063108	0.557507	0.000000	0.000000	0.000000	0.000000	0.000000	0.000000	0.000000	0.000000	0.000000	0.000000	0.000000	0.000000	0.001812	0.042535
10.298464	6.060557	0.562921	0.000000	0.000000	0.000000	0.000000	0.000000	0.000000	0.000000	0.000000	0.000000	0.000000	0.000000	0.000000	0.001230	0.035056
10.345770	6.058623	0.557344	0.000000	0.000000	0.000000	0.000000	0.000000	0.000000	0.000000	0.000000	0.000000	0.000000	0.000000	0.000000	0.001580	0.039717
10.393076	6.072298	0.554574	0.000000	0.000000	0.000000	0.000000	0.000000	0.000000	0.000000	0.000000	0.000000	0.000000	0.000000	0.000000	0.001542	0.039232
10.440382	6.067657	0.567430	0.000000	0.000000	0.000000	0.000000	0.000000	0.000000	0.000000	0.000000	0.000000	0.000000	0.000000	0.000000	0.001173	0.034233
10.487688	6.065350	0.562493	0.000000	0.000000	0.000000	0.000000	0.000000	0.000000	0.000000	0.000000	0.000000	0.000000	0.000000	0.000000	0.000000	0.000000
10.534994	6.109589	0.586647	0.000000	0.000000	0.000000	0.000000	0.000000	0.000000	0.000000	0.000000	0.000000	0.000000	0.000000	0.000000	0.000000	0.000000
