#degrees of freedom    (FIT_NDF)                        : 217
#rms of residuals      (FIT_STDFIT) = sqrt(WSSR/ndf)    : 0.26863
#variance of residuals (reduced chisquare) = WSSR/ndf   : 0.0721623
#p-value of the Chisq distribution (FIT_P)              : 1
#
#Final set of parameters            Asymptotic Standard Error
#=======================            ==========================
#a               = -4.10053         +/- 0.3775       (9.206%)
#b               = 1.07127e-12      +/- 4.761e-13    (44.44%)
#t               = 1.96535          +/- 0.02809      (1.429%)
#c               = -0.000256299     +/- 1.675e-05    (6.535%)
#
#correlation matrix of the fit parameters:
#                a      b      t      c
#a               1.000
#b               0.449  1.000
#t              -0.996 -0.440  1.000
#c               0.461 -0.040 -0.493  1.000 fit for two exponentials... so order is zero @ ~x=3.508815

3.000000	-0.010732	0.001782
3.025000	-0.010288	0.001714
3.050000	-0.010451	0.001202
3.075000	-0.010271	0.001379
3.100000	-0.009831	0.001150
3.125000	-0.009573	0.001035
3.150000	-0.009056	0.000821
3.175000	-0.008679	0.000858
3.200000	-0.008282	0.001106
3.225000	-0.007768	0.000910
3.250000	-0.007261	0.000672
3.275000	-0.007037	0.000882
3.300000	-0.006534	0.000825
3.325000	-0.006291	0.000701
3.350000	-0.005801	0.001009
3.375000	-0.005233	0.000960
3.400000	-0.005220	0.001030
3.425000	-0.004773	0.000880
3.450000	-0.004611	0.000724
3.475000	-0.004745	0.000779
3.500000	-0.004061	0.000781
3.525000	-0.004146	0.000899
3.550000	-0.003753	0.000723
3.575000	-0.003608	0.000877
3.600000	-0.003518	0.000714
3.625000	-0.003283	0.000820
3.650000	-0.003432	0.000883
3.675000	-0.003086	0.000729
3.700000	-0.002915	0.000920
3.725000	-0.002446	0.000739
3.750000	-0.002724	0.000901
3.775000	-0.002608	0.000586
3.800000	-0.002539	0.000641
3.825000	-0.002185	0.000732
3.850000	-0.002141	0.000805
3.875000	-0.002244	0.000724
3.900000	-0.001857	0.000745
3.925000	-0.001853	0.000779
3.950000	-0.001958	0.000775
3.975000	-0.001863	0.000771
4.000000	-0.001658	0.000767
4.025000	-0.001576	0.000785
4.050000	-0.001520	0.000617
4.075000	-0.001573	0.000402
4.100000	-0.001633	0.000738
4.125000	-0.001463	0.000750
4.150000	-0.001700	0.000733
4.175000	-0.001504	0.000626
4.200000	-0.001650	0.000780
4.225000	-0.001462	0.000699
4.250000	-0.001478	0.000712
4.275000	-0.001291	0.000690
4.300000	-0.001228	0.000660
4.325000	-0.001370	0.000668
4.350000	-0.001294	0.000834
4.375000	-0.001020	0.000671
4.400000	-0.000884	0.000668
4.425000	-0.000958	0.000692
4.450000	-0.001225	0.000595
4.475000	-0.000900	0.000626
4.500000	-0.000874	0.000684
4.525000	-0.001078	0.000686
4.550000	-0.001066	0.000574
4.575000	-0.001152	0.000757
4.600000	-0.001090	0.000852
4.625000	-0.001290	0.000886
4.650000	-0.000977	0.000814
4.675000	-0.001300	0.000653
4.700000	-0.001214	0.000592
4.725000	-0.000637	0.000603
4.750000	-0.000894	0.000788
4.775000	-0.000684	0.000801
4.800000	-0.000822	0.000823
4.825000	-0.000731	0.000638
4.850000	-0.000775	0.000677
4.875000	-0.000529	0.000604
4.900000	-0.000893	0.000619
4.925000	-0.000759	0.000723
4.950000	-0.000691	0.000648
4.975000	-0.000706	0.000792
5.000000	-0.000789	0.000729
5.025000	-0.000668	0.000620
5.050000	-0.000704	0.001000
5.075000	-0.000496	0.000714
5.100000	-0.000521	0.000766
5.125000	-0.000659	0.000639
5.150000	-0.000458	0.000665
5.175000	-0.000292	0.000720
5.200000	-0.000810	0.000632
5.225000	-0.000231	0.000649
5.250000	-0.000613	0.000722
5.275000	-0.000409	0.000630
5.300000	-0.000270	0.000552
5.325000	-0.000495	0.000600
5.350000	-0.000687	0.000866
5.375000	-0.000485	0.000685
5.400000	-0.000332	0.000977
5.425000	-0.000477	0.000740
5.450000	-0.000378	0.000809
5.475000	-0.000555	0.000839
5.500000	-0.000345	0.000600
5.525000	-0.000419	0.000734
5.550000	-0.000507	0.000758
5.575000	-0.000442	0.000633
5.600000	-0.000233	0.000676
5.625000	-0.000273	0.000702
5.650000	-0.000310	0.000574
5.675000	-0.000216	0.000669
5.700000	-0.000326	0.000558
5.725000	-0.000375	0.000630
5.750000	-0.000312	0.000564
5.775000	-0.000262	0.000804
5.800000	-0.000584	0.000546
5.825000	-0.000246	0.000596
5.850000	-0.000150	0.000565
5.875000	-0.000460	0.000764
5.900000	-0.000096	0.000674
5.925000	-0.000449	0.000753
5.950000	-0.000362	0.000792
5.975000	-0.000074	0.000586
6.000000	-0.000523	0.000792
6.025000	-0.000452	0.000752
6.050000	-0.000404	0.000807
6.075000	-0.000574	0.001127
6.100000	-0.000382	0.000851
6.125000	-0.000475	0.000535
6.150000	-0.000169	0.000591
6.175000	-0.000406	0.000635
6.200000	-0.000317	0.000751
6.225000	-0.000254	0.000690
6.250000	-0.000308	0.000516
6.275000	-0.000081	0.000525
6.300000	-0.000188	0.000429
6.325000	-0.000393	0.000856
6.350000	-0.000216	0.000739
6.375000	-0.000226	0.000473
6.425000	-0.000015	0.000721
6.475000	-0.000216	0.000796
6.525000	-0.000326	0.000617
6.550000	-0.000175	0.000647
6.575000	-0.000017	0.000648
6.600000	-0.000118	0.000565
6.625000	-0.000069	0.000608
6.650000	-0.000121	0.000954
6.675000	-0.000249	0.000832
6.700000	-0.000138	0.000714
6.725000	-0.000099	0.000489
6.775000	-0.000237	0.000661
6.800000	-0.000162	0.000537
6.925000	-0.000083	0.000857
6.950000	-0.000143	0.000772
7.000000	-0.000051	0.000739
7.050000	-0.000252	0.000637
7.075000	-0.000295	0.000801
7.100000	-0.000418	0.000878
7.125000	-0.000286	0.000732
7.150000	-0.000259	0.000667
7.175000	-0.000176	0.000710
7.200000	-0.000178	0.000921
7.225000	-0.000299	0.000643
7.250000	-0.000017	0.000775
7.275000	-0.000060	0.000886
7.325000	-0.000094	0.000648
7.375000	-0.000023	0.000772
7.400000	-0.000279	0.000691
7.450000	-0.000264	0.000580
7.475000	-0.000182	0.000638
7.500000	-0.000085	0.000699
7.550000	-0.000173	0.000700
7.600000	-0.000089	0.000661
7.625000	-0.000130	0.000811
7.650000	-0.000455	0.000741
7.675000	-0.000295	0.000904
7.725000	-0.000358	0.000765
7.750000	-0.000293	0.000789
7.775000	-0.000022	0.000808
7.800000	-0.000006	0.000804
7.825000	-0.000237	0.000713
7.850000	-0.000297	0.000618
7.925000	-0.000081	0.000998
7.950000	-0.000191	0.000594
7.975000	-0.000062	0.000542
8.000000	-0.000219	0.000698
8.050000	-0.000219	0.000802
8.075000	-0.000084	0.000547
8.100000	-0.000300	0.000630
8.125000	-0.000148	0.000722
8.150000	-0.000062	0.000756
8.175000	-0.000042	0.000671
8.200000	-0.000166	0.000890
8.225000	-0.000116	0.000655
8.250000	-0.000161	0.000738
8.275000	-0.000059	0.000530
8.300000	-0.000388	0.000825
8.325000	-0.000057	0.000557
8.350000	-0.000067	0.000596
8.375000	-0.000149	0.000695
8.425000	-0.000235	0.000712
8.475000	-0.000064	0.000625
8.525000	-0.000088	0.000812
8.550000	-0.000141	0.000804
8.600000	-0.000060	0.000676
8.625000	-0.000134	0.000764
8.675000	-0.000161	0.000701
8.725000	-0.000123	0.000650
8.750000	-0.000148	0.000755
8.775000	-0.000196	0.000641
8.950000	-0.000020	0.000619
8.975000	-0.000220	0.000666
9.000000	-0.000179	0.000592
9.075000	-0.000029	0.000937
9.100000	-0.000095	0.000732
9.350000	-0.000096	0.000712
9.375000	-0.000158	0.000575
9.500000	-0.000041	0.000795
9.550000	-0.000243	0.000818
9.575000	-0.000267	0.000583
9.600000	-0.000149	0.000611
9.625000	-0.000101	0.000729
9.650000	-0.000198	0.000724
9.675000	-0.000034	0.000753
