0.000000	-8.691014	0.707804	9.327242	0.753152	0.636228	0.058382
0.050000	-9.812502	0.358389	10.530829	0.367791	0.718327	0.040785
0.100000	-9.812499	0.358378	10.530821	0.368161	0.718322	0.040613
0.150000	-9.812496	0.358368	10.530814	0.368533	0.718318	0.040459
0.200000	-9.812495	0.358357	10.530806	0.368904	0.718311	0.040315
0.250000	-9.812493	0.358347	10.530798	0.369280	0.718305	0.040189
0.300000	-9.812490	0.358338	10.530792	0.369654	0.718302	0.040078
0.350000	-9.812488	0.358327	10.530784	0.370031	0.718296	0.039981
0.400000	-9.812485	0.358317	10.530776	0.370409	0.718291	0.039900
0.450000	-9.812483	0.358307	10.530769	0.370787	0.718286	0.039835
0.500000	-9.812481	0.358296	10.530760	0.371168	0.718280	0.039784
0.550000	-9.812478	0.358285	10.530753	0.371550	0.718275	0.039751
0.600000	-9.812475	0.358275	10.530747	0.371932	0.718271	0.039732
0.650000	-9.812473	0.358265	10.530738	0.372316	0.718265	0.039728
0.700000	-9.812471	0.358254	10.530731	0.372702	0.718260	0.039742
0.750000	-9.812468	0.358244	10.530722	0.373087	0.718254	0.039767
0.800000	-9.812466	0.358234	10.530715	0.373476	0.718249	0.039811
0.850000	-9.812464	0.358224	10.530708	0.373864	0.718244	0.039869
0.900000	-9.812462	0.358213	10.530700	0.374255	0.718238	0.039943
0.950000	-9.812461	0.358204	10.530694	0.374646	0.718233	0.040034
1.000000	-9.812461	0.358194	10.530684	0.375038	0.718223	0.040142
1.050000	-9.812472	0.358185	10.530677	0.375432	0.718206	0.040275
1.100000	-9.812531	0.358198	10.530667	0.375825	0.718136	0.040436
1.150000	-9.812769	0.358306	10.530650	0.376219	0.717881	0.040629
1.200000	-9.813421	0.358647	10.530609	0.376611	0.717188	0.040817
1.250000	-9.814695	0.359337	10.530496	0.376984	0.715801	0.040930
1.300000	-9.816639	0.360331	10.530167	0.377273	0.713528	0.040903
1.350000	-9.819178	0.361301	10.529195	0.377271	0.710017	0.040858
1.400000	-9.822293	0.361579	10.526814	0.376673	0.704521	0.040932
1.450000	-9.826341	0.360540	10.522127	0.375221	0.695785	0.040992
1.500000	-9.831702	0.358138	10.513873	0.372502	0.682170	0.040873
1.550000	-9.836492	0.354452	10.500239	0.367896	0.663747	0.040415
1.600000	-9.834990	0.348952	10.478277	0.361241	0.643286	0.040203
1.650000	-9.818799	0.341038	10.442927	0.352735	0.624128	0.040545
1.700000	-9.777716	0.331510	10.387504	0.343442	0.609789	0.042775
1.750000	-9.701717	0.322108	10.304553	0.335185	0.602836	0.047611
1.800000	-9.583417	0.314628	10.188724	0.330256	0.605307	0.053577
1.850000	-9.411933	0.313375	10.032983	0.330057	0.621050	0.061651
1.900000	-9.174050	0.320017	9.830415	0.332629	0.656365	0.069370
1.950000	-8.858929	0.332269	9.572569	0.336479	0.713640	0.071404
2.000000	-8.470794	0.342387	9.257201	0.337160	0.786407	0.069014
2.050000	-8.022314	0.347389	8.885458	0.335273	0.863144	0.065084
2.100000	-7.525487	0.343921	8.460636	0.330335	0.935149	0.056001
2.150000	-6.988129	0.339272	7.987376	0.327513	0.999247	0.043150
2.200000	-6.413299	0.344160	7.465934	0.336041	1.052635	0.040252
2.250000	-5.806123	0.358863	6.896148	0.354642	1.090025	0.048537
2.300000	-5.172599	0.374117	6.279562	0.378556	1.106962	0.050833
2.350000	-4.519347	0.379368	5.622069	0.400337	1.102722	0.051756
2.400000	-3.858333	0.379299	4.937057	0.415987	1.078723	0.059874
2.450000	-3.203036	0.377280	4.242064	0.418708	1.039028	0.065694
2.500000	-2.570951	0.368954	3.558140	0.406359	0.987189	0.067899
2.550000	-1.985601	0.348119	2.907272	0.383716	0.921671	0.069067
2.600000	-1.470181	0.309675	2.309449	0.351014	0.839267	0.071115
2.650000	-1.039045	0.260071	1.779501	0.313385	0.740455	0.075821
2.700000	-0.699412	0.204294	1.328063	0.270619	0.628652	0.081899
2.750000	-0.446340	0.150977	0.956843	0.224193	0.510503	0.083757
2.800000	-0.269647	0.107431	0.665438	0.180687	0.395791	0.080554
2.850000	-0.152600	0.072210	0.444609	0.140704	0.292009	0.074067
2.900000	-0.080105	0.045098	0.284926	0.106374	0.204821	0.066114
2.950000	-0.038688	0.025261	0.175502	0.076709	0.136814	0.055752
3.000000	-0.017037	0.012711	0.105078	0.053986	0.088041	0.044779
3.050000	-0.006888	0.005959	0.063352	0.039969	0.056464	0.036552
3.100000	-0.002514	0.002597	0.040306	0.032289	0.037791	0.031326
3.150000	-0.000831	0.001074	0.028778	0.027999	0.027947	0.027837
3.200000	-0.000253	0.000444	0.023981	0.025998	0.023728	0.026016
3.250000	-0.000078	0.000207	0.022412	0.025134	0.022334	0.025160
3.300000	-0.000025	0.000098	0.021711	0.024962	0.021686	0.024974
3.350000	-0.000007	0.000032	0.021273	0.024951	0.021266	0.024955
3.400000	-0.000001	0.000006	0.020971	0.024854	0.020970	0.024855
3.450000	-0.000000	0.000000	0.020688	0.024767	0.020688	0.024767
3.500000	-0.000000	0.000000	0.020187	0.024693	0.020187	0.024693
3.550000	-0.000000	0.000000	0.019560	0.024290	0.019560	0.024290
3.600000	-0.000000	0.000000	0.019014	0.024074	0.019014	0.024074
3.650000	-0.000000	0.000000	0.018603	0.023903	0.018603	0.023903
3.700000	-0.000000	0.000000	0.018142	0.023446	0.018142	0.023446
3.750000	-0.000000	0.000000	0.017457	0.023215	0.017457	0.023215
3.800000	-0.000000	0.000000	0.016485	0.023132	0.016485	0.023132
3.850000	-0.000000	0.000000	0.015790	0.023237	0.015790	0.023237
3.900000	-0.000000	0.000000	0.015348	0.022927	0.015348	0.022927
3.950000	-0.000000	0.000000	0.014532	0.022581	0.014532	0.022581
4.000000	-0.000000	0.000000	0.013944	0.022466	0.013944	0.022466
4.050000	-0.000000	0.000000	0.013511	0.022685	0.013511	0.022685
4.100000	-0.000000	0.000000	0.012882	0.022619	0.012882	0.022619
4.150000	-0.000000	0.000000	0.012343	0.022309	0.012343	0.022309
4.200000	-0.000000	0.000000	0.011772	0.022116	0.011772	0.022116
4.250000	-0.000000	0.000000	0.011369	0.021737	0.011369	0.021737
4.300000	-0.000000	0.000000	0.011010	0.021583	0.011010	0.021583
4.350000	-0.000000	0.000000	0.010637	0.021631	0.010637	0.021631
4.400000	-0.000000	0.000000	0.010132	0.021519	0.010132	0.021519
4.450000	-0.000000	0.000000	0.009770	0.021252	0.009770	0.021252
4.500000	-0.000000	0.000000	0.009443	0.021085	0.009443	0.021085
4.550000	-0.000000	0.000000	0.009114	0.020948	0.009114	0.020948
4.600000	-0.000000	0.000000	0.008710	0.020945	0.008710	0.020945
4.650000	-0.000000	0.000000	0.008369	0.020858	0.008369	0.020858
4.700000	-0.000000	0.000000	0.007950	0.020408	0.007950	0.020408
4.750000	-0.000000	0.000000	0.007644	0.020219	0.007644	0.020219
4.800000	-0.000000	0.000000	0.007547	0.020133	0.007547	0.020133
4.850000	-0.000000	0.000000	0.007234	0.019837	0.007234	0.019837
4.900000	-0.000000	0.000000	0.006688	0.019723	0.006688	0.019723
4.950000	-0.000000	0.000000	0.006618	0.019564	0.006618	0.019564
5.000000	-0.000000	0.000000	0.006686	0.019411	0.006686	0.019411
5.050000	-0.000000	0.000000	0.006572	0.019291	0.006572	0.019291
5.100000	-0.000000	0.000000	0.006098	0.019105	0.006098	0.019105
5.150000	-0.000000	0.000000	0.005840	0.018850	0.005840	0.018850
5.200000	-0.000000	0.000000	0.005940	0.018564	0.005940	0.018564
5.250000	-0.000000	0.000000	0.005791	0.018715	0.005791	0.018715
5.300000	-0.000000	0.000000	0.005326	0.018829	0.005326	0.018829
5.350000	-0.000000	0.000000	0.005087	0.018436	0.005087	0.018436
5.400000	-0.000000	0.000000	0.005141	0.018310	0.005141	0.018310
5.450000	-0.000000	0.000000	0.005075	0.018081	0.005075	0.018081
5.500000	-0.000000	0.000000	0.005141	0.017695	0.005141	0.017695
5.550000	-0.000000	0.000000	0.004936	0.017608	0.004936	0.017608
5.600000	-0.000000	0.000000	0.004990	0.017343	0.004990	0.017343
5.650000	-0.000000	0.000000	0.004942	0.017227	0.004942	0.017227
5.700000	-0.000000	0.000000	0.004604	0.017082	0.004604	0.017082
5.750000	-0.000000	0.000000	0.004618	0.016954	0.004618	0.016954
5.800000	-0.000000	0.000000	0.004536	0.016884	0.004536	0.016884
5.850000	-0.000000	0.000000	0.004524	0.016650	0.004524	0.016650
5.900000	-0.000000	0.000000	0.004486	0.016466	0.004486	0.016466
5.950000	-0.000000	0.000000	0.004269	0.016453	0.004269	0.016453
6.000000	-0.000000	0.000000	0.003957	0.016208	0.003957	0.016208
6.050000	-0.000000	0.000000	0.003932	0.016059	0.003932	0.016059
6.100000	-0.000000	0.000000	0.003954	0.015826	0.003954	0.015826
6.150000	-0.000000	0.000000	0.003992	0.015374	0.003992	0.015374
6.200000	-0.000000	0.000000	0.003832	0.015343	0.003832	0.015343
6.250000	-0.000000	0.000000	0.003761	0.015343	0.003761	0.015343
6.300000	-0.000000	0.000000	0.003761	0.015135	0.003761	0.015135
6.350000	-0.000000	0.000000	0.003753	0.014877	0.003753	0.014877
6.400000	-0.000000	0.000000	0.003629	0.014500	0.003629	0.014500
6.450000	-0.000000	0.000000	0.003392	0.014579	0.003392	0.014579
6.500000	-0.000000	0.000000	0.003218	0.014644	0.003218	0.014644
6.550000	-0.000000	0.000000	0.003202	0.014412	0.003202	0.014412
6.600000	-0.000000	0.000000	0.003173	0.014013	0.003173	0.014013
6.650000	-0.000000	0.000000	0.003119	0.013633	0.003119	0.013633
6.700000	-0.000000	0.000000	0.002897	0.013490	0.002897	0.013490
6.750000	-0.000000	0.000000	0.002879	0.013559	0.002879	0.013559
6.800000	-0.000000	0.000000	0.002870	0.013180	0.002870	0.013180
6.850000	-0.000000	0.000000	0.002880	0.012962	0.002880	0.012962
6.900000	-0.000000	0.000000	0.002846	0.012770	0.002846	0.012770
6.950000	-0.000000	0.000000	0.002698	0.012461	0.002698	0.012461
7.000000	-0.000000	0.000000	0.002707	0.012336	0.002707	0.012336
7.050000	-0.000000	0.000000	0.002588	0.012187	0.002588	0.012187
7.100000	-0.000000	0.000000	0.002518	0.011897	0.002518	0.011897
7.150000	-0.000000	0.000000	0.002380	0.011756	0.002380	0.011756
7.200000	-0.000000	0.000000	0.002298	0.011728	0.002298	0.011728
7.250000	-0.000000	0.000000	0.002331	0.011662	0.002331	0.011662
7.300000	-0.000000	0.000000	0.002266	0.011261	0.002266	0.011261
7.350000	-0.000000	0.000000	0.002204	0.010799	0.002204	0.010799
7.400000	-0.000000	0.000000	0.002140	0.010538	0.002140	0.010538
7.450000	-0.000000	0.000000	0.002008	0.010358	0.002008	0.010358
7.500000	-0.000000	0.000000	0.001880	0.010284	0.001880	0.010284
7.550000	-0.000000	0.000000	0.001660	0.009967	0.001660	0.009967
7.600000	-0.000000	0.000000	0.001744	0.009790	0.001744	0.009790
7.650000	-0.000000	0.000000	0.001831	0.009518	0.001831	0.009518
7.700000	-0.000000	0.000000	0.001832	0.009284	0.001832	0.009284
7.750000	-0.000000	0.000000	0.001812	0.009207	0.001812	0.009207
7.800000	-0.000000	0.000000	0.001652	0.008825	0.001652	0.008825
7.850000	-0.000000	0.000000	0.001333	0.008559	0.001333	0.008559
7.900000	-0.000000	0.000000	0.001339	0.008396	0.001339	0.008396
7.950000	-0.000000	0.000000	0.001281	0.008177	0.001281	0.008177
8.000000	-0.000000	0.000000	0.001097	0.007940	0.001097	0.007940
8.050000	-0.000000	0.000000	0.001214	0.007761	0.001214	0.007761
8.100000	-0.000000	0.000000	0.001225	0.007511	0.001225	0.007511
8.150000	-0.000000	0.000000	0.001201	0.007368	0.001201	0.007368
8.200000	-0.000000	0.000000	0.001201	0.007342	0.001201	0.007342
8.250000	-0.000000	0.000000	0.001006	0.006900	0.001006	0.006900
8.300000	-0.000000	0.000000	0.000970	0.006567	0.000970	0.006567
8.350000	-0.000000	0.000000	0.000962	0.006448	0.000962	0.006448
8.400000	-0.000000	0.000000	0.001123	0.006537	0.001123	0.006537
8.450000	-0.000000	0.000000	0.001239	0.006215	0.001239	0.006215
8.500000	-0.000000	0.000000	0.001161	0.005847	0.001161	0.005847
8.550000	-0.000000	0.000000	0.000912	0.005641	0.000912	0.005641
8.600000	-0.000000	0.000000	0.000678	0.005404	0.000678	0.005404
8.650000	-0.000000	0.000000	0.000728	0.005316	0.000728	0.005316
8.700000	-0.000000	0.000000	0.000648	0.005116	0.000648	0.005116
8.750000	-0.000000	0.000000	0.000780	0.004883	0.000780	0.004883
8.800000	-0.000000	0.000000	0.000780	0.004741	0.000780	0.004741
8.850000	-0.000000	0.000000	0.000509	0.004623	0.000509	0.004623
8.900000	-0.000000	0.000000	0.000271	0.004491	0.000271	0.004491
8.950000	-0.000000	0.000000	0.000212	0.004148	0.000212	0.004148
9.000000	-0.000000	0.000000	0.000325	0.003940	0.000325	0.003940
9.050000	-0.000000	0.000000	0.000521	0.003849	0.000521	0.003849
9.100000	-0.000000	0.000000	0.000570	0.003880	0.000570	0.003880
9.150000	-0.000000	0.000000	0.000532	0.003765	0.000532	0.003765
9.200000	-0.000000	0.000000	0.000404	0.003219	0.000404	0.003219
9.250000	-0.000000	0.000000	0.000179	0.003166	0.000179	0.003166
9.300000	-0.000000	0.000000	0.000298	0.003349	0.000298	0.003349
9.350000	-0.000000	0.000000	0.000183	0.003129	0.000183	0.003129
9.400000	-0.000000	0.000000	0.000259	0.002873	0.000259	0.002873
9.450000	-0.000000	0.000000	0.000529	0.002754	0.000529	0.002754
9.500000	-0.000000	0.000000	0.000478	0.002596	0.000478	0.002596
9.550000	-0.000000	0.000000	0.000149	0.002354	0.000149	0.002354
9.600000	-0.000000	0.000000	0.000291	0.002185	0.000291	0.002185
9.650000	-0.000000	0.000000	0.000399	0.002111	0.000399	0.002111
9.700000	-0.000000	0.000000	0.000277	0.002025	0.000277	0.002025
9.750000	-0.000000	0.000000	0.000240	0.001889	0.000240	0.001889
