0.05 0.921671 0.069067
0.1 0.839267 0.071115
0.15 0.740455 0.075821
0.2 0.628652 0.081899
0.25 0.510503 0.083757
0.3 0.395791 0.080554
0.35 0.292009 0.074067
0.4 0.204821 0.066114
0.45 0.136814 0.055752
0.5 0.088041 0.044779
0.55 0.056464 0.036552
0.6 0.037791 0.031326
0.65 0.027947 0.027837
0.7 0.023728 0.026016
0.75 0.022334 0.025160
0.8 0.021686 0.024974
0.85 0.021266 0.024955
0.9 0.020970 0.024855
0.95 0.020688 0.024767
1 0.020187 0.024693
1.05 0.019560 0.024290
1.1 0.019014 0.024074
1.15 0.018603 0.023903
1.2 0.018142 0.023446
1.25 0.017457 0.023215
1.3 0.016485 0.023132
1.35 0.015790 0.023237
1.4 0.015348 0.022927
1.45 0.014532 0.022581
1.5 0.013944 0.022466
1.55 0.013511 0.022685
1.6 0.012882 0.022619
1.65 0.012343 0.022309
1.7 0.011772 0.022116
1.75 0.011369 0.021737
1.8 0.011010 0.021583
1.85 0.010637 0.021631
1.9 0.010132 0.021519
1.95 0.009770 0.021252
2 0.009443 0.021085
2.05 0.009114 0.020948
2.1 0.008710 0.020945
2.15 0.008369 0.020858
2.2 0.007950 0.020408
2.25 0.007644 0.020219
2.3 0.007547 0.020133
2.35 0.007234 0.019837
2.4 0.006688 0.019723
2.45 0.006618 0.019564
2.5 0.006686 0.019411
2.55 0.006572 0.019291
2.6 0.006098 0.019105
2.65 0.005840 0.018850
2.7 0.005940 0.018564
2.75 0.005791 0.018715
2.8 0.005326 0.018829
2.85 0.005087 0.018436
2.9 0.005141 0.018310
2.95 0.005075 0.018081
3 0.005141 0.017695
3.05 0.004936 0.017608
3.1 0.004990 0.017343
3.15 0.004942 0.017227
3.2 0.004604 0.017082
3.25 0.004618 0.016954
3.3 0.004536 0.016884
3.35 0.004524 0.016650
3.4 0.004486 0.016466
3.45 0.004269 0.016453
3.5 0.003957 0.016208
3.55 0.003932 0.016059
3.6 0.003954 0.015826
3.65 0.003992 0.015374
3.7 0.003832 0.015343
3.75 0.003761 0.015343
3.8 0.003761 0.015135
3.85 0.003753 0.014877
3.9 0.003629 0.014500
3.95 0.003392 0.014579
4 0.003218 0.014644
4.05 0.003202 0.014412
4.1 0.003173 0.014013
4.15 0.003119 0.013633
4.2 0.002897 0.013490
4.25 0.002879 0.013559
4.3 0.002870 0.013180
4.35 0.002880 0.012962
4.4 0.002846 0.012770
4.45 0.002698 0.012461
4.5 0.002707 0.012336
4.55 0.002588 0.012187
4.6 0.002518 0.011897
4.65 0.002380 0.011756
4.7 0.002298 0.011728
4.75 0.002331 0.011662
4.8 0.002266 0.011261
4.85 0.002204 0.010799
4.9 0.002140 0.010538
4.95 0.002008 0.010358
5 0.001880 0.010284
5.05 0.001660 0.009967
5.1 0.001744 0.009790
5.15 0.001831 0.009518
5.2 0.001832 0.009284
5.25 0.001812 0.009207
5.3 0.001652 0.008825
5.35 0.001333 0.008559
5.4 0.001339 0.008396
5.45 0.001281 0.008177
5.5 0.001097 0.007940
5.55 0.001214 0.007761
5.6 0.001225 0.007511
5.65 0.001201 0.007368
5.7 0.001201 0.007342
5.75 0.001006 0.006900
5.8 0.000970 0.006567
5.85 0.000962 0.006448
5.9 0.001123 0.006537
5.95 0.001239 0.006215
6 0.001161 0.005847
6.05 0.000912 0.005641
6.1 0.000678 0.005404
6.15 0.000728 0.005316
6.2 0.000648 0.005116
6.25 0.000780 0.004883
6.3 0.000780 0.004741
6.35 0.000509 0.004623
6.4 0.000271 0.004491
6.45 0.000212 0.004148
6.5 0.000325 0.003940
6.55 0.000521 0.003849
6.6 0.000570 0.003880
6.65 0.000532 0.003765
6.7 0.000404 0.003219
6.75 0.000179 0.003166
6.8 0.000298 0.003349
6.85 0.000183 0.003129
6.9 0.000259 0.002873
6.95 0.000529 0.002754
7 0.000478 0.002596
7.05 0.000149 0.002354
7.1 0.000291 0.002185
7.15 0.000399 0.002111
7.2 0.000277 0.002025
7.25 0.000240 0.001889
