-10.986500	0.000000	0.000000	0.000000	0.000000	0.000000	0.000000	0.000000	0.000000
-10.965000	0.000000	0.000000	0.000000	0.000000	0.000000	0.000000	0.000000	0.000000
-10.943500	0.000000	0.000000	0.000000	0.000000	0.000000	0.000000	0.000000	0.000000
-10.922000	0.000000	0.000000	0.000000	0.000000	0.000000	0.000000	0.000000	0.000000
-10.900500	0.000000	0.000000	0.000000	0.000000	0.000000	0.000000	0.000000	0.000000
-10.879000	0.000000	0.000000	0.000000	0.000000	0.000000	0.000000	0.000000	0.000000
-10.857500	0.000000	0.000000	0.000000	0.000000	0.000000	0.000000	0.000000	0.000000
-10.836000	0.000000	0.000000	0.000000	0.000000	0.000000	0.000000	0.000000	0.000000
-10.814500	0.000000	0.000000	0.000000	0.000000	0.000000	0.000000	0.000000	0.000000
-10.793000	0.000000	0.000000	0.000000	0.000000	0.000000	0.000000	0.000000	0.000000
-10.771500	0.000000	0.000000	0.000000	0.000000	0.000000	0.000000	0.000000	0.000000
-10.750000	0.000000	0.000000	0.000000	0.000000	0.000000	0.000000	0.000000	0.000000
-10.728500	0.000000	0.000000	0.000000	0.000000	0.000000	0.000000	0.000000	0.000000
-10.707000	0.000000	0.000000	0.000000	0.000000	0.000000	0.000000	0.000000	0.000000
-10.685500	0.000000	0.000000	0.000000	0.000000	0.000000	0.000000	0.000000	0.000000
-10.664000	0.000000	0.000000	0.000000	0.000000	0.000000	0.000000	0.000000	0.000000
-10.642500	0.000000	0.000000	0.000000	0.000000	0.000000	0.000000	0.000000	0.000000
-10.621000	0.000000	0.000000	0.000000	0.000000	0.000000	0.000000	0.000000	0.000000
-10.599500	0.000000	0.000000	0.000000	0.000000	0.000000	0.000000	0.000000	0.000000
-10.578000	0.000000	0.000000	0.000000	0.000000	0.000000	0.000000	0.000000	0.000000
-10.556500	0.000000	0.000000	0.000000	0.000000	0.000000	0.000000	0.000000	0.000000
-10.535000	0.000000	0.000000	0.000000	0.000000	0.000000	0.000000	0.000000	0.000000
-10.513500	0.000000	0.000000	0.000000	0.000000	0.000000	0.000000	0.000000	0.000000
-10.492000	0.000000	0.000000	0.000000	0.000000	22.825758	93.537805	22.695861	93.015440
-10.470500	0.000000	0.000000	0.000000	0.000000	66.790770	249.908194	66.378658	248.366224
-10.449000	0.000000	0.000000	0.000000	0.000000	100.056804	276.433114	99.477989	274.822602
-10.427500	0.000000	0.000000	0.000000	0.000000	212.880808	386.895330	211.580604	384.499626
-10.406000	0.000000	0.000000	0.000000	0.000000	318.709473	442.120116	316.870567	439.583722
-10.384500	0.000000	0.000000	0.000000	0.000000	466.255386	476.291284	463.518445	473.479695
-10.363000	0.000000	0.000000	0.000000	0.000000	541.268576	483.118504	538.105717	480.243621
-10.341500	0.000000	0.000000	0.000000	0.000000	607.589994	469.600361	604.132883	466.887415
-10.320000	0.000000	0.000000	0.000000	0.000000	675.234999	462.509784	671.442953	459.915133
-10.298500	0.000000	0.000000	0.000000	0.000000	747.425694	420.916110	743.230114	418.552700
-10.277000	0.000000	0.000000	0.000000	0.000000	814.478966	361.795518	809.962755	359.777050
-10.255500	0.000000	0.000000	0.000000	0.000000	895.720329	291.737829	890.681816	290.092326
-10.234000	0.000000	0.000000	0.000000	0.000000	955.894687	170.560528	950.447899	169.612349
-10.212500	0.000000	0.000000	0.000000	0.000000	1001.323742	1.904019	995.565910	1.700530
-10.191000	0.000000	0.000000	0.000000	0.000000	1001.391775	2.139348	995.709702	2.165690
-10.169500	0.000000	0.000000	0.000000	0.000000	1001.720927	1.836209	996.030132	1.959967
-10.148000	0.000000	0.000000	0.000000	0.000000	1001.315150	1.692998	995.605644	1.508888
-10.126500	0.000000	0.000000	0.000000	0.000000	1001.516026	1.962313	995.868729	1.948605
-10.105000	0.000000	0.000000	0.000000	0.000000	1001.168056	2.545737	995.498310	2.429612
-10.083500	0.000000	0.000000	0.000000	0.000000	1001.154981	2.459229	995.443148	2.149939
-10.062000	0.000000	0.000000	0.000000	0.000000	1001.278270	1.501689	995.630061	1.380407
-10.040500	0.000000	0.000000	0.000000	0.000000	1001.189420	2.107215	995.545204	1.825487
-10.019000	0.000000	0.000000	0.000000	0.000000	1001.525880	2.288172	995.882877	2.170955
-9.997500	0.000000	0.000000	0.000000	0.000000	1000.947432	1.774522	995.235289	1.676922
-9.976000	0.000000	0.000000	0.000000	0.000000	1001.089433	2.123127	995.398953	1.824837
-9.954500	0.000000	0.000000	0.000000	0.000000	1001.574393	2.176013	995.970279	2.283804
-9.933000	0.000000	0.000000	0.000000	0.000000	1001.564168	2.176448	995.965606	2.109765
-9.911500	0.000000	0.000000	0.000000	0.000000	1002.385250	1.914783	996.744922	1.979868
-9.890000	0.000000	0.000000	0.000000	0.000000	1001.788950	2.070323	996.130316	1.896703
-9.868500	0.000000	0.000000	0.000000	0.000000	1001.359868	1.723889	995.731499	1.377763
-9.847000	0.000000	0.000000	0.000000	0.000000	1001.072486	1.847511	995.466999	1.543843
-9.825500	0.000000	0.000000	0.000000	0.000000	1001.101611	1.635880	995.439192	1.707381
-9.804000	0.000000	0.000000	0.000000	0.000000	1001.080476	2.172060	995.417806	1.852074
-9.782500	0.000000	0.000000	0.000000	0.000000	1001.094033	1.681106	995.434550	1.618371
-9.761000	0.000000	0.000000	0.000000	0.000000	1001.789065	2.423236	996.149283	2.184083
-9.739500	0.000000	0.000000	0.000000	0.000000	1001.219268	2.475424	995.582533	2.191790
-9.718000	0.000000	0.000000	0.000000	0.000000	1001.425799	1.743710	995.735606	1.624332
-9.696500	0.000000	0.000000	0.000000	0.000000	1001.546886	1.807488	995.805273	1.889897
-9.675000	0.000000	0.000000	0.000000	0.000000	1001.381153	1.830207	995.659330	1.704018
-9.653500	0.000000	0.000000	0.000000	0.000000	1001.718012	2.004126	995.981634	1.562376
-9.632000	0.000000	0.000000	0.000000	0.000000	1000.703149	2.794117	994.986551	2.589524
-9.610500	0.000000	0.000000	0.000000	0.000000	1001.655786	2.061776	995.911437	1.834797
-9.589000	0.000000	0.000000	0.000000	0.000000	1000.837134	2.328576	995.145721	2.028387
-9.567500	0.000000	0.000000	0.000000	0.000000	1000.895248	2.090110	995.210301	1.653939
-9.546000	0.000000	0.000000	0.000000	0.000000	1001.172493	2.081315	995.468295	1.940019
-9.524500	0.000000	0.000000	0.000000	0.000000	1001.766163	1.640008	996.095320	1.700039
-9.503000	0.000000	0.000000	0.000000	0.000000	1001.332024	2.149324	995.600981	2.056286
-9.481500	0.000000	0.000000	0.000000	0.000000	1001.239708	1.992621	995.519434	2.022307
-9.460000	0.000000	0.000000	0.000000	0.000000	1001.640811	1.811195	995.905457	1.974116
-9.438500	0.000000	0.000000	0.000000	0.000000	1001.483307	2.089912	995.691696	1.745674
-9.417000	0.000000	0.000000	0.000000	0.000000	1001.662808	2.144635	995.905588	1.857530
-9.395500	0.000000	0.000000	0.000000	0.000000	1001.097648	2.035432	995.328432	1.667863
-9.374000	0.000000	0.000000	0.000000	0.000000	1001.445048	2.294600	995.695339	2.075815
-9.352500	0.000000	0.000000	0.000000	0.000000	1001.997640	2.127696	996.217090	2.044500
-9.331000	0.000000	0.000000	0.000000	0.000000	1000.942059	2.315255	995.115060	1.654787
-9.309500	0.000000	0.000000	0.000000	0.000000	1001.360758	2.508855	995.525247	2.269383
-9.288000	0.000000	0.000000	0.000000	0.000000	1001.531067	2.633756	995.667456	2.345760
-9.266500	0.000000	0.000000	0.000000	0.000000	1001.751067	2.182367	995.843788	2.160545
-9.245000	0.000000	0.000000	0.000000	0.000000	1000.749077	2.188077	994.893923	1.734608
-9.223500	0.000000	0.000000	0.000000	0.000000	1001.130449	2.002050	995.085014	2.057305
-9.202000	0.000000	0.000000	0.000000	0.000000	1001.693389	1.413331	995.716047	1.654513
-9.180500	0.000000	0.000000	0.000000	0.000000	1001.747590	2.422283	995.725018	2.078572
-9.159000	0.000000	0.000000	0.000000	0.000000	1001.485418	1.727906	995.528285	1.722316
-9.137500	0.000000	0.000000	0.000000	0.000000	1001.384702	1.828682	995.438128	1.756171
-9.116000	0.000000	0.000000	0.000000	0.000000	1001.186372	2.132638	995.233829	2.058674
-9.094500	0.000000	0.000000	0.000000	0.000000	1002.135783	2.365203	996.195230	1.821313
-9.073000	0.000000	0.000000	0.000000	0.000000	1001.135958	1.722462	995.238081	1.429160
-9.051500	0.000000	0.000000	0.000000	0.000000	1001.810993	2.136750	995.905720	1.975132
-9.030000	0.000000	0.000000	0.000000	0.000000	1002.142704	2.038798	996.147529	1.549831
-9.008500	0.000000	0.000000	0.000000	0.000000	1001.123307	2.055782	995.199089	1.834165
-8.987000	0.000000	0.000000	0.000000	0.000000	1001.346490	2.289276	995.436059	2.052982
-8.965500	0.000000	0.000000	0.000000	0.000000	1001.331661	2.189467	995.409737	2.304508
-8.944000	0.000000	0.000000	0.000000	0.000000	1001.553623	1.885014	995.568782	1.647131
-8.922500	0.000000	0.000000	0.000000	0.000000	1002.485633	2.161983	996.453848	2.178722
-8.901000	0.000000	0.000000	0.000000	0.000000	1001.086716	2.043805	995.112873	1.864316
-8.879500	0.000000	0.000000	0.000000	0.000000	1001.426630	1.967379	995.431152	1.488561
-8.858000	0.000000	0.000000	0.000000	0.000000	1001.485094	2.224536	995.473737	1.890140
-8.836500	0.000000	0.000000	0.000000	0.000000	1002.065330	2.408657	996.051783	2.086083
-8.815000	0.000000	0.000000	0.000000	0.000000	1001.313429	1.904396	995.363083	1.872762
-8.793500	0.000000	0.000000	0.000000	0.000000	1001.495304	2.196608	995.513637	2.111138
-8.772000	0.000000	0.000000	0.000000	0.000000	1001.669630	2.232643	995.729983	1.879460
-8.750500	0.000000	0.000000	0.000000	0.000000	1001.818246	2.509891	995.973340	2.264359
-8.729000	0.000000	0.000000	0.000000	0.000000	1001.147334	1.920536	995.280032	1.805983
-8.707500	0.000000	0.000000	0.000000	0.000000	1001.318978	1.858175	995.490793	1.590606
-8.686000	0.000000	0.000000	0.000000	0.000000	1001.170702	2.257438	995.253305	1.673867
-8.664500	0.000000	0.000000	0.000000	0.000000	1001.696631	2.133428	995.808491	2.033688
-8.643000	0.000000	0.000000	0.000000	0.000000	1000.909790	1.581449	995.074080	1.386657
-8.621500	0.000000	0.000000	0.000000	0.000000	1001.514608	1.770416	995.629337	1.932882
-8.600000	0.000000	0.000000	0.000000	0.000000	1001.727348	2.142314	995.810999	2.137877
-8.578500	0.000000	0.000000	0.000000	0.000000	1001.266527	1.828051	995.439330	1.673595
-8.557000	0.000000	0.000000	0.000000	0.000000	1000.660531	2.241374	994.878371	1.957396
-8.535500	0.000000	0.000000	0.000000	0.000000	1001.229200	2.009593	995.444071	1.830276
-8.514000	0.000000	0.000000	0.000000	0.000000	1001.088043	2.180084	995.362272	1.965085
-8.492500	0.000000	0.000000	0.000000	0.000000	1001.912002	1.860593	996.163070	1.666043
-8.471000	0.000000	0.000000	0.000000	0.000000	1001.554217	1.571820	995.781829	1.554570
-8.449500	0.000000	0.000000	0.000000	0.000000	1000.879174	2.127019	995.078276	1.639453
-8.428000	0.000000	0.000000	0.000000	0.000000	1002.012670	1.640351	996.191177	1.300837
-8.406500	0.000000	0.000000	0.000000	0.000000	1000.734452	1.943407	994.886841	1.788379
-8.385000	0.000000	0.000000	0.000000	0.000000	1001.037097	1.981199	995.259828	1.768542
-8.363500	0.000000	0.000000	0.000000	0.000000	1001.123755	2.182430	995.329888	1.929996
-8.342000	0.000000	0.000000	0.000000	0.000000	1002.123968	1.932366	996.260031	1.525777
-8.320500	0.000000	0.000000	0.000000	0.000000	1001.609338	1.948778	995.781359	1.837990
-8.299000	0.000000	0.000000	0.000000	0.000000	1001.275134	1.772006	995.466884	1.922829
-8.277500	0.000000	0.000000	0.000000	0.000000	1001.524713	1.806888	995.702857	1.707119
-8.256000	0.000000	0.000000	0.000000	0.000000	1001.447699	1.867272	995.638177	1.756678
-8.234500	0.000000	0.000000	0.000000	0.000000	1001.323676	2.288202	995.558138	2.319392
-8.213000	0.000000	0.000000	0.000000	0.000000	1001.176614	1.789441	995.342313	1.751807
-8.191500	0.000000	0.000000	0.000000	0.000000	1001.655902	2.093515	995.880381	1.654128
-8.170000	0.000000	0.000000	0.000000	0.000000	1001.001375	2.113609	995.258444	1.917506
-8.148500	0.000000	0.000000	0.000000	0.000000	1001.513408	1.892253	995.745998	1.542510
-8.127000	0.000000	0.000000	0.000000	0.000000	1001.562077	2.139472	995.808406	1.865018
-8.105500	0.000000	0.000000	0.000000	0.000000	1000.875690	2.522893	995.091795	2.265084
-8.084000	0.000000	0.000000	0.000000	0.000000	1001.234024	1.600571	995.459918	1.610375
-8.062500	0.000000	0.000000	0.000000	0.000000	1001.042763	2.266857	995.350626	2.037689
-8.041000	0.000000	0.000000	0.000000	0.000000	1001.198143	1.801917	995.469494	1.981240
-8.019500	0.000000	0.000000	0.000000	0.000000	1001.758053	2.098858	996.021175	2.178558
-7.998000	0.000000	0.000000	0.000000	0.000000	1001.613481	1.346813	995.829795	1.273614
-7.976500	0.000000	0.000000	0.000000	0.000000	1000.852105	2.214695	995.012778	1.970627
-7.955000	0.000000	0.000000	0.000000	0.000000	1000.639040	2.123066	994.845742	1.684092
-7.933500	0.000000	0.000000	0.000000	0.000000	1001.839768	2.238655	995.944170	1.932792
-7.912000	0.000000	0.000000	0.000000	0.000000	1001.836618	1.844266	995.979909	1.718766
-7.890500	0.000000	0.000000	0.000000	0.000000	1001.607837	2.189618	995.714339	2.130810
-7.869000	0.000000	0.000000	0.000000	0.000000	1001.672963	2.050035	995.819197	1.720872
-7.847500	0.000000	0.000000	0.000000	0.000000	1001.032842	1.718112	995.173564	1.393352
-7.826000	0.000000	0.000000	0.000000	0.000000	1001.491510	1.845845	995.617802	1.861145
-7.804500	0.000000	0.000000	0.000000	0.000000	1001.723183	2.127194	995.830634	1.679560
-7.783000	0.000000	0.000000	0.000000	0.000000	1001.277946	2.299711	995.295320	2.049296
-7.761500	0.000000	0.000000	0.000000	0.000000	1001.408717	2.225112	995.418891	1.932502
-7.740000	0.000000	0.000000	0.000000	0.000000	1001.835477	1.652394	995.909361	1.850368
-7.718500	0.000000	0.000000	0.000000	0.000000	1001.600699	1.943019	995.613005	1.509255
-7.697000	0.000000	0.000000	0.000000	0.000000	1001.141148	2.060471	995.139258	1.877047
-7.675500	0.000000	0.000000	0.000000	0.000000	1001.182553	1.951249	995.245249	1.898413
-7.654000	0.000000	0.000000	0.000000	0.000000	1001.427522	2.221505	995.463845	1.919197
-7.632500	0.000000	0.000000	0.000000	0.000000	1001.017185	1.997340	995.047215	1.746804
-7.611000	0.000000	0.000000	0.000000	0.000000	1001.476984	1.780210	995.490229	1.680151
-7.589500	0.000000	0.000000	0.000000	0.000000	1001.165314	2.047963	995.202828	2.079680
-7.568000	0.000000	0.000000	0.000000	0.000000	1001.600581	1.873468	995.611338	1.836451
-7.546500	0.000000	0.000000	0.000000	0.000000	1001.726074	2.034618	995.689959	1.784786
-7.525000	0.000000	0.000000	0.000000	0.000000	1001.803791	1.926928	995.728193	1.709447
-7.503500	0.000000	0.000000	0.000000	0.000000	1001.602391	2.127907	995.482560	1.901566
-7.482000	0.000000	0.000000	0.000000	0.000000	1001.737898	2.422403	995.580725	2.337406
-7.460500	0.000000	0.000000	0.000000	0.000000	1001.193420	1.904564	995.031258	1.626398
-7.439000	0.000000	0.000000	0.000000	0.000000	1001.971430	1.824588	995.790403	1.692576
-7.417500	0.000000	0.000000	0.000000	0.000000	1000.990820	1.993508	994.830745	1.701657
-7.396000	0.000000	0.000000	0.000000	0.000000	1001.696740	2.204315	995.518390	2.098311
-7.374500	0.000000	0.000000	0.000000	0.000000	1001.350918	1.410173	995.187357	1.430925
-7.353000	0.000000	0.000000	0.000000	0.000000	1001.344961	1.897109	995.179489	1.684709
-7.331500	0.000000	0.000000	0.000000	0.000000	1001.462629	1.584369	995.381587	1.630362
-7.310000	0.000000	0.000000	0.000000	0.000000	1001.293933	2.053620	995.098654	1.586384
-7.288500	0.000000	0.000000	0.000000	0.000000	1001.730406	2.290263	995.515412	2.204249
-7.267000	0.000000	0.000000	0.000000	0.000000	1001.388129	2.052473	995.131248	1.681683
-7.245500	0.000000	0.000000	0.000000	0.000000	1001.265337	2.139431	994.997566	1.688092
-7.224000	0.000000	0.000000	0.000000	0.000000	1001.336209	2.277513	995.116655	2.323101
-7.202500	0.000000	0.000000	0.000000	0.000000	1001.895116	2.017945	995.651914	1.370607
-7.181000	0.000000	0.000000	0.000000	0.000000	1002.295537	1.887018	995.991818	2.024632
-7.159500	0.000000	0.000000	0.000000	0.000000	1001.796955	1.635436	995.492387	1.648179
-7.138000	0.000000	0.000000	0.000000	0.000000	1001.059474	2.235067	994.689255	2.016541
-7.116500	0.000000	0.000000	0.000000	0.000000	1001.719611	2.012801	995.377672	2.088414
-7.095000	0.000000	0.000000	0.000000	0.000000	1001.891967	2.351084	995.519476	2.113915
-7.073500	0.000000	0.000000	0.000000	0.000000	1001.546178	2.157895	995.155917	1.660570
-7.052000	0.000000	0.000000	0.000000	0.000000	1001.563352	2.199417	995.102840	1.475438
-7.030500	0.000000	0.000000	0.000000	0.000000	1002.170639	2.422513	995.716944	1.971011
-7.009000	0.000000	0.000000	0.000000	0.000000	1001.469985	2.026311	995.078279	2.021993
-6.987500	0.000000	0.000000	0.000000	0.000000	1001.388757	2.055281	994.916141	1.780409
-6.966000	0.000000	0.000000	0.000000	0.000000	1001.372078	1.541626	995.000213	1.803287
-6.944500	0.000000	0.000000	0.000000	0.000000	1001.607816	1.709518	995.174662	1.735641
-6.923000	0.000000	0.000000	0.000000	0.000000	1001.915169	2.365024	995.505402	1.844023
-6.901500	0.000000	0.000000	0.000000	0.000000	1001.596610	2.205209	995.230613	1.693365
-6.880000	0.000000	0.000000	0.000000	0.000000	1001.526256	1.855500	995.179823	1.634190
-6.858500	0.000000	0.000000	0.000000	0.000000	1001.757886	2.064391	995.384287	1.858881
-6.837000	0.000000	0.000000	0.000000	0.000000	1001.988356	2.042978	995.673113	1.755117
-6.815500	0.000000	0.000000	0.000000	0.000000	1001.476573	1.637118	995.224197	1.642375
-6.794000	0.000000	0.000000	0.000000	0.000000	1002.282751	1.811454	996.058285	2.126153
-6.772500	0.000000	0.000000	0.000000	0.000000	1001.194867	2.088535	995.040588	1.918399
-6.751000	0.000000	0.000000	0.000000	0.000000	1001.143559	1.970335	994.919415	1.842233
-6.729500	0.000000	0.000000	0.000000	0.000000	1001.246943	2.074118	995.027572	2.007085
-6.708000	0.000000	0.000000	0.000000	0.000000	1001.277184	2.593856	995.053189	2.063741
-6.686500	0.000000	0.000000	0.000000	0.000000	1001.858993	2.248609	995.587830	1.927136
-6.665000	0.000000	0.000000	0.000000	0.000000	1001.469085	2.289939	995.257326	1.937876
-6.643500	0.000000	0.000000	0.000000	0.000000	1001.352134	2.111934	995.141613	2.170068
-6.622000	0.000000	0.000000	0.000000	0.000000	1001.749785	1.779705	995.534160	1.584878
-6.600500	0.000000	0.000000	0.000000	0.000000	1001.858213	2.019287	995.674538	1.818057
-6.579000	0.000000	0.000000	0.000000	0.000000	1001.901853	2.145647	995.799455	1.972450
-6.557500	0.000000	0.000000	0.000000	0.000000	1001.874260	1.641646	995.780281	1.816107
-6.536000	0.000000	0.000000	0.000000	0.000000	1001.523964	1.923242	995.475034	1.601594
-6.514500	0.000000	0.000000	0.000000	0.000000	1001.639717	2.647852	995.530382	2.227771
-6.493000	0.000000	0.000000	0.000000	0.000000	1000.803541	2.041474	994.644287	1.734876
-6.471500	0.000000	0.000000	0.000000	0.000000	1001.314771	2.290495	995.206300	1.943858
-6.450000	0.000000	0.000000	0.000000	0.000000	1001.084212	2.449791	994.981644	1.942310
-6.428500	0.000000	0.000000	0.000000	0.000000	1001.386636	2.215729	995.238444	2.164556
-6.407000	0.000000	0.000000	0.000000	0.000000	1001.997344	1.875552	995.714382	1.704241
-6.385500	0.000000	0.000000	0.000000	0.000000	1001.332293	1.943132	995.122156	2.187466
-6.364000	0.000000	0.000000	0.000000	0.000000	1000.968448	2.029888	994.706075	2.062366
-6.342500	0.000000	0.000000	0.000000	0.000000	1001.215603	2.016641	994.972287	1.766431
-6.321000	0.000000	0.000000	0.000000	0.000000	1001.715558	2.035526	995.512328	1.933550
-6.299500	0.000000	0.000000	0.000000	0.000000	1001.359971	1.835516	995.116137	1.569199
-6.278000	0.000000	0.000000	0.000000	0.000000	1001.012692	1.990509	994.843748	1.730210
-6.256500	0.000000	0.000000	0.000000	0.000000	1001.353691	2.047186	995.231500	1.718431
-6.235000	0.000000	0.000000	0.000000	0.000000	1001.462020	1.587719	995.294318	1.569731
-6.213500	0.000000	0.000000	0.000000	0.000000	1001.761877	2.173214	995.639130	1.995961
-6.192000	0.000000	0.000000	0.000000	0.000000	1001.887974	1.879792	995.777975	1.790643
-6.170500	0.000000	0.000000	0.000000	0.000000	1001.165755	1.655852	995.036509	1.796805
-6.149000	0.000000	0.000000	0.000000	0.000000	1001.335863	1.609400	995.252687	1.545359
-6.127500	0.000000	0.000000	0.000000	0.000000	1001.421272	2.514312	995.211989	2.440944
-6.106000	0.000000	0.000000	0.000000	0.000000	1001.399155	2.326848	995.270662	1.999808
-6.084500	0.000000	0.000000	0.000000	0.000000	1001.493842	1.923211	995.301246	1.940820
-6.063000	0.000000	0.000000	0.000000	0.000000	1001.328921	2.081383	995.168693	1.723019
-6.041500	0.000000	0.000000	0.000000	0.000000	1001.470127	2.057373	995.270830	2.010932
-6.020000	0.000000	0.000000	0.000000	0.000000	1001.352272	1.773388	995.198784	1.755432
-5.998500	0.000000	0.000000	0.000000	0.000000	1000.887974	1.820653	994.741471	1.518010
-5.977000	0.000000	0.000000	0.000000	0.000000	1001.284835	2.535691	995.051490	2.393823
-5.955500	0.000000	0.000000	0.000000	0.000000	1000.957386	1.592539	994.726467	1.790984
-5.934000	0.000000	0.000000	0.000000	0.000000	1001.461370	2.184189	995.231237	1.846401
-5.912500	0.000000	0.000000	0.000000	0.000000	1001.087434	2.124284	994.880271	1.913108
-5.891000	0.000000	0.000000	0.000000	0.000000	1001.542602	2.211993	995.350558	1.769843
-5.869500	0.000000	0.000000	0.000000	0.000000	1001.458929	2.240856	995.188111	1.621746
-5.848000	0.000000	0.000000	0.000000	0.000000	1000.844254	2.333261	994.627138	1.983709
-5.826500	0.000000	0.000000	0.000000	0.000000	1001.237704	1.921468	995.029678	1.727656
-5.805000	0.000000	0.000000	0.000000	0.000000	1000.862083	2.000800	994.653062	1.693024
-5.783500	0.000000	0.000000	0.000000	0.000000	1001.226853	2.030625	994.971385	1.692679
-5.762000	0.000000	0.000000	0.000000	0.000000	1001.319429	1.804591	995.130228	1.978900
-5.740500	0.000000	0.000000	0.000000	0.000000	1001.065368	1.711067	994.903874	1.904699
-5.719000	0.000000	0.000000	0.000000	0.000000	1000.924258	2.067776	994.810587	1.669222
-5.697500	0.000000	0.000000	0.000000	0.000000	1001.154286	1.964975	994.953100	1.736409
-5.676000	0.000000	0.000000	0.000000	0.000000	1001.287667	1.801848	995.072660	1.839036
-5.654500	0.000000	0.000000	0.000000	0.000000	1001.399327	1.890625	995.205003	1.663529
-5.633000	0.000000	0.000000	0.000000	0.000000	1001.356179	2.227484	995.110546	2.089351
-5.611500	0.000000	0.000000	0.000000	0.000000	1001.376552	1.865136	995.169417	1.620406
-5.590000	0.000000	0.000000	0.000000	0.000000	1001.304624	2.184805	995.038045	2.091150
-5.568500	0.000000	0.000000	0.000000	0.000000	1001.444575	2.620286	995.135026	2.246188
-5.547000	0.000000	0.000000	0.000000	0.000000	1001.147017	2.267937	994.802971	1.773488
-5.525500	0.000000	0.000000	0.000000	0.000000	1000.863310	1.879041	994.544939	1.632258
-5.504000	0.000000	0.000000	0.000000	0.000000	1000.881560	2.215591	994.473999	2.022438
-5.482500	0.000000	0.000000	0.000000	0.000000	1000.667848	1.930110	994.264941	1.508655
-5.461000	0.000000	0.000000	0.000000	0.000000	1000.775636	1.754718	994.360869	1.576728
-5.439500	0.000000	0.000000	0.000000	0.000000	1001.524310	1.936449	995.011718	1.829949
-5.418000	0.000000	0.000000	0.000000	0.000000	1001.526550	2.075464	995.095666	1.716129
-5.396500	0.000000	0.000000	0.000000	0.000000	1001.501248	2.118402	995.009424	2.226122
-5.375000	0.000000	0.000000	0.000000	0.000000	1000.899044	2.037497	994.361811	1.787880
-5.353500	0.000000	0.000000	0.000000	0.000000	1001.725121	1.962281	995.233559	2.040871
-5.332000	0.000000	0.000000	0.000000	0.000000	1001.740949	1.863353	995.220827	1.599961
-5.310500	0.000000	0.000000	0.000000	0.000000	1001.136339	2.326198	994.627148	2.115389
-5.289000	0.000000	0.000000	0.000000	0.000000	1000.850259	1.907883	994.439397	1.779351
-5.267500	0.000000	0.000000	0.000000	0.000000	1000.732085	1.655686	994.281018	1.550033
-5.246000	0.000000	0.000000	0.000000	0.000000	1000.762118	1.890625	994.330291	1.975410
-5.224500	0.000000	0.000000	0.000000	0.000000	1001.195971	1.739386	994.798020	2.141953
-5.203000	0.000000	0.000000	0.000000	0.000000	1001.906216	1.766823	995.458479	1.572489
-5.181500	0.000000	0.000000	0.000000	0.000000	1001.212813	2.062189	994.766134	1.812125
-5.160000	0.000000	0.000000	0.000000	0.000000	1001.027266	1.991278	994.545373	1.628872
-5.138500	0.000000	0.000000	0.000000	0.000000	1000.683098	2.070993	994.256871	1.640199
-5.117000	0.000000	0.000000	0.000000	0.000000	1000.700563	1.932283	994.204620	1.528366
-5.095500	0.000000	0.000000	0.000000	0.000000	1000.698024	2.132182	994.228201	1.694819
-5.074000	0.000000	0.000000	0.000000	0.000000	1001.072504	1.907375	994.558691	2.015381
-5.052500	0.000000	0.000000	0.000000	0.000000	1001.429624	1.630854	994.943263	1.444406
-5.031000	0.000000	0.000000	0.000000	0.000000	1000.960601	2.093674	994.495989	1.936461
-5.009500	0.000000	0.000000	0.000000	0.000000	1001.469396	2.217081	994.930952	2.258091
-4.988000	0.000000	0.000000	0.000000	0.000000	1000.270281	1.561114	993.770037	1.557142
-4.966500	0.000000	0.000000	0.000000	0.000000	1000.807430	1.991268	994.234652	1.761262
-4.945000	0.000000	0.000000	0.000000	0.000000	1000.982870	1.957560	994.291694	1.721643
-4.923500	0.000000	0.000000	0.000000	0.000000	1001.155501	1.594520	994.508223	1.569257
-4.902000	0.000000	0.000000	0.000000	0.000000	1000.727230	1.813032	994.005842	1.657752
-4.880500	0.000000	0.000000	0.000000	0.000000	1000.474600	2.282305	993.747703	2.086183
-4.859000	0.000000	0.000000	0.000000	0.000000	1001.303463	1.754710	994.564043	1.596562
-4.837500	0.000000	0.000000	0.000000	0.000000	1001.534417	2.226039	994.762644	2.269717
-4.816000	0.000000	0.000000	0.000000	0.000000	1001.142743	2.202204	994.402968	2.016361
-4.794500	0.000000	0.000000	0.000000	0.000000	1000.488139	1.760320	993.659854	1.744153
-4.773000	0.000000	0.000000	0.000000	0.000000	1000.922265	2.005507	994.097948	1.781520
-4.751500	0.000000	0.000000	0.000000	0.000000	1001.291802	2.258915	994.424636	2.094124
-4.730000	0.000000	0.000000	0.000000	0.000000	1000.903569	1.970865	993.952039	1.909821
-4.708500	0.000000	0.000000	0.000000	0.000000	1000.423606	1.863930	993.510914	1.908898
-4.687000	0.000000	0.000000	0.000000	0.000000	1000.713448	1.824195	993.672112	1.742741
-4.665500	0.000000	0.000000	0.000000	0.000000	1001.047536	1.935600	993.996803	1.725562
-4.644000	0.000000	0.000000	0.000000	0.000000	1000.643743	2.193995	993.533776	1.960291
-4.622500	0.000000	0.000000	0.000000	0.000000	1001.304039	1.928891	994.106870	1.819209
-4.601000	0.000000	0.000000	0.000000	0.000000	1001.022359	2.116318	993.857330	1.956421
-4.579500	0.000000	0.000000	0.000000	0.000000	1001.743249	1.876014	994.507579	2.061155
-4.558000	0.000000	0.000000	0.000000	0.000000	1001.461729	2.051802	994.245412	1.854403
-4.536500	0.000000	0.000000	0.000000	0.000000	1001.251832	2.044898	993.986153	2.016212
-4.515000	0.000000	0.000000	0.000000	0.000000	1000.666930	2.302796	993.329626	1.810683
-4.493500	0.000000	0.000000	0.000000	0.000000	1000.537125	2.126604	993.201961	1.774083
-4.472000	0.000000	0.000000	0.000000	0.000000	1000.312864	1.967674	992.945791	1.465851
-4.450500	0.000000	0.000000	0.000000	0.000000	1000.332429	2.165879	992.935832	1.901821
-4.429000	0.000000	0.000000	0.000000	0.000000	1001.245170	2.008933	993.737187	1.566141
-4.407500	0.000000	0.000000	0.000000	0.000000	1000.581183	1.940033	993.067158	1.653875
-4.386000	0.000000	0.000000	0.000000	0.000000	1001.087061	1.940132	993.530521	1.745035
-4.364500	0.000000	0.000000	0.000000	0.000000	1000.564082	2.136111	992.858283	1.986610
-4.343000	0.000000	0.000000	0.000000	0.000000	1000.909726	2.263391	993.213695	2.006906
-4.321500	0.000000	0.000000	0.000000	0.000000	1001.883633	1.965619	994.075239	1.843186
-4.300000	0.000000	0.000000	0.000000	0.000000	1001.320035	1.583989	993.478978	1.499045
-4.278500	0.000000	0.000000	0.000000	0.000000	1001.089182	2.096191	993.162563	1.953607
-4.257000	0.000000	0.000000	0.000000	0.000000	1001.768352	1.842014	993.817629	1.868932
-4.235500	0.000000	0.000000	0.000000	0.000000	1001.117646	1.876267	993.053417	1.503180
-4.214000	0.000000	0.000000	0.000000	0.000000	1000.441907	2.115494	992.402976	1.846637
-4.192500	0.000000	0.000000	0.000000	0.000000	1001.537818	2.281946	993.325949	1.822502
-4.171000	0.000000	0.000000	0.000000	0.000000	1000.836702	1.869941	992.645024	1.978145
-4.149500	0.000000	0.000000	0.000000	0.000000	1000.816077	2.223485	992.558750	2.191123
-4.128000	0.000000	0.000000	0.000000	0.000000	1000.716080	2.806402	992.291147	1.892984
-4.106500	0.000000	0.000000	0.000000	0.000000	1001.320983	2.227055	992.804618	1.877473
-4.085000	0.000000	0.000000	0.000000	0.000000	1001.764293	1.850758	993.171389	1.776645
-4.063500	0.000000	0.000000	0.000000	0.000000	1001.235639	1.727858	992.624252	1.342247
-4.042000	0.000000	0.000000	0.000000	0.000000	1001.047055	2.444556	992.412665	2.071048
-4.020500	0.000000	0.000000	0.000000	0.000000	1001.162824	1.761674	992.391973	1.736528
-3.999000	0.000000	0.000000	0.000000	0.000000	1000.741330	2.339409	991.837776	1.988840
-3.977500	0.000000	0.000000	0.000000	0.000000	1001.068349	2.443588	992.076387	2.021256
-3.956000	0.000000	0.000000	0.000000	0.000000	1000.938363	1.946129	991.823946	2.084291
-3.934500	0.000000	0.000000	0.000000	0.000000	1001.279352	1.749003	992.092986	1.285264
-3.913000	0.000000	0.000000	0.000000	0.000000	1001.605952	1.832291	992.168336	1.653839
-3.891500	0.000000	0.000000	0.000000	0.000000	1001.581298	1.778104	992.046497	1.777664
-3.870000	0.000000	0.000000	0.000000	0.000000	1001.945272	2.078445	992.271532	1.603869
-3.848500	0.000000	0.000000	0.000000	0.000000	1001.508429	2.189191	991.675228	1.936896
-3.827000	0.000000	0.000000	0.000000	0.000000	1001.298814	2.148172	991.374733	1.849806
-3.805500	0.000000	0.000000	0.000000	0.000000	1000.896946	2.072717	990.783935	2.175499
-3.784000	0.000000	0.000000	0.000000	0.000000	1002.171936	1.957647	991.850630	1.700682
-3.762500	0.000000	0.000000	0.000000	0.000000	1001.239216	2.247505	990.822216	1.789820
-3.741000	0.000000	0.000000	0.000000	0.000000	1001.846800	2.203584	991.224377	1.661383
-3.719500	0.000000	0.000000	0.000000	0.000000	1002.061261	2.237838	991.269755	2.177965
-3.698000	0.000000	0.000000	0.000000	0.000000	1002.256652	1.859926	991.302691	2.112672
-3.676500	0.000000	0.000000	0.000000	0.000000	1001.865639	2.160210	990.607897	2.051529
-3.655000	0.000000	0.000000	0.000000	0.000000	1001.890929	1.902648	990.281907	2.074135
-3.633500	0.000000	0.000000	0.000000	0.000000	1001.831599	2.541937	989.957516	2.094303
-3.612000	0.000000	0.000000	0.000000	0.000000	1002.141306	1.801783	989.977077	1.418979
-3.590500	0.000000	0.000000	0.000000	0.000000	1002.607206	2.221855	990.266690	1.865811
-3.569000	0.000000	0.000000	0.000000	0.000000	1002.088264	2.128340	989.358964	2.060016
-3.547500	0.000000	0.000000	0.000000	0.000000	1002.633771	2.296918	989.642906	1.961332
-3.526000	0.000000	0.000000	0.000000	0.000000	1002.553152	2.270603	989.117312	1.887660
-3.504500	0.000000	0.000000	0.000000	0.000000	1002.465589	1.849450	988.677920	1.949654
-3.483000	0.000000	0.000000	0.000000	0.000000	1003.999370	2.496535	989.843178	2.195847
-3.461500	0.000045	0.000000	0.000000	0.000000	1003.788320	1.712835	989.201897	1.458745
-3.440000	0.000235	0.001266	0.000000	0.000000	1003.528861	2.344891	988.546896	2.061722
-3.418500	0.000000	0.000000	0.000000	0.000000	1003.800560	1.960371	988.144223	1.814736
-3.397000	0.000222	0.001194	0.000000	0.000000	1004.873105	2.562645	988.733521	2.724997
-3.375500	0.000853	0.004593	0.000000	0.000000	1004.076312	2.413164	987.591733	2.089504
-3.354000	0.001354	0.007291	0.000000	0.000000	1004.472674	1.929776	987.314693	1.525753
-3.332500	0.002612	0.013763	0.000000	0.000000	1005.781566	1.749400	987.791440	2.056463
-3.311000	0.004336	0.020813	0.000000	0.000000	1005.046970	1.617059	986.434562	2.039278
-3.289500	0.005107	0.019307	0.000000	0.000000	1005.674879	2.261350	986.144935	2.456099
-3.268000	0.008790	0.028349	0.000000	0.000000	1006.175719	2.366168	985.624411	2.485262
-3.246500	0.017179	0.052284	0.000000	0.000000	1006.843245	2.372112	985.395239	2.206500
-3.225000	0.028522	0.073253	0.000000	0.000000	1007.226523	2.778374	984.699859	2.216792
-3.203500	0.053541	0.127745	0.000000	0.000000	1007.933965	2.553699	984.337243	2.178766
-3.182000	0.100960	0.196810	0.000000	0.000000	1007.637579	2.624153	983.062735	2.445183
-3.160500	0.184921	0.319376	0.000000	0.000000	1008.657093	2.813507	982.842700	2.561402
-3.139000	0.341400	0.484679	0.000000	0.000000	1009.164327	2.895926	982.152656	2.816811
-3.117500	0.606766	0.780434	0.000000	0.000000	1010.617825	2.774293	982.357348	2.940172
-3.096000	0.975214	1.048479	0.000000	0.000000	1010.273562	2.814009	980.647116	2.758823
-3.074500	1.547696	1.458233	0.000000	0.000000	1010.515854	3.424770	979.567303	3.395955
-3.053000	2.331948	1.850617	0.000000	0.000000	1010.717683	3.460431	978.431324	3.517969
-3.031500	3.464566	2.352726	0.000000	0.000000	1010.122307	3.717778	976.518282	4.040613
-3.010000	4.906970	2.829592	0.000000	0.000000	1009.368280	5.077045	974.331949	5.352712
-2.988500	6.825067	3.412613	0.000000	0.000000	1007.104102	4.944833	970.631303	5.329370
-2.967000	9.274721	4.012072	0.000000	0.000000	1004.115075	5.482058	966.529986	5.357447
-2.945500	12.511241	4.818720	0.000000	0.000000	1000.862542	6.148967	962.373530	6.600693
-2.924000	16.426488	5.628520	0.000000	0.000000	997.194251	6.206262	957.571351	6.306238
-2.902500	21.210579	6.662503	0.000000	0.000000	992.615692	6.946136	952.302065	6.920347
-2.881000	27.130700	7.994238	0.000000	0.000000	986.321157	7.407051	945.500272	7.791683
-2.859500	34.408875	9.494901	0.000000	0.000000	979.673750	8.815960	938.351003	9.074630
-2.838000	42.898541	11.264922	0.000000	0.000000	971.930451	10.505597	930.306006	10.579740
-2.816500	53.052759	12.744190	0.000000	0.000000	963.055961	12.265462	921.684979	12.074808
-2.795000	65.116713	14.520992	0.000000	0.000000	952.331649	13.336494	911.249542	13.106421
-2.773500	78.651481	16.219466	0.000000	0.000000	939.701524	15.683452	899.789404	14.962419
-2.752000	94.053436	18.003324	0.000000	0.000000	925.533978	18.641980	886.788957	17.831953
-2.730500	111.061398	19.830833	0.000000	0.000000	910.338634	20.360807	873.161469	19.624687
-2.709000	130.226149	22.210054	0.000000	0.000000	891.930259	22.021984	856.393761	21.194880
-2.687500	151.215510	25.057293	0.000000	0.000000	872.845039	24.570252	839.421550	23.887194
-2.666000	174.364244	27.901186	0.000000	0.000000	851.080225	26.869342	819.592929	26.268431
-2.644500	199.676062	31.467708	0.000311	0.001677	828.455157	27.857772	798.949634	27.249146
-2.623000	227.607372	34.803555	0.000677	0.003648	804.860448	29.126648	777.292174	28.518767
-2.601500	258.637753	37.884406	0.001257	0.006187	779.685126	29.860965	754.129473	28.929009
-2.580000	293.774443	41.753674	0.002701	0.012364	753.923741	29.920558	730.137366	29.196717
-2.558500	332.376212	45.726201	0.005111	0.022170	727.057815	29.114823	704.937895	28.728223
-2.537000	375.462469	49.659862	0.009030	0.041449	699.990551	28.591928	679.141395	28.381146
-2.515500	422.212835	53.939200	0.012907	0.054829	672.403705	27.573922	652.614233	27.305097
-2.494000	473.506243	58.504575	0.021798	0.090509	644.477480	27.511154	625.386498	27.319303
-2.472500	527.557441	61.401804	0.028340	0.105461	616.794374	27.845717	598.184100	27.586430
-2.451000	584.708647	64.591117	0.035163	0.120851	589.646697	28.863486	570.926280	28.489290
-2.429500	642.408841	65.731461	0.048701	0.154718	563.878682	29.228726	544.391975	28.611005
-2.408000	700.306436	65.628826	0.068862	0.214592	538.638340	29.058812	518.218064	28.167893
-2.386500	756.192688	63.735947	0.095666	0.268453	515.590322	29.703645	493.793363	28.783681
-2.365000	810.112660	62.097517	0.129454	0.349133	494.934808	28.472859	471.431638	27.520701
-2.343500	859.477788	61.186508	0.172812	0.419397	476.650571	26.777851	451.468727	26.151546
-2.322000	903.707991	60.431229	0.243528	0.509159	460.747604	24.866852	434.038758	24.336474
-2.300500	943.375368	60.375327	0.352554	0.644458	448.613376	22.974146	420.198804	22.695972
-2.279000	976.654151	60.191900	0.490185	0.764301	440.612378	20.449455	410.548902	20.616553
-2.257500	1005.661865	60.134858	0.676629	0.902917	435.994523	19.513465	404.436316	19.668000
-2.236000	1028.628549	57.346980	0.914347	1.012145	435.331093	18.690514	402.393112	19.136285
-2.214500	1044.564786	54.083011	1.301131	1.213989	438.295703	18.148574	404.091280	18.804599
-2.193000	1051.190993	47.327231	1.752961	1.346051	443.736053	17.847130	408.338872	18.650066
-2.171500	1049.729527	41.757559	2.422510	1.566887	451.932964	17.477444	415.354180	18.563718
-2.150000	1039.945983	35.711542	3.277739	1.798148	461.715551	16.049468	424.278201	17.362885
-2.128500	1023.073229	30.938107	4.385608	2.010135	472.741820	16.255667	434.432327	16.789375
-2.107000	1003.096501	30.642312	5.930927	2.404676	484.345094	16.073813	445.168064	16.119282
-2.085500	980.421780	31.917933	8.037021	2.921877	496.080365	16.121518	455.891189	15.624833
-2.064000	957.870192	33.362924	10.538966	3.512950	506.101949	16.975212	465.085105	16.418765
-2.042500	936.434619	35.532276	14.012015	4.423317	515.002981	18.123658	473.136220	17.420521
-2.021000	916.813518	36.385632	18.349407	5.493833	519.476159	20.838430	477.086548	19.662621
-1.999500	900.480348	36.481623	24.009871	6.758623	521.623427	24.803279	478.840473	23.515101
-1.978000	884.990263	33.513430	31.022498	8.349973	519.444407	28.147899	476.575863	27.381214
-1.956500	869.254964	29.804197	39.688633	10.192559	512.462281	30.586475	470.423448	30.322057
-1.935000	856.582616	25.855736	50.187630	12.220554	501.593999	31.690787	460.867733	31.914348
-1.913500	843.923958	22.161988	62.706363	14.240125	485.421166	32.180290	446.812455	32.436675
-1.892000	832.213857	18.932920	77.959348	16.871277	465.570644	32.737784	429.665599	32.671151
-1.870500	821.446739	17.898214	95.544927	19.356603	443.375317	32.827295	410.339511	32.048343
-1.849000	809.015905	21.519225	116.002989	21.719952	417.776763	32.525945	388.024440	31.309312
-1.827500	794.754756	28.883411	139.237180	23.664908	389.455776	32.035145	363.191513	30.505937
-1.806000	777.000488	34.171989	165.362751	26.211119	359.215326	31.768517	336.695027	29.751162
-1.784500	755.603094	37.059435	194.554870	28.204146	327.177009	31.635218	308.270320	29.220184
-1.763000	729.603597	38.542265	226.449407	29.883715	295.570985	31.888097	279.956809	28.962401
-1.741500	697.128815	39.161658	260.961188	31.436049	264.306536	30.700027	251.611813	27.674674
-1.720000	660.740245	40.318279	297.710801	32.451581	233.879038	29.629028	223.646792	26.911290
-1.698500	620.971532	41.331718	335.175457	32.638880	205.112801	28.269826	196.812976	25.773196
-1.677000	578.767830	41.907199	374.236318	32.782045	177.754669	25.831962	170.971168	23.813026
-1.655500	534.861182	42.906436	413.350953	33.286922	151.670619	23.372032	146.109950	21.618241
-1.634000	490.687233	43.674111	452.962842	33.046223	127.326496	20.701275	122.789659	19.152890
-1.612500	444.870078	44.172525	491.874231	33.326668	105.121221	18.600677	101.408078	17.091022
-1.591000	399.764725	43.425422	530.907594	33.605707	85.261930	16.267859	82.335924	14.827427
-1.569500	354.924433	41.771710	568.004665	32.809388	68.315019	13.980616	66.048264	12.707281
-1.548000	311.962355	38.822713	603.382559	31.001950	53.673079	12.063295	51.976387	10.991589
-1.526500	270.734714	36.164624	636.907165	28.732558	41.863261	10.192708	40.686284	9.401146
-1.505000	232.235260	33.860780	667.946158	27.715018	32.138366	8.485775	31.376615	7.949325
-1.483500	197.841086	31.410121	695.811173	24.791489	24.427810	6.727704	23.953992	6.448883
-1.462000	166.625219	28.715535	720.773722	22.296858	18.293519	5.543417	18.022649	5.368246
-1.440500	138.949705	26.252374	743.751213	20.522404	13.568461	4.480227	13.424066	4.391943
-1.419000	114.693855	23.562903	764.448461	18.794309	9.986643	3.461805	9.900943	3.404673
-1.397500	93.040920	21.221868	783.406000	16.360325	7.231329	2.711877	7.183003	2.679887
-1.376000	74.446751	18.569504	799.814318	13.662592	5.193737	2.070196	5.170356	2.055586
-1.354500	58.739748	16.343133	813.748544	12.381070	3.710885	1.643744	3.698331	1.637030
-1.333000	45.445830	13.889486	824.998922	10.723624	2.565064	1.277703	2.560728	1.276354
-1.311500	34.311766	11.633408	834.417891	9.848082	1.764659	1.022801	1.763170	1.022827
-1.290000	25.388295	9.687462	841.477744	8.871865	1.195116	0.796738	1.194587	0.796836
-1.268500	18.479891	7.864469	847.629396	7.143701	0.768152	0.618980	0.768065	0.619006
-1.247000	13.247659	6.142186	853.061369	6.883174	0.480483	0.458478	0.480483	0.458478
-1.225500	9.350573	4.743495	857.508760	5.550341	0.307780	0.331504	0.307780	0.331504
-1.204000	6.566303	3.563374	861.996308	6.144356	0.183637	0.233007	0.183637	0.233007
-1.182500	4.623958	2.730094	865.240035	6.950398	0.105294	0.161319	0.105294	0.161319
-1.161000	3.104546	2.108070	867.378605	6.697994	0.058457	0.094875	0.058457	0.094875
-1.139500	2.102967	1.673247	869.808637	7.029546	0.032376	0.062285	0.032376	0.062285
-1.118000	1.372677	1.247067	871.849939	6.497876	0.019577	0.045677	0.019577	0.045677
-1.096500	0.858376	0.922320	871.841545	6.338069	0.010913	0.032303	0.010913	0.032303
-1.075000	0.506918	0.655785	872.554900	5.724346	0.006613	0.021898	0.006613	0.021898
-1.053500	0.290777	0.455663	873.056719	5.609792	0.003947	0.012273	0.003947	0.012273
-1.032000	0.163888	0.321714	872.776478	5.875552	0.002683	0.010827	0.002683	0.010827
-1.010500	0.088027	0.207625	874.046576	5.292236	0.001773	0.006937	0.001773	0.006937
-0.989000	0.040603	0.108502	874.781358	4.871892	0.001407	0.006300	0.001407	0.006300
-0.967500	0.015348	0.049299	875.714100	5.335772	0.000877	0.003450	0.000877	0.003450
-0.946000	0.006238	0.019867	875.976295	4.855252	0.000573	0.002232	0.000573	0.002232
-0.924500	0.002293	0.008698	875.695480	4.870025	0.000213	0.000807	0.000213	0.000807
-0.903000	0.000560	0.002889	874.306876	4.465575	0.000223	0.001000	0.000223	0.001000
-0.881500	0.000054	0.000000	871.693885	5.916766	0.000169	0.000861	0.000169	0.000861
-0.860000	0.000000	0.000000	869.193328	6.176223	0.000009	0.000000	0.000009	0.000000
-0.838500	0.000000	0.000000	866.712057	5.647789	0.000046	0.000000	0.000046	0.000000
-0.817000	0.000000	0.000000	863.707740	5.123965	0.000122	0.000659	0.000122	0.000659
-0.795500	0.000000	0.000000	861.956479	4.876068	0.000008	0.000000	0.000008	0.000000
-0.774000	0.000000	0.000000	859.166709	4.978999	0.000025	0.000000	0.000025	0.000000
-0.752500	0.000000	0.000000	857.880957	4.593160	0.000242	0.001305	0.000242	0.001305
-0.731000	0.000000	0.000000	855.681378	4.167486	0.000110	0.000590	0.000110	0.000590
-0.709500	0.000000	0.000000	855.003749	4.141649	0.000706	0.003804	0.000706	0.003804
-0.688000	0.000000	0.000000	853.307563	4.587230	0.000093	0.000500	0.000093	0.000500
-0.666500	0.000000	0.000000	852.173517	4.624843	0.000310	0.001669	0.000310	0.001669
-0.645000	0.000000	0.000000	850.903207	5.417458	0.000194	0.001043	0.000194	0.001043
-0.623500	0.000000	0.000000	850.336260	4.674878	0.000537	0.002890	0.000537	0.002890
-0.602000	0.000000	0.000000	850.323482	4.857978	0.000378	0.002033	0.000378	0.002033
-0.580500	0.000000	0.000000	850.004036	4.546687	0.000438	0.002360	0.000438	0.002360
-0.559000	0.000000	0.000000	850.404383	4.428155	0.000317	0.001707	0.000317	0.001707
-0.537500	0.000000	0.000000	850.220608	4.768788	0.000485	0.002612	0.000485	0.002612
-0.516000	0.000000	0.000000	851.054435	4.130620	0.001224	0.006590	0.001224	0.006590
-0.494500	0.000000	0.000000	850.997089	3.482534	0.000839	0.004520	0.000839	0.004520
-0.473000	0.000000	0.000000	851.087853	4.321120	0.001078	0.005806	0.001078	0.005806
-0.451500	0.000000	0.000000	849.617623	5.107384	0.000184	0.000990	0.000184	0.000990
-0.430000	0.000000	0.000000	847.614130	6.326123	0.000509	0.002743	0.000509	0.002743
-0.408500	0.000000	0.000000	845.051696	7.168191	0.000097	0.000524	0.000097	0.000524
-0.387000	0.000000	0.000000	840.027603	7.874707	0.000521	0.002805	0.000521	0.002805
-0.365500	0.000000	0.000000	833.869013	8.462142	0.000520	0.002801	0.000520	0.002801
-0.344000	0.000000	0.000000	825.901811	9.815293	0.000344	0.001853	0.000344	0.001853
-0.322500	0.000000	0.000000	816.792819	11.079791	0.000375	0.002020	0.000375	0.002020
-0.301000	0.000000	0.000000	804.477569	11.622336	0.000455	0.002448	0.000455	0.002448
-0.279500	0.000000	0.000000	790.613273	12.591811	0.000295	0.001590	0.000295	0.001590
-0.258000	0.000000	0.000000	773.942824	13.492183	0.000127	0.000682	0.000127	0.000682
-0.236500	0.000000	0.000000	755.065163	14.874629	0.000596	0.003208	0.000596	0.003208
-0.215000	0.000000	0.000000	734.260654	15.614619	0.000246	0.001324	0.000246	0.001324
-0.193500	0.000000	0.000000	712.100144	14.869607	0.000463	0.002494	0.000463	0.002494
-0.172000	0.000000	0.000000	689.669167	14.800217	0.000248	0.001334	0.000248	0.001334
-0.150500	0.000000	0.000000	666.720639	14.230848	0.000214	0.001152	0.000214	0.001152
-0.129000	0.000000	0.000000	644.615357	13.829055	0.000797	0.004294	0.000797	0.004294
-0.107500	0.000000	0.000000	624.214150	13.466775	0.000574	0.003093	0.000574	0.003093
-0.086000	0.000000	0.000000	606.676097	12.700078	0.001041	0.005604	0.001041	0.005604
-0.064500	0.000000	0.000000	592.169371	12.413445	0.000428	0.002303	0.000428	0.002303
-0.043000	0.000000	0.000000	580.982450	12.143347	0.000610	0.003285	0.000610	0.003285
-0.021500	0.000000	0.000000	575.782633	12.891753	0.000671	0.003613	0.000671	0.003613
0.000000	0.000000	0.000000	573.555785	12.666794	0.000447	0.002407	0.000447	0.002407
0.021500	0.000000	0.000000	579.009111	13.123571	0.000361	0.001944	0.000361	0.001944
0.043000	0.000000	0.000000	587.785978	14.444238	0.000243	0.001306	0.000243	0.001306
0.064500	0.000000	0.000000	601.826099	15.374217	0.000331	0.001782	0.000331	0.001782
0.086000	0.000000	0.000000	619.767647	15.609314	0.000380	0.002047	0.000380	0.002047
0.107500	0.000000	0.000000	639.622242	15.956698	0.000786	0.004235	0.000786	0.004235
0.129000	0.000000	0.000000	661.544001	16.557592	0.000799	0.004304	0.000799	0.004304
0.150500	0.000000	0.000000	684.741252	16.607278	0.000234	0.001259	0.000234	0.001259
0.172000	0.000000	0.000000	707.483292	16.219780	0.000609	0.003278	0.000609	0.003278
0.193500	0.000000	0.000000	729.953331	15.288595	0.000523	0.002817	0.000523	0.002817
0.215000	0.000000	0.000000	750.908175	15.748520	0.000487	0.002622	0.000487	0.002622
0.236500	0.000000	0.000000	769.354736	14.401501	0.000371	0.001996	0.000371	0.001996
0.258000	0.000000	0.000000	786.130963	13.622769	0.000187	0.001008	0.000187	0.001008
0.279500	0.000000	0.000000	800.922346	12.838825	0.000475	0.002559	0.000475	0.002559
0.301000	0.000000	0.000000	813.029084	12.426458	0.000459	0.002471	0.000459	0.002471
0.322500	0.000000	0.000000	822.547142	10.671925	0.000165	0.000888	0.000165	0.000888
0.344000	0.000000	0.000000	828.814690	9.727110	0.000051	0.000000	0.000051	0.000000
0.365500	0.000000	0.000000	834.683854	8.486740	0.000020	0.000000	0.000020	0.000000
0.387000	0.000000	0.000000	838.639187	7.781325	0.000149	0.000802	0.000149	0.000802
0.408500	0.000000	0.000000	840.907666	6.190944	0.000151	0.000813	0.000151	0.000813
0.430000	0.000000	0.000000	843.554123	5.013600	0.000017	0.000000	0.000017	0.000000
0.451500	0.000000	0.000000	844.341833	3.798519	0.000009	0.000000	0.000009	0.000000
0.473000	0.000000	0.000000	845.577728	3.543424	0.000000	0.000000	0.000000	0.000000
0.494500	0.000000	0.000000	846.200731	3.338623	0.000000	0.000000	0.000000	0.000000
0.516000	0.000000	0.000000	847.141716	3.554636	0.000000	0.000000	0.000000	0.000000
0.537500	0.000000	0.000000	849.132914	3.490851	0.000000	0.000000	0.000000	0.000000
0.559000	0.000000	0.000000	850.353629	4.120308	0.000000	0.000000	0.000000	0.000000
0.580500	0.000000	0.000000	852.011920	4.821913	0.000000	0.000000	0.000000	0.000000
0.602000	0.000000	0.000000	853.815031	5.302542	0.000000	0.000000	0.000000	0.000000
0.623500	0.000000	0.000000	854.943424	4.689125	0.000000	0.000000	0.000000	0.000000
0.645000	0.000000	0.000000	856.770610	5.373606	0.000000	0.000000	0.000000	0.000000
0.666500	0.000000	0.000000	858.272908	5.463892	0.000000	0.000000	0.000000	0.000000
0.688000	0.000000	0.000000	859.464111	5.127307	0.000000	0.000000	0.000000	0.000000
0.709500	0.000000	0.000000	860.199744	5.387307	0.000000	0.000000	0.000000	0.000000
0.731000	0.000000	0.000000	861.522355	5.939121	0.000000	0.000000	0.000000	0.000000
0.752500	0.000000	0.000000	862.233566	5.549829	0.000000	0.000000	0.000000	0.000000
0.774000	0.000000	0.000000	863.056991	5.649574	0.000009	0.000000	0.000009	0.000000
0.795500	0.000000	0.000000	864.611144	5.853930	0.000019	0.000000	0.000019	0.000000
0.817000	0.000000	0.000000	864.599112	5.942865	0.000060	0.000322	0.000060	0.000322
0.838500	0.000219	0.001179	865.007051	6.154131	0.000231	0.001156	0.000231	0.001156
0.860000	0.001315	0.007084	865.532717	6.380231	0.000772	0.004008	0.000772	0.004008
0.881500	0.001367	0.006663	865.634674	5.683098	0.001662	0.008414	0.001662	0.008414
0.903000	0.005431	0.019639	866.790270	4.971293	0.002322	0.011310	0.002322	0.011310
0.924500	0.014019	0.048436	866.776202	4.562245	0.006417	0.030067	0.006417	0.030067
0.946000	0.031199	0.081744	868.568884	4.989939	0.011734	0.055939	0.011734	0.055939
0.967500	0.067240	0.163795	870.058654	4.687571	0.023884	0.107983	0.023884	0.107983
0.989000	0.123355	0.278627	870.559033	5.446811	0.033129	0.145158	0.033129	0.145158
1.010500	0.209359	0.406887	871.582023	6.426469	0.054482	0.233507	0.054482	0.233507
1.032000	0.359826	0.605341	872.343671	6.106950	0.076697	0.304513	0.076697	0.304513
1.053500	0.587626	0.882908	872.230705	5.685335	0.091325	0.333229	0.091325	0.333229
1.075000	0.966186	1.340464	872.248846	5.189038	0.114759	0.380517	0.114759	0.380517
1.096500	1.578902	2.005129	870.976380	5.756806	0.147505	0.410078	0.147505	0.410078
1.118000	2.489473	2.821776	869.282083	5.785114	0.191700	0.445191	0.191700	0.445191
1.139500	3.777535	3.850609	867.113250	6.095733	0.256985	0.489277	0.256985	0.489277
1.161000	5.588279	5.038457	864.609189	6.849697	0.338004	0.523569	0.338004	0.523569
1.182500	7.933353	6.375325	862.596593	7.682827	0.464120	0.577293	0.464120	0.577293
1.204000	10.914106	7.795676	860.162194	7.887833	0.665405	0.731555	0.665405	0.731555
1.225500	14.718551	9.336708	856.256234	8.134631	0.940207	1.002351	0.940207	1.002351
1.247000	19.580011	11.226117	850.845810	10.229977	1.325750	1.313812	1.325750	1.313812
1.268500	25.816442	13.563284	844.214863	11.963708	1.833241	1.732199	1.833025	1.731742
1.290000	33.797088	16.757644	836.988511	14.813702	2.549781	2.207913	2.549110	2.207578
1.311500	43.537145	20.783950	828.388681	17.614759	3.460918	2.824724	3.455743	2.816774
1.333000	55.096846	25.509766	817.774964	20.806849	4.718137	3.544363	4.704848	3.530259
1.354500	68.838633	30.958461	805.776719	25.383439	6.327832	4.472779	6.298796	4.436928
1.376000	84.954701	36.371613	791.609342	29.225851	8.391483	5.529758	8.316829	5.461979
1.397500	104.109777	41.259645	775.579103	34.333402	11.189511	6.951356	11.061201	6.845415
1.419000	126.925893	46.024137	756.453919	38.815960	14.755749	8.579722	14.530293	8.388185
1.440500	153.501140	50.508956	734.448274	43.347476	19.415564	10.665455	19.058168	10.368977
1.462000	184.094137	55.053260	709.169383	45.673570	25.658098	13.355290	25.095834	12.936289
1.483500	218.144527	58.671426	680.523686	47.144710	33.258189	16.795777	32.391043	16.158162
1.505000	256.329574	61.142725	649.877900	48.598930	42.815318	20.897720	41.577449	19.982870
1.526500	298.156640	61.822725	615.666113	49.664699	54.039071	25.487965	52.290085	24.213736
1.548000	342.985617	61.083202	579.513806	50.228447	67.494692	30.470415	65.131956	28.891460
1.569500	390.520259	59.185197	542.143369	50.397237	83.123511	35.613752	79.966909	33.773311
1.591000	438.805646	56.216763	502.412340	50.759937	101.428251	40.347885	97.242202	38.297453
1.612500	487.200454	52.102217	462.127916	49.326017	122.408644	44.666797	116.788215	42.333573
1.634000	534.418275	47.861567	421.433570	47.594834	146.231309	48.486919	138.784726	45.802894
1.655500	579.640854	43.677265	380.578520	45.564832	172.896588	51.403234	163.262736	48.037800
1.677000	621.996267	38.946364	339.960363	42.534156	202.595352	53.066082	190.630091	49.016592
1.698500	660.801920	33.291324	301.336409	38.509152	234.046163	53.666922	219.459201	48.828678
1.720000	693.828828	29.322893	264.477658	34.669615	267.652998	53.204926	250.338415	47.679045
1.741500	722.182376	26.278373	230.035051	30.901705	302.019807	50.789037	282.129659	44.882352
1.763000	745.464481	24.428233	198.097426	27.365990	337.353569	47.341553	315.077613	41.412566
1.784500	763.047758	22.286018	169.440162	24.802210	372.512478	43.145635	348.063650	37.763604
1.806000	775.859246	20.720519	144.164266	22.333624	406.177463	38.042794	379.585102	33.689066
1.827500	784.382839	20.144812	121.765109	19.702664	436.666237	33.360960	407.843003	30.027571
1.849000	791.830547	22.131991	102.233563	17.334425	464.184620	28.829487	433.083864	26.107391
1.870500	798.723032	26.087202	85.290997	15.347394	487.117591	24.477532	453.324661	22.414311
1.892000	806.433796	29.889103	70.696475	13.512289	504.754519	22.930182	468.021352	21.226069
1.913500	816.061705	33.758485	58.499342	11.828944	517.374316	22.369211	477.808959	20.855202
1.935000	828.969780	38.342301	48.114762	10.441439	524.752374	23.562787	482.529082	21.559191
1.956500	844.399387	43.451825	39.581780	9.183812	527.322446	24.502679	482.919609	22.047814
1.978000	864.568842	48.353687	32.149520	8.037599	525.118632	25.394314	479.314166	22.234375
1.999500	887.809029	51.084050	26.135489	7.083040	518.444377	25.528775	471.999961	21.595659
2.021000	915.058472	50.058254	21.029219	6.074941	508.582664	25.739434	462.232442	20.393596
2.042500	944.268457	48.306550	16.879142	5.327497	496.727742	25.035428	451.010219	18.477483
2.064000	976.001609	45.280551	13.281202	4.458958	482.514664	23.469877	438.081983	16.977954
2.085500	1009.037079	43.749783	10.321035	3.709075	467.961327	21.279003	425.372846	15.875534
2.107000	1038.340813	43.411327	7.850853	3.128350	453.438377	19.134345	413.336572	15.003874
2.128500	1063.864754	46.359039	5.870161	2.494814	439.995925	16.190401	402.511197	14.860991
2.150000	1082.461762	51.124810	4.353927	1.983819	428.555051	14.408921	393.664842	15.490547
2.171500	1091.869263	57.473876	3.104161	1.485291	419.201600	14.156357	386.719856	16.334401
2.193000	1090.542998	64.855636	2.218287	1.151621	412.310871	14.708247	382.227329	17.235553
2.214500	1079.381895	71.470611	1.527990	0.865841	409.057262	15.814844	381.041646	18.678526
2.236000	1058.497472	78.539245	1.053176	0.681687	409.825129	18.497014	383.694837	21.100488
2.257500	1028.411658	83.758470	0.689776	0.532353	413.911824	22.404897	390.085324	24.303080
2.279000	989.731226	86.593650	0.452837	0.373460	422.653495	26.262701	400.787134	27.601429
2.300500	945.059208	86.553809	0.295754	0.283527	435.134186	30.760331	415.201542	31.432677
2.322000	892.344288	84.601363	0.176349	0.200512	450.688433	34.675389	432.717713	34.701330
2.343500	835.466188	81.224376	0.105360	0.126492	468.882056	36.745519	452.531697	36.192250
2.365000	775.781041	77.507140	0.064231	0.087599	490.168079	38.745253	475.172666	37.697737
2.386500	714.000232	73.852076	0.039018	0.064664	514.833172	40.911831	500.825000	39.440839
2.408000	651.420016	69.632142	0.019572	0.043059	541.049873	41.775036	527.499813	40.116243
2.429500	589.637717	66.581315	0.007771	0.017151	569.710597	42.111512	555.874509	40.435590
2.451000	531.198221	63.720054	0.005790	0.015299	599.456726	41.829859	585.096367	40.276552
2.472500	475.099024	60.303946	0.002378	0.007526	630.767531	41.502089	615.556758	39.700815
2.494000	422.885259	57.104725	0.000653	0.002552	662.545113	41.180964	645.870364	39.214350
2.515500	374.976009	53.197859	0.000268	0.000902	693.862200	40.606617	675.824192	38.575897
2.537000	331.512887	49.577456	0.000000	0.000000	725.164058	39.701651	704.905374	37.239644
2.558500	292.087498	46.212587	0.000000	0.000000	756.093558	37.232014	733.764798	34.802908
2.580000	256.298994	43.476237	0.000000	0.000000	784.894816	35.075556	760.172316	32.375068
2.601500	223.925894	39.865440	0.000000	0.000000	812.285729	32.582913	784.894425	29.752325
2.623000	194.171959	36.352624	0.000000	0.000000	836.960561	29.823591	807.285427	27.125639
2.644500	168.184354	32.419230	0.000000	0.000000	859.213426	26.951497	827.375674	24.738049
2.666000	145.210327	29.187824	0.000000	0.000000	879.673102	23.534711	845.741263	21.569349
2.687500	125.017644	25.352114	0.000000	0.000000	898.417937	21.386944	862.481009	19.853732
2.709000	107.524498	21.843584	0.000000	0.000000	914.176600	19.037127	876.763691	17.993009
2.730500	92.207248	18.456033	0.000000	0.000000	928.992532	17.701102	890.314368	17.209326
2.752000	78.630015	15.775649	0.000000	0.000000	941.874498	15.842637	902.182782	15.706488
2.773500	67.104547	13.358233	0.000000	0.000000	952.640390	14.250731	912.457874	14.361332
2.795000	56.920591	11.606961	0.000000	0.000000	961.840882	12.940891	921.237891	13.093639
2.816500	47.921963	10.171544	0.000000	0.000000	970.152221	11.402149	929.229003	12.109176
2.838000	39.915757	9.083298	0.000000	0.000000	978.292950	9.803347	937.362794	10.605508
2.859500	32.828744	8.208774	0.000000	0.000000	984.556323	9.120216	944.140130	9.614931
2.881000	26.649237	7.375789	0.000000	0.000000	990.066823	8.382980	950.069008	8.588881
2.902500	21.344357	6.436785	0.000000	0.000000	992.581101	7.104378	953.582634	7.410765
2.924000	16.868915	5.769400	0.000000	0.000000	997.282309	7.049299	959.203491	7.260593
2.945500	13.146475	4.987762	0.000000	0.000000	999.941733	6.476990	963.066758	6.093093
2.967000	10.044865	4.280137	0.000000	0.000000	1002.348296	6.146577	966.599918	5.150582
2.988500	7.587668	3.488774	0.000000	0.000000	1003.650696	5.949807	969.412346	4.993326
3.010000	5.652678	2.895971	0.000000	0.000000	1004.843593	5.102927	971.919822	4.633265
3.031500	4.081280	2.325978	0.000000	0.000000	1007.207825	5.062123	975.639400	3.713368
3.053000	2.885864	1.828050	0.000000	0.000000	1007.954332	4.350709	977.831531	3.342239
3.074500	1.984141	1.422801	0.000000	0.000000	1008.614153	3.570363	979.555084	2.567686
3.096000	1.329669	1.075880	0.000000	0.000000	1009.216474	2.763141	981.651754	3.072096
3.117500	0.894571	0.825495	0.000000	0.000000	1009.003166	3.362802	982.760576	2.789622
3.139000	0.600618	0.623751	0.000000	0.000000	1008.449051	2.742501	983.474213	2.870835
3.160500	0.364822	0.455843	0.000000	0.000000	1008.339060	1.995364	984.566469	2.726449
3.182000	0.225793	0.333486	0.000000	0.000000	1007.759880	1.925687	985.018932	2.545730
3.203500	0.139010	0.251362	0.000000	0.000000	1007.421193	2.193006	985.687392	2.312347
3.225000	0.079289	0.177283	0.000000	0.000000	1005.845532	2.251700	985.151497	2.824183
3.246500	0.044749	0.109765	0.000000	0.000000	1006.192511	2.310120	986.380433	2.309275
3.268000	0.021228	0.057775	0.000000	0.000000	1006.116271	2.132192	987.034939	2.487937
3.289500	0.010105	0.030752	0.000000	0.000000	1004.955797	2.447676	986.773731	1.806416
3.311000	0.003603	0.012304	0.000000	0.000000	1004.779181	2.257620	987.300473	1.996809
3.332500	0.001557	0.006640	0.000000	0.000000	1004.135904	2.187966	987.457367	1.781870
3.354000	0.000533	0.002873	0.000000	0.000000	1003.860472	2.155009	987.853308	1.897977
3.375500	0.000177	0.000953	0.000000	0.000000	1003.427519	1.820644	988.046226	1.717023
3.397000	0.000000	0.000000	0.000000	0.000000	1003.341729	1.874224	988.425354	2.006099
3.418500	0.000000	0.000000	0.000000	0.000000	1002.805706	2.139876	988.198599	2.117857
3.440000	0.000000	0.000000	0.000000	0.000000	1002.188312	2.182379	988.257620	2.141462
3.461500	0.000000	0.000000	0.000000	0.000000	1002.546429	1.831325	989.157471	2.267049
3.483000	0.000000	0.000000	0.000000	0.000000	1002.687191	1.641782	989.505809	1.764660
3.504500	0.000000	0.000000	0.000000	0.000000	1002.027785	1.985848	989.369711	1.941553
3.526000	0.000000	0.000000	0.000000	0.000000	1001.780453	2.677096	989.541159	2.274130
3.547500	0.000000	0.000000	0.000000	0.000000	1002.628863	2.052707	990.727872	2.142263
3.569000	0.000000	0.000000	0.000000	0.000000	1002.160069	1.866825	990.595709	2.102688
3.590500	0.000000	0.000000	0.000000	0.000000	1001.807803	2.337447	990.509806	1.929195
3.612000	0.000000	0.000000	0.000000	0.000000	1001.303117	1.722597	990.163775	1.836544
3.633500	0.000000	0.000000	0.000000	0.000000	1001.618108	1.708261	990.846559	1.717549
3.655000	0.000000	0.000000	0.000000	0.000000	1001.367302	2.068830	990.888205	1.889400
3.676500	0.000000	0.000000	0.000000	0.000000	1000.965835	2.066535	990.716912	2.138395
3.698000	0.000000	0.000000	0.000000	0.000000	1000.996742	1.908873	991.045050	1.557558
3.719500	0.000000	0.000000	0.000000	0.000000	1001.128014	2.122952	991.379075	1.783084
3.741000	0.000000	0.000000	0.000000	0.000000	1001.039009	2.594715	991.485541	2.133418
3.762500	0.000000	0.000000	0.000000	0.000000	1000.909131	2.054851	991.620345	2.031510
3.784000	0.000000	0.000000	0.000000	0.000000	1000.508569	1.806730	991.380951	1.747407
3.805500	0.000000	0.000000	0.000000	0.000000	1000.593178	1.821327	991.652385	1.795993
3.827000	0.000000	0.000000	0.000000	0.000000	1000.229833	1.832671	991.481089	1.982867
3.848500	0.000000	0.000000	0.000000	0.000000	1000.008306	1.781865	991.484870	2.004830
3.870000	0.000000	0.000000	0.000000	0.000000	999.950169	1.758849	991.577646	1.744618
3.891500	0.000000	0.000000	0.000000	0.000000	1000.417443	2.187785	992.206418	2.027509
3.913000	0.000000	0.000000	0.000000	0.000000	1000.104177	2.069175	991.952200	1.934187
3.934500	0.000000	0.000000	0.000000	0.000000	1000.574328	1.939741	992.619454	1.928698
3.956000	0.000000	0.000000	0.000000	0.000000	1000.158872	2.258757	992.337085	1.936646
3.977500	0.000000	0.000000	0.000000	0.000000	1000.357182	1.995365	992.667146	1.504122
3.999000	0.000000	0.000000	0.000000	0.000000	1000.417095	1.816850	992.895606	1.714090
4.020500	0.000000	0.000000	0.000000	0.000000	1000.584135	1.957736	993.198127	1.629338
4.042000	0.000000	0.000000	0.000000	0.000000	1000.103149	2.172251	992.938562	2.106525
4.063500	0.000000	0.000000	0.000000	0.000000	999.851412	1.740436	992.757534	1.810645
4.085000	0.000000	0.000000	0.000000	0.000000	1000.191196	1.706473	993.125497	1.468490
4.106500	0.000000	0.000000	0.000000	0.000000	999.920372	1.769126	993.010380	1.720167
4.128000	0.000000	0.000000	0.000000	0.000000	999.388478	1.586836	992.636129	1.737124
4.149500	0.000000	0.000000	0.000000	0.000000	1000.141516	1.614838	993.404431	1.555340
4.171000	0.000000	0.000000	0.000000	0.000000	999.785473	1.613775	993.129811	1.631577
4.192500	0.000000	0.000000	0.000000	0.000000	1000.017974	2.272276	993.363903	2.054983
4.214000	0.000000	0.000000	0.000000	0.000000	999.781910	1.905834	993.195260	1.972075
4.235500	0.000000	0.000000	0.000000	0.000000	1000.338871	1.520081	993.764744	1.407118
4.257000	0.000000	0.000000	0.000000	0.000000	1000.526778	1.609167	993.982962	1.464257
4.278500	0.000000	0.000000	0.000000	0.000000	999.546958	2.047975	993.066010	2.045939
4.300000	0.000000	0.000000	0.000000	0.000000	1000.552485	2.051424	994.130084	1.616693
4.321500	0.000000	0.000000	0.000000	0.000000	1000.117765	1.882044	993.736411	1.711933
4.343000	0.000000	0.000000	0.000000	0.000000	999.540417	1.558008	993.164769	1.636941
4.364500	0.000000	0.000000	0.000000	0.000000	999.669654	2.190510	993.441519	2.209965
4.386000	0.000000	0.000000	0.000000	0.000000	999.762549	1.725774	993.492495	1.677524
4.407500	0.000000	0.000000	0.000000	0.000000	999.622848	1.725250	993.280247	1.795036
4.429000	0.000000	0.000000	0.000000	0.000000	1000.387638	1.700576	994.140463	1.631067
4.450500	0.000000	0.000000	0.000000	0.000000	1000.072167	1.780272	993.829252	1.673459
4.472000	0.000000	0.000000	0.000000	0.000000	1000.720870	2.000599	994.433152	1.848295
4.493500	0.000000	0.000000	0.000000	0.000000	1000.275438	2.225549	993.996710	2.249053
4.515000	0.000000	0.000000	0.000000	0.000000	1000.761222	1.886796	994.476942	1.891210
4.536500	0.000000	0.000000	0.000000	0.000000	1000.956774	1.789765	994.666860	1.808539
4.558000	0.000000	0.000000	0.000000	0.000000	999.668228	1.996293	993.524910	1.711357
4.579500	0.000000	0.000000	0.000000	0.000000	999.941585	1.783980	993.835644	1.984524
4.601000	0.000000	0.000000	0.000000	0.000000	999.824562	1.895346	993.654696	1.827349
4.622500	0.000000	0.000000	0.000000	0.000000	999.730992	2.527135	993.581387	2.555406
4.644000	0.000000	0.000000	0.000000	0.000000	1000.367463	1.875132	994.289098	1.673375
4.665500	0.000000	0.000000	0.000000	0.000000	1000.339354	1.613818	994.183605	1.625791
4.687000	0.000000	0.000000	0.000000	0.000000	999.396651	1.932091	993.326542	1.822027
4.708500	0.000000	0.000000	0.000000	0.000000	1000.840890	2.456422	994.811967	2.234738
4.730000	0.000000	0.000000	0.000000	0.000000	1000.608457	2.557360	994.613927	2.094851
4.751500	0.000000	0.000000	0.000000	0.000000	1000.529987	2.042740	994.415778	1.820656
4.773000	0.000000	0.000000	0.000000	0.000000	1000.167589	2.525863	994.118796	2.397287
4.794500	0.000000	0.000000	0.000000	0.000000	1000.606244	2.131333	994.477830	2.170319
4.816000	0.000000	0.000000	0.000000	0.000000	1000.315397	2.134979	994.214151	2.318510
4.837500	0.000000	0.000000	0.000000	0.000000	1000.044569	1.833437	994.039410	1.967356
4.859000	0.000000	0.000000	0.000000	0.000000	999.948354	1.613554	993.989955	1.787001
4.880500	0.000000	0.000000	0.000000	0.000000	1000.826233	1.636760	994.790017	1.810317
4.902000	0.000000	0.000000	0.000000	0.000000	1000.518071	1.717841	994.499080	1.879059
4.923500	0.000000	0.000000	0.000000	0.000000	1000.063884	1.849401	994.073217	1.835324
4.945000	0.000000	0.000000	0.000000	0.000000	1000.724613	1.459493	994.784549	1.530960
4.966500	0.000000	0.000000	0.000000	0.000000	1000.370730	1.129706	994.394816	1.041551
4.988000	0.000000	0.000000	0.000000	0.000000	1000.457495	1.885495	994.466546	1.873424
5.009500	0.000000	0.000000	0.000000	0.000000	999.956053	2.258186	994.051217	2.160373
5.031000	0.000000	0.000000	0.000000	0.000000	1000.143418	1.771502	994.191041	1.764579
5.052500	0.000000	0.000000	0.000000	0.000000	999.741095	1.585822	993.845411	1.544843
5.074000	0.000000	0.000000	0.000000	0.000000	1000.293641	1.965473	994.414064	1.742149
5.095500	0.000000	0.000000	0.000000	0.000000	1000.466234	1.973232	994.680275	1.751256
5.117000	0.000000	0.000000	0.000000	0.000000	1000.374738	1.946609	994.483109	1.837038
5.138500	0.000000	0.000000	0.000000	0.000000	1000.969042	1.785582	995.126471	1.727722
5.160000	0.000000	0.000000	0.000000	0.000000	1000.760057	1.823052	994.884461	1.747693
5.181500	0.000000	0.000000	0.000000	0.000000	1000.926762	2.061518	995.164091	2.017603
5.203000	0.000000	0.000000	0.000000	0.000000	1000.404607	1.388008	994.651110	1.204235
5.224500	0.000000	0.000000	0.000000	0.000000	1001.416076	2.011793	995.647869	1.993216
5.246000	0.000000	0.000000	0.000000	0.000000	1000.068771	2.189087	994.290987	2.164388
5.267500	0.000000	0.000000	0.000000	0.000000	1000.246308	2.045482	994.518364	2.055504
5.289000	0.000000	0.000000	0.000000	0.000000	999.991449	2.269032	994.295307	2.102818
5.310500	0.000000	0.000000	0.000000	0.000000	999.987076	1.558356	994.220578	1.559699
5.332000	0.000000	0.000000	0.000000	0.000000	1000.551812	2.231695	994.857641	2.132732
5.353500	0.000000	0.000000	0.000000	0.000000	1000.135088	2.448606	994.379393	2.371523
5.375000	0.000000	0.000000	0.000000	0.000000	1000.555176	2.092690	994.840844	2.056524
5.396500	0.000000	0.000000	0.000000	0.000000	1000.508909	1.953697	994.779267	1.711738
5.418000	0.000000	0.000000	0.000000	0.000000	1000.825788	1.897525	995.110397	1.773565
5.439500	0.000000	0.000000	0.000000	0.000000	1000.829320	2.240837	995.183404	1.899147
5.461000	0.000000	0.000000	0.000000	0.000000	1001.151986	2.485219	995.457724	2.088576
5.482500	0.000000	0.000000	0.000000	0.000000	1001.028784	1.907867	995.346122	1.905127
5.504000	0.000000	0.000000	0.000000	0.000000	1000.659193	1.776634	994.963618	1.545431
5.525500	0.000000	0.000000	0.000000	0.000000	1000.890687	1.960330	995.185158	2.034687
5.547000	0.000000	0.000000	0.000000	0.000000	1000.106535	2.024084	994.419344	1.816064
5.568500	0.000000	0.000000	0.000000	0.000000	1000.182851	1.964743	994.486479	1.840305
5.590000	0.000000	0.000000	0.000000	0.000000	1000.079701	1.870309	994.396455	1.480078
5.611500	0.000000	0.000000	0.000000	0.000000	1000.766032	2.060764	995.035772	2.052445
5.633000	0.000000	0.000000	0.000000	0.000000	1000.615826	2.269451	994.972836	1.907592
5.654500	0.000000	0.000000	0.000000	0.000000	1000.627746	1.865500	994.923473	1.525803
5.676000	0.000000	0.000000	0.000000	0.000000	1001.450920	2.142993	995.776443	1.687807
5.697500	0.000000	0.000000	0.000000	0.000000	1001.218264	1.954449	995.517787	1.822246
5.719000	0.000000	0.000000	0.000000	0.000000	1000.778567	1.380472	995.093137	1.305952
5.740500	0.000000	0.000000	0.000000	0.000000	1001.176941	1.934112	995.557580	2.001998
5.762000	0.000000	0.000000	0.000000	0.000000	1001.152052	1.587934	995.528906	1.887978
5.783500	0.000000	0.000000	0.000000	0.000000	1000.719213	1.843215	995.032678	2.003852
5.805000	0.000000	0.000000	0.000000	0.000000	1000.479744	1.511705	994.727937	1.525558
5.826500	0.000000	0.000000	0.000000	0.000000	1000.469418	2.003166	994.758691	1.688288
5.848000	0.000000	0.000000	0.000000	0.000000	1000.039974	1.744780	994.325527	1.568040
5.869500	0.000000	0.000000	0.000000	0.000000	1000.149549	2.322272	994.512945	1.820975
5.891000	0.000000	0.000000	0.000000	0.000000	1001.049023	2.151640	995.385916	1.756519
5.912500	0.000000	0.000000	0.000000	0.000000	1001.280291	2.290153	995.608533	1.984913
5.934000	0.000000	0.000000	0.000000	0.000000	1001.102308	1.660277	995.432356	1.464989
5.955500	0.000000	0.000000	0.000000	0.000000	1001.755410	2.151522	996.089558	1.829782
5.977000	0.000000	0.000000	0.000000	0.000000	1001.199640	2.055571	995.542801	1.987040
5.998500	0.000000	0.000000	0.000000	0.000000	1001.275278	1.676424	995.612193	1.748115
6.020000	0.000000	0.000000	0.000000	0.000000	1000.306735	2.043433	994.603538	1.743147
6.041500	0.000000	0.000000	0.000000	0.000000	1000.317369	2.345662	994.612627	1.791929
6.063000	0.000000	0.000000	0.000000	0.000000	1000.539559	1.746679	994.872016	1.548888
6.084500	0.000000	0.000000	0.000000	0.000000	1000.362154	1.633041	994.703726	1.703178
6.106000	0.000000	0.000000	0.000000	0.000000	1000.844747	1.803617	995.149002	1.813574
6.127500	0.000000	0.000000	0.000000	0.000000	1000.548360	2.469150	994.845582	2.264041
6.149000	0.000000	0.000000	0.000000	0.000000	1000.827023	1.722971	995.085473	1.712551
6.170500	0.000000	0.000000	0.000000	0.000000	1001.688347	2.073434	995.992348	2.042621
6.192000	0.000000	0.000000	0.000000	0.000000	1001.367405	1.601592	995.616367	1.843062
6.213500	0.000000	0.000000	0.000000	0.000000	1000.733424	2.245330	994.973516	1.870473
6.235000	0.000000	0.000000	0.000000	0.000000	1001.025113	1.947988	995.246004	1.604474
6.256500	0.000000	0.000000	0.000000	0.000000	1000.504762	2.343035	994.806142	2.004849
6.278000	0.000000	0.000000	0.000000	0.000000	1000.785746	1.928104	995.015115	1.820449
6.299500	0.000000	0.000000	0.000000	0.000000	1001.333778	2.218515	995.566388	1.446494
6.321000	0.000000	0.000000	0.000000	0.000000	1000.068120	1.969907	994.262369	1.706365
6.342500	0.000000	0.000000	0.000000	0.000000	1001.308571	2.312757	995.525737	2.014631
6.364000	0.000000	0.000000	0.000000	0.000000	1000.913710	2.312899	995.194194	2.005320
6.385500	0.000000	0.000000	0.000000	0.000000	1000.608701	1.846832	994.813129	1.925795
6.407000	0.000000	0.000000	0.000000	0.000000	1001.298336	1.773403	995.544274	1.690863
6.428500	0.000000	0.000000	0.000000	0.000000	1001.380308	1.983177	995.564808	1.742379
6.450000	0.000000	0.000000	0.000000	0.000000	1001.236220	1.818880	995.448138	2.020090
6.471500	0.000000	0.000000	0.000000	0.000000	1001.231250	1.724581	995.417123	1.731316
6.493000	0.000000	0.000000	0.000000	0.000000	1001.093042	1.561898	995.214793	1.646038
6.514500	0.000000	0.000000	0.000000	0.000000	1001.255533	2.230985	995.415041	2.009766
6.536000	0.000000	0.000000	0.000000	0.000000	1000.943318	2.466195	995.082624	2.382604
6.557500	0.000000	0.000000	0.000000	0.000000	1000.951231	2.468420	995.107707	1.971059
6.579000	0.000000	0.000000	0.000000	0.000000	1001.467581	2.586785	995.608445	1.915698
6.600500	0.000000	0.000000	0.000000	0.000000	1001.399181	2.507626	995.569401	2.028486
6.622000	0.000000	0.000000	0.000000	0.000000	1001.263531	2.317165	995.402386	2.026716
6.643500	0.000000	0.000000	0.000000	0.000000	1001.786746	1.929345	995.817628	1.938568
6.665000	0.000000	0.000000	0.000000	0.000000	1000.903790	2.564381	994.955450	2.604279
6.686500	0.000000	0.000000	0.000000	0.000000	1001.431055	2.162173	995.542345	1.655995
6.708000	0.000000	0.000000	0.000000	0.000000	1001.602748	2.291208	995.674477	2.218814
6.729500	0.000000	0.000000	0.000000	0.000000	1001.214076	1.578594	995.337092	1.487709
6.751000	0.000000	0.000000	0.000000	0.000000	1000.373948	1.703206	994.523682	1.627940
6.772500	0.000000	0.000000	0.000000	0.000000	1000.696352	1.687947	994.844294	1.481879
6.794000	0.000000	0.000000	0.000000	0.000000	1001.412895	2.282282	995.631045	2.106038
6.815500	0.000000	0.000000	0.000000	0.000000	1001.183784	1.739350	995.452731	1.523859
6.837000	0.000000	0.000000	0.000000	0.000000	1001.512599	1.784817	995.784682	1.798007
6.858500	0.000000	0.000000	0.000000	0.000000	1001.152315	1.866048	995.520866	1.747076
6.880000	0.000000	0.000000	0.000000	0.000000	1001.140330	2.418295	995.537517	2.018075
6.901500	0.000000	0.000000	0.000000	0.000000	1001.241247	1.724444	995.662030	1.509142
6.923000	0.000000	0.000000	0.000000	0.000000	1000.672481	1.911769	995.053225	1.870247
6.944500	0.000000	0.000000	0.000000	0.000000	1001.534325	2.357151	995.955571	2.263874
6.966000	0.000000	0.000000	0.000000	0.000000	1001.491821	2.416227	995.864591	2.248303
6.987500	0.000000	0.000000	0.000000	0.000000	1000.578409	2.395976	994.991974	2.027292
7.009000	0.000000	0.000000	0.000000	0.000000	1001.191452	2.110432	995.667987	1.976113
7.030500	0.000000	0.000000	0.000000	0.000000	1000.887467	2.118958	995.296538	2.222334
7.052000	0.000000	0.000000	0.000000	0.000000	1001.354481	2.046189	995.714717	1.891843
7.073500	0.000000	0.000000	0.000000	0.000000	1001.048696	1.932745	995.432748	1.775163
7.095000	0.000000	0.000000	0.000000	0.000000	1000.781255	1.744280	995.129168	1.614070
7.116500	0.000000	0.000000	0.000000	0.000000	1001.031873	2.207907	995.435522	2.027580
7.138000	0.000000	0.000000	0.000000	0.000000	1001.007088	2.001161	995.437339	1.566123
7.159500	0.000000	0.000000	0.000000	0.000000	1000.922566	2.652994	995.326954	2.196901
7.181000	0.000000	0.000000	0.000000	0.000000	1001.283377	2.080751	995.699301	2.256286
7.202500	0.000000	0.000000	0.000000	0.000000	1001.578234	2.059909	995.968926	1.938745
7.224000	0.000000	0.000000	0.000000	0.000000	1001.440664	2.495605	995.935987	2.108682
7.245500	0.000000	0.000000	0.000000	0.000000	1000.782049	2.106187	995.325435	2.059134
7.267000	0.000000	0.000000	0.000000	0.000000	1001.387080	2.005429	995.889820	2.051948
7.288500	0.000000	0.000000	0.000000	0.000000	1000.975769	2.041510	995.512980	1.918092
7.310000	0.000000	0.000000	0.000000	0.000000	1000.823370	1.907758	995.338842	1.684594
7.331500	0.000000	0.000000	0.000000	0.000000	1000.313419	1.584539	994.891473	1.862304
7.353000	0.000000	0.000000	0.000000	0.000000	1001.153066	1.596464	995.670460	1.951936
7.374500	0.000000	0.000000	0.000000	0.000000	1000.831317	2.202369	995.415114	1.789770
7.396000	0.000000	0.000000	0.000000	0.000000	1000.886044	2.333127	995.366776	1.977081
7.417500	0.000000	0.000000	0.000000	0.000000	1001.847760	2.049551	996.288994	1.899784
7.439000	0.000000	0.000000	0.000000	0.000000	1001.384919	2.841080	995.891750	2.729682
7.460500	0.000000	0.000000	0.000000	0.000000	1000.773422	3.111800	995.241143	3.201629
7.482000	0.000000	0.000000	0.000000	0.000000	1001.889945	3.213271	996.326133	2.483670
7.503500	0.000000	0.000000	0.000000	0.000000	1001.461754	3.925587	995.902945	4.266507
7.525000	0.000000	0.000000	0.000000	0.000000	1001.551572	4.389225	996.033699	3.800427
7.546500	0.000000	0.000000	0.000000	0.000000	1000.384924	4.158499	994.761937	4.197558
7.568000	0.000000	0.000000	0.000000	0.000000	1000.069621	3.360713	994.538890	3.251475
7.589500	0.000000	0.000000	0.000000	0.000000	1001.593336	4.441153	996.117801	4.581903
7.611000	0.000000	0.000000	0.000000	0.000000	999.960329	3.423012	994.552233	3.373097
7.632500	0.000000	0.000000	0.000000	0.000000	1000.816118	3.412833	995.437971	3.396365
7.654000	0.000000	0.000000	0.000000	0.000000	1000.800397	3.411582	995.374577	2.910815
7.675500	0.000000	0.000000	0.000000	0.000000	1001.461884	2.346154	996.110860	2.269216
7.697000	0.000000	0.000000	0.000000	0.000000	1001.536051	2.341680	996.199275	2.088684
7.718500	0.000000	0.000000	0.000000	0.000000	1001.519607	1.999795	996.189775	1.883137
7.740000	0.000000	0.000000	0.000000	0.000000	1001.490607	1.438610	996.129220	1.361576
7.761500	0.000000	0.000000	0.000000	0.000000	1001.135052	2.273951	995.725773	2.068927
7.783000	0.000000	0.000000	0.000000	0.000000	1001.138756	1.661745	995.754333	1.728914
7.804500	0.000000	0.000000	0.000000	0.000000	1001.202047	2.196210	995.817312	2.018904
7.826000	0.000000	0.000000	0.000000	0.000000	1000.815629	2.393417	995.419468	1.921646
7.847500	0.000000	0.000000	0.000000	0.000000	1000.475990	2.019392	995.016062	1.739920
7.869000	0.000000	0.000000	0.000000	0.000000	1001.499868	2.240429	996.112610	1.542226
7.890500	0.000000	0.000000	0.000000	0.000000	1000.982779	2.601767	995.584793	2.454310
7.912000	0.000000	0.000000	0.000000	0.000000	1000.780981	2.001644	995.398727	1.737807
7.933500	0.000000	0.000000	0.000000	0.000000	1000.776130	2.383888	995.358503	2.223942
7.955000	0.000000	0.000000	0.000000	0.000000	1001.262894	2.582676	995.771060	2.383007
7.976500	0.000000	0.000000	0.000000	0.000000	1000.568618	1.786114	995.092293	2.057622
7.998000	0.000000	0.000000	0.000000	0.000000	1001.112927	2.234501	995.672982	2.173675
8.019500	0.000000	0.000000	0.000000	0.000000	1001.269754	2.171119	995.844712	1.500618
8.041000	0.000000	0.000000	0.000000	0.000000	1000.891487	2.223751	995.456883	2.006585
8.062500	0.000000	0.000000	0.000000	0.000000	1001.076518	2.382765	995.638250	1.821370
8.084000	0.000000	0.000000	0.000000	0.000000	1001.444935	1.918263	996.084253	2.047341
8.105500	0.000000	0.000000	0.000000	0.000000	1001.020761	2.144650	995.611419	2.021818
8.127000	0.000000	0.000000	0.000000	0.000000	1001.426757	1.794606	995.997492	1.635668
8.148500	0.000000	0.000000	0.000000	0.000000	1001.242955	2.441087	995.821417	2.222685
8.170000	0.000000	0.000000	0.000000	0.000000	1001.259960	2.144061	995.848866	1.940596
8.191500	0.000000	0.000000	0.000000	0.000000	1000.828968	2.229131	995.479763	1.867629
8.213000	0.000000	0.000000	0.000000	0.000000	1000.222559	2.077963	994.850445	2.006460
8.234500	0.000000	0.000000	0.000000	0.000000	1000.263418	2.470562	994.924513	2.234250
8.256000	0.000000	0.000000	0.000000	0.000000	1001.310826	2.272819	995.965907	2.044875
8.277500	0.000000	0.000000	0.000000	0.000000	1001.376601	2.236198	996.026418	2.480164
8.299000	0.000000	0.000000	0.000000	0.000000	1000.996738	2.529318	995.661865	2.069380
8.320500	0.000000	0.000000	0.000000	0.000000	1001.211591	2.333379	995.919040	1.982148
8.342000	0.000000	0.000000	0.000000	0.000000	1001.679149	1.824531	996.366513	1.910223
8.363500	0.000000	0.000000	0.000000	0.000000	1001.122156	2.164876	995.832946	1.426496
8.385000	0.000000	0.000000	0.000000	0.000000	1001.721330	2.366223	996.437568	2.065621
8.406500	0.000000	0.000000	0.000000	0.000000	1000.707056	1.957057	995.328686	2.056641
8.428000	0.000000	0.000000	0.000000	0.000000	1001.264638	1.894230	995.905240	1.848940
8.449500	0.000000	0.000000	0.000000	0.000000	1001.498818	1.912374	996.222386	1.962963
8.471000	0.000000	0.000000	0.000000	0.000000	1000.650656	2.126475	995.262200	2.111527
8.492500	0.000000	0.000000	0.000000	0.000000	1000.996187	2.360824	995.583110	2.129722
8.514000	0.000000	0.000000	0.000000	0.000000	1000.985280	1.817980	995.657594	1.763428
8.535500	0.000000	0.000000	0.000000	0.000000	1001.199639	2.118090	995.851620	2.120358
8.557000	0.000000	0.000000	0.000000	0.000000	1001.017334	2.105173	995.701022	1.889924
8.578500	0.000000	0.000000	0.000000	0.000000	1001.401095	2.526128	995.980154	1.890268
8.600000	0.000000	0.000000	0.000000	0.000000	1000.907802	2.413708	995.530222	1.812017
8.621500	0.000000	0.000000	0.000000	0.000000	1001.134787	2.409420	995.760647	1.786748
8.643000	0.000000	0.000000	0.000000	0.000000	1001.126021	2.220416	995.735203	1.738430
8.664500	0.000000	0.000000	0.000000	0.000000	1001.118133	2.207983	995.661423	1.863380
8.686000	0.000000	0.000000	0.000000	0.000000	1000.932555	1.893045	995.482188	1.916222
8.707500	0.000000	0.000000	0.000000	0.000000	1001.260138	1.690993	995.777512	1.767059
8.729000	0.000000	0.000000	0.000000	0.000000	1001.354046	2.183647	995.864199	1.809687
8.750500	0.000000	0.000000	0.000000	0.000000	1001.394648	1.894770	995.912395	1.740772
8.772000	0.000000	0.000000	0.000000	0.000000	1001.305982	1.656677	995.731019	1.736010
8.793500	0.000000	0.000000	0.000000	0.000000	1001.126626	2.120772	995.586780	1.788158
8.815000	0.000000	0.000000	0.000000	0.000000	1001.433799	2.298649	995.898136	1.969015
8.836500	0.000000	0.000000	0.000000	0.000000	1001.949938	1.832092	996.415966	1.959707
8.858000	0.000000	0.000000	0.000000	0.000000	1001.843171	2.237938	996.334197	1.704751
8.879500	0.000000	0.000000	0.000000	0.000000	1001.522443	2.051260	995.980082	1.756187
8.901000	0.000000	0.000000	0.000000	0.000000	1000.764355	1.864803	995.222311	1.657142
8.922500	0.000000	0.000000	0.000000	0.000000	1001.602226	2.131308	996.043828	1.644612
8.944000	0.000000	0.000000	0.000000	0.000000	1000.626424	1.928620	995.121850	1.926385
8.965500	0.000000	0.000000	0.000000	0.000000	1001.169154	2.170758	995.654842	2.115198
8.987000	0.000000	0.000000	0.000000	0.000000	1001.053358	1.644933	995.497237	1.449896
9.008500	0.000000	0.000000	0.000000	0.000000	1000.789805	2.129611	995.183002	1.734978
9.030000	0.000000	0.000000	0.000000	0.000000	1000.904506	2.183341	995.302095	1.831403
9.051500	0.000000	0.000000	0.000000	0.000000	1001.274906	2.120791	995.781962	1.765143
9.073000	0.000000	0.000000	0.000000	0.000000	1001.521951	1.575486	995.986155	1.550614
9.094500	0.000000	0.000000	0.000000	0.000000	1001.924882	1.849994	996.360986	1.824571
9.116000	0.000000	0.000000	0.000000	0.000000	1001.704584	2.082820	996.149267	1.949869
9.137500	0.000000	0.000000	0.000000	0.000000	1001.036768	1.852860	995.463024	1.892550
9.159000	0.000000	0.000000	0.000000	0.000000	1001.431942	1.981343	995.925155	1.912753
9.180500	0.000000	0.000000	0.000000	0.000000	1000.945726	2.082828	995.398872	1.959878
9.202000	0.000000	0.000000	0.000000	0.000000	1001.352013	2.073067	995.779414	2.382466
9.223500	0.000000	0.000000	0.000000	0.000000	1000.898040	2.466661	995.353227	2.107397
9.245000	0.000000	0.000000	0.000000	0.000000	1001.310265	1.812046	995.773147	1.444320
9.266500	0.000000	0.000000	0.000000	0.000000	1001.452713	2.070652	995.977189	1.864828
9.288000	0.000000	0.000000	0.000000	0.000000	1001.017508	2.205862	995.529590	2.074072
9.309500	0.000000	0.000000	0.000000	0.000000	1000.940594	2.140075	995.437854	1.837914
9.331000	0.000000	0.000000	0.000000	0.000000	1001.078511	1.316151	995.592355	1.423034
9.352500	0.000000	0.000000	0.000000	0.000000	1000.897952	2.071596	995.422732	1.833735
9.374000	0.000000	0.000000	0.000000	0.000000	1001.174588	2.339137	995.694555	2.111898
9.395500	0.000000	0.000000	0.000000	0.000000	1001.664402	2.547081	996.175526	2.273190
9.417000	0.000000	0.000000	0.000000	0.000000	1001.376726	1.840057	995.934982	1.679642
9.438500	0.000000	0.000000	0.000000	0.000000	1000.928209	2.212746	995.500011	1.994243
9.460000	0.000000	0.000000	0.000000	0.000000	1001.416497	2.221840	995.966828	2.052112
9.481500	0.000000	0.000000	0.000000	0.000000	1001.166939	1.884847	995.708638	1.870366
9.503000	0.000000	0.000000	0.000000	0.000000	1001.708056	1.908852	996.200053	1.787419
9.524500	0.000000	0.000000	0.000000	0.000000	1000.936751	2.213007	995.488130	2.029083
9.546000	0.000000	0.000000	0.000000	0.000000	1001.117160	2.077267	995.684542	2.129644
9.567500	0.000000	0.000000	0.000000	0.000000	1001.265971	1.936883	995.830722	1.410227
9.589000	0.000000	0.000000	0.000000	0.000000	1001.319557	2.031802	995.904618	1.766637
9.610500	0.000000	0.000000	0.000000	0.000000	1001.020166	2.277074	995.553303	1.764175
9.632000	0.000000	0.000000	0.000000	0.000000	1000.547993	2.074185	995.185891	1.731515
9.653500	0.000000	0.000000	0.000000	0.000000	1000.465778	2.157639	995.032012	1.778895
9.675000	0.000000	0.000000	0.000000	0.000000	1000.998500	2.129645	995.575347	2.015394
9.696500	0.000000	0.000000	0.000000	0.000000	1001.233322	2.105232	995.793689	1.884326
9.718000	0.000000	0.000000	0.000000	0.000000	1001.470564	2.210626	996.161786	2.149320
9.739500	0.000000	0.000000	0.000000	0.000000	1001.895338	2.145176	996.499211	1.955123
9.761000	0.000000	0.000000	0.000000	0.000000	1001.132666	1.828635	995.762716	1.857910
9.782500	0.000000	0.000000	0.000000	0.000000	1001.334525	2.103146	996.015087	1.902168
9.804000	0.000000	0.000000	0.000000	0.000000	1000.969905	2.183113	995.672191	2.066119
9.825500	0.000000	0.000000	0.000000	0.000000	1000.900699	2.411978	995.523697	2.100609
9.847000	0.000000	0.000000	0.000000	0.000000	1001.040270	2.294520	995.698214	1.816902
9.868500	0.000000	0.000000	0.000000	0.000000	1000.765845	2.343727	995.424749	2.013587
9.890000	0.000000	0.000000	0.000000	0.000000	1001.430464	2.113306	996.025883	1.887167
9.911500	0.000000	0.000000	0.000000	0.000000	1001.092559	1.606876	995.677136	1.522487
9.933000	0.000000	0.000000	0.000000	0.000000	1001.157900	1.827487	995.747810	1.715355
9.954500	0.000000	0.000000	0.000000	0.000000	1001.592819	1.875443	996.163481	1.734380
9.976000	0.000000	0.000000	0.000000	0.000000	1001.688355	1.885777	996.219420	1.718553
9.997500	0.000000	0.000000	0.000000	0.000000	1001.167385	1.778774	995.751134	1.875241
10.019000	0.000000	0.000000	0.000000	0.000000	1001.438853	1.956323	996.023566	1.796220
10.040500	0.000000	0.000000	0.000000	0.000000	1000.896716	1.776334	995.474682	1.323426
10.062000	0.000000	0.000000	0.000000	0.000000	1001.158712	2.293258	995.745147	1.960106
10.083500	0.000000	0.000000	0.000000	0.000000	1001.251557	1.525414	995.813274	1.735506
10.105000	0.000000	0.000000	0.000000	0.000000	1001.016265	1.907623	995.565109	1.757020
10.126500	0.000000	0.000000	0.000000	0.000000	1001.340209	1.448899	995.888926	1.209025
10.148000	0.000000	0.000000	0.000000	0.000000	1000.841855	2.126232	995.436299	1.874063
10.169500	0.000000	0.000000	0.000000	0.000000	1000.971975	1.965891	995.560480	1.689103
10.191000	0.000000	0.000000	0.000000	0.000000	1001.265423	1.830016	995.813562	1.873817
10.212500	0.000000	0.000000	0.000000	0.000000	974.703627	98.837421	969.393663	98.503201
10.234000	0.000000	0.000000	0.000000	0.000000	909.000073	261.929677	904.061903	260.514407
10.255500	0.000000	0.000000	0.000000	0.000000	792.083710	393.591311	787.824576	391.456543
10.277000	0.000000	0.000000	0.000000	0.000000	728.247213	427.530237	724.295563	425.214398
10.298500	0.000000	0.000000	0.000000	0.000000	671.354425	465.034159	667.741748	462.540867
10.320000	0.000000	0.000000	0.000000	0.000000	603.998066	487.317331	600.604828	484.579970
10.341500	0.000000	0.000000	0.000000	0.000000	529.611125	484.102117	526.538237	481.248304
10.363000	0.000000	0.000000	0.000000	0.000000	452.891351	465.266636	450.259026	462.574314
10.384500	0.000000	0.000000	0.000000	0.000000	290.449615	437.041078	288.765103	434.507583
10.406000	0.000000	0.000000	0.000000	0.000000	216.836529	384.324858	215.512589	381.936890
10.427500	0.000000	0.000000	0.000000	0.000000	96.260939	269.783692	95.716141	268.252265
10.449000	0.000000	0.000000	0.000000	0.000000	66.929672	250.428288	66.532362	248.941673
10.470500	0.000000	0.000000	0.000000	0.000000	35.879015	175.598536	35.657060	174.509392
10.492000	0.000000	0.000000	0.000000	0.000000	0.000000	0.000000	0.000000	0.000000
10.513500	0.000000	0.000000	0.000000	0.000000	0.000000	0.000000	0.000000	0.000000
10.535000	0.000000	0.000000	0.000000	0.000000	0.000000	0.000000	0.000000	0.000000
10.556500	0.000000	0.000000	0.000000	0.000000	0.000000	0.000000	0.000000	0.000000
10.578000	0.000000	0.000000	0.000000	0.000000	0.000000	0.000000	0.000000	0.000000
10.599500	0.000000	0.000000	0.000000	0.000000	0.000000	0.000000	0.000000	0.000000
10.621000	0.000000	0.000000	0.000000	0.000000	0.000000	0.000000	0.000000	0.000000
10.642500	0.000000	0.000000	0.000000	0.000000	0.000000	0.000000	0.000000	0.000000
10.664000	0.000000	0.000000	0.000000	0.000000	0.000000	0.000000	0.000000	0.000000
10.685500	0.000000	0.000000	0.000000	0.000000	0.000000	0.000000	0.000000	0.000000
10.707000	0.000000	0.000000	0.000000	0.000000	0.000000	0.000000	0.000000	0.000000
10.728500	0.000000	0.000000	0.000000	0.000000	0.000000	0.000000	0.000000	0.000000
10.750000	0.000000	0.000000	0.000000	0.000000	0.000000	0.000000	0.000000	0.000000
10.771500	0.000000	0.000000	0.000000	0.000000	0.000000	0.000000	0.000000	0.000000
10.793000	0.000000	0.000000	0.000000	0.000000	0.000000	0.000000	0.000000	0.000000
10.814500	0.000000	0.000000	0.000000	0.000000	0.000000	0.000000	0.000000	0.000000
10.836000	0.000000	0.000000	0.000000	0.000000	0.000000	0.000000	0.000000	0.000000
10.857500	0.000000	0.000000	0.000000	0.000000	0.000000	0.000000	0.000000	0.000000
10.879000	0.000000	0.000000	0.000000	0.000000	0.000000	0.000000	0.000000	0.000000
10.900500	0.000000	0.000000	0.000000	0.000000	0.000000	0.000000	0.000000	0.000000
10.922000	0.000000	0.000000	0.000000	0.000000	0.000000	0.000000	0.000000	0.000000
10.943500	0.000000	0.000000	0.000000	0.000000	0.000000	0.000000	0.000000	0.000000
10.965000	0.000000	0.000000	0.000000	0.000000	0.000000	0.000000	0.000000	0.000000
10.986500	0.000000	0.000000	0.000000	0.000000	0.000000	0.000000	0.000000	0.000000
