-10.986500	0.000000	0.000000	0.000000	0.000000	0.000000	0.000000
-10.965000	0.000000	0.000000	0.000000	0.000000	0.000000	0.000000
-10.943500	0.000000	0.000000	0.000000	0.000000	0.000000	0.000000
-10.922000	0.000000	0.000000	0.000000	0.000000	0.000000	0.000000
-10.900500	0.000000	0.000000	0.000000	0.000000	0.000000	0.000000
-10.879000	0.000000	0.000000	0.000000	0.000000	0.000000	0.000000
-10.857500	0.000000	0.000000	0.000000	0.000000	0.000000	0.000000
-10.836000	0.000000	0.000000	0.000000	0.000000	0.000000	0.000000
-10.814500	0.000000	0.000000	0.000000	0.000000	0.000000	0.000000
-10.793000	0.000000	0.000000	0.000000	0.000000	0.000000	0.000000
-10.771500	0.000000	0.000000	0.000000	0.000000	0.000000	0.000000
-10.750000	0.000000	0.000000	0.000000	0.000000	0.000000	0.000000
-10.728500	0.000000	0.000000	0.000000	0.000000	0.000000	0.000000
-10.707000	0.000000	0.000000	0.000000	0.000000	0.000000	0.000000
-10.685500	0.000000	0.000000	0.000000	0.000000	0.000000	0.000000
-10.664000	0.000000	0.000000	0.000000	0.000000	0.000000	0.000000
-10.642500	0.000000	0.000000	0.000000	0.000000	0.000000	0.000000
-10.621000	0.000000	0.000000	0.000000	0.000000	0.000000	0.000000
-10.599500	0.000000	0.000000	0.000000	0.000000	0.000000	0.000000
-10.578000	0.000000	0.000000	0.000000	0.000000	0.000000	0.000000
-10.556500	0.000000	0.000000	0.000000	0.000000	0.000000	0.000000
-10.535000	0.000000	0.000000	0.000000	0.000000	0.000000	0.000000
-10.513500	0.000000	0.000000	0.000000	0.000000	0.000000	0.000000
-10.492000	0.000000	0.000000	0.000275	0.001900	0.000000	0.000000
-10.470500	0.000000	0.000000	-0.000263	0.006882	0.000000	0.000000
-10.449000	0.000000	0.000000	-0.000189	0.007846	0.000000	0.000000
-10.427500	0.000000	0.000000	0.001440	0.021726	0.000000	0.000000
-10.406000	0.000000	0.000000	-0.004272	0.031975	0.000000	0.000000
-10.384500	0.000000	0.000000	0.006893	0.040934	0.000000	0.000000
-10.363000	0.000000	0.000000	0.001003	0.045074	0.000000	0.000000
-10.341500	0.000000	0.000000	0.008906	0.042837	0.000000	0.000000
-10.320000	0.000000	0.000000	-0.001834	0.046057	0.000000	0.000000
-10.298500	0.000000	0.000000	-0.007764	0.041749	0.000000	0.000000
-10.277000	0.000000	0.000000	-0.008427	0.042058	0.000000	0.000000
-10.255500	0.000000	0.000000	0.010367	0.063688	0.000000	0.000000
-10.234000	0.000000	0.000000	0.006294	0.059655	0.000000	0.000000
-10.212500	0.000000	0.000000	0.012625	0.054817	0.000000	0.000000
-10.191000	0.000000	0.000000	-0.003822	0.076249	0.000000	0.000000
-10.169500	0.000000	0.000000	-0.005929	0.083117	0.000000	0.000000
-10.148000	0.000000	0.000000	0.006451	0.053344	0.000000	0.000000
-10.126500	0.000000	0.000000	-0.019825	0.056464	0.000000	0.000000
-10.105000	0.000000	0.000000	-0.006028	0.076731	0.000000	0.000000
-10.083500	0.000000	0.000000	0.008714	0.075900	0.000000	0.000000
-10.062000	0.000000	0.000000	-0.000445	0.065857	0.000000	0.000000
-10.040500	0.000000	0.000000	0.004445	0.064695	0.000000	0.000000
-10.019000	0.000000	0.000000	-0.002993	0.072155	0.000000	0.000000
-9.997500	0.000000	0.000000	0.008568	0.052635	0.000000	0.000000
-9.976000	0.000000	0.000000	0.007518	0.055486	0.000000	0.000000
-9.954500	0.000000	0.000000	0.001747	0.080439	0.000000	0.000000
-9.933000	0.000000	0.000000	-0.013798	0.065176	0.000000	0.000000
-9.911500	0.000000	0.000000	-0.015583	0.065651	0.000000	0.000000
-9.890000	0.000000	0.000000	-0.006042	0.060977	0.000000	0.000000
-9.868500	0.000000	0.000000	0.005796	0.049479	0.000000	0.000000
-9.847000	0.000000	0.000000	0.016077	0.053078	0.000000	0.000000
-9.825500	0.000000	0.000000	0.003286	0.060824	0.000000	0.000000
-9.804000	0.000000	0.000000	0.009253	0.066584	0.000000	0.000000
-9.782500	0.000000	0.000000	0.007580	0.049387	0.000000	0.000000
-9.761000	0.000000	0.000000	-0.012603	0.069318	0.000000	0.000000
-9.739500	0.000000	0.000000	0.005068	0.086866	0.000000	0.000000
-9.718000	0.000000	0.000000	-0.011840	0.067946	0.000000	0.000000
-9.696500	0.000000	0.000000	-0.011446	0.052508	0.000000	0.000000
-9.675000	0.000000	0.000000	-0.008872	0.051834	0.000000	0.000000
-9.653500	0.000000	0.000000	-0.000748	0.064131	0.000000	0.000000
-9.632000	0.000000	0.000000	0.033192	0.086346	0.000000	0.000000
-9.610500	0.000000	0.000000	-0.015081	0.058550	0.000000	0.000000
-9.589000	0.000000	0.000000	0.019675	0.073199	0.000000	0.000000
-9.567500	0.000000	0.000000	-0.000434	0.057194	0.000000	0.000000
-9.546000	0.000000	0.000000	-0.003988	0.066148	0.000000	0.000000
-9.524500	0.000000	0.000000	-0.020653	0.065294	0.000000	0.000000
-9.503000	0.000000	0.000000	0.005118	0.067313	0.000000	0.000000
-9.481500	0.000000	0.000000	-0.005906	0.056408	0.000000	0.000000
-9.460000	0.000000	0.000000	-0.007634	0.071430	0.000000	0.000000
-9.438500	0.000000	0.000000	0.015559	0.064448	0.000000	0.000000
-9.417000	0.000000	0.000000	-0.015199	0.064796	0.000000	0.000000
-9.395500	0.000000	0.000000	0.016965	0.061563	0.000000	0.000000
-9.374000	0.000000	0.000000	0.002763	0.062911	0.000000	0.000000
-9.352500	0.000000	0.000000	-0.023367	0.068666	0.000000	0.000000
-9.331000	0.000000	0.000000	0.004696	0.068845	0.000000	0.000000
-9.309500	0.000000	0.000000	0.002481	0.069291	0.000000	0.000000
-9.288000	0.000000	0.000000	0.007881	0.057489	0.000000	0.000000
-9.266500	0.000000	0.000000	-0.014017	0.074016	0.000000	0.000000
-9.245000	0.000000	0.000000	0.010497	0.059201	0.000000	0.000000
-9.223500	0.000000	0.000000	0.015300	0.058371	0.000000	0.000000
-9.202000	0.000000	0.000000	-0.007259	0.068698	0.000000	0.000000
-9.180500	0.000000	0.000000	0.003382	0.069893	0.000000	0.000000
-9.159000	0.000000	0.000000	-0.005252	0.065971	0.000000	0.000000
-9.137500	0.000000	0.000000	0.002231	0.063664	0.000000	0.000000
-9.116000	0.000000	0.000000	0.013883	0.073185	0.000000	0.000000
-9.094500	0.000000	0.000000	-0.020382	0.060097	0.000000	0.000000
-9.073000	0.000000	0.000000	0.017313	0.055194	0.000000	0.000000
-9.051500	0.000000	0.000000	-0.023468	0.076093	0.000000	0.000000
-9.030000	0.000000	0.000000	-0.016993	0.066569	0.000000	0.000000
-9.008500	0.000000	0.000000	0.012530	0.052959	0.000000	0.000000
-8.987000	0.000000	0.000000	0.007659	0.060094	0.000000	0.000000
-8.965500	0.000000	0.000000	0.007545	0.064861	0.000000	0.000000
-8.944000	0.000000	0.000000	0.013031	0.068109	0.000000	0.000000
-8.922500	0.000000	0.000000	-0.022386	0.056239	0.000000	0.000000
-8.901000	0.000000	0.000000	0.002395	0.063265	0.000000	0.000000
-8.879500	0.000000	0.000000	0.003768	0.058437	0.000000	0.000000
-8.858000	0.000000	0.000000	0.006843	0.073297	0.000000	0.000000
-8.836500	0.000000	0.000000	-0.002060	0.076443	0.000000	0.000000
-8.815000	0.000000	0.000000	0.000092	0.079469	0.000000	0.000000
-8.793500	0.000000	0.000000	0.007001	0.063181	0.000000	0.000000
-8.772000	0.000000	0.000000	-0.009592	0.068172	0.000000	0.000000
-8.750500	0.000000	0.000000	-0.001909	0.078057	0.000000	0.000000
-8.729000	0.000000	0.000000	0.002810	0.061305	0.000000	0.000000
-8.707500	0.000000	0.000000	-0.010960	0.065413	0.000000	0.000000
-8.686000	0.000000	0.000000	0.011615	0.072302	0.000000	0.000000
-8.664500	0.000000	0.000000	0.002697	0.077432	0.000000	0.000000
-8.643000	0.000000	0.000000	0.005817	0.054025	0.000000	0.000000
-8.621500	0.000000	0.000000	-0.012293	0.065129	0.000000	0.000000
-8.600000	0.000000	0.000000	-0.015010	0.056628	0.000000	0.000000
-8.578500	0.000000	0.000000	-0.008815	0.058687	0.000000	0.000000
-8.557000	0.000000	0.000000	0.036801	0.071415	0.000000	0.000000
-8.535500	0.000000	0.000000	0.005209	0.073000	0.000000	0.000000
-8.514000	0.000000	0.000000	-0.001723	0.062830	0.000000	0.000000
-8.492500	0.000000	0.000000	-0.025444	0.059215	0.000000	0.000000
-8.471000	0.000000	0.000000	-0.002788	0.064166	0.000000	0.000000
-8.449500	0.000000	0.000000	0.008142	0.061094	0.000000	0.000000
-8.428000	0.000000	0.000000	-0.008887	0.078267	0.000000	0.000000
-8.406500	0.000000	0.000000	0.009521	0.068565	0.000000	0.000000
-8.385000	0.000000	0.000000	0.020645	0.069031	0.000000	0.000000
-8.363500	0.000000	0.000000	0.016254	0.057102	0.000000	0.000000
-8.342000	0.000000	0.000000	-0.007945	0.057194	0.000000	0.000000
-8.320500	0.000000	0.000000	-0.016846	0.067230	0.000000	0.000000
-8.299000	0.000000	0.000000	-0.005183	0.065102	0.000000	0.000000
-8.277500	0.000000	0.000000	-0.013878	0.061666	0.000000	0.000000
-8.256000	0.000000	0.000000	0.014472	0.058212	0.000000	0.000000
-8.234500	0.000000	0.000000	-0.000533	0.062344	0.000000	0.000000
-8.213000	0.000000	0.000000	0.001513	0.075998	0.000000	0.000000
-8.191500	0.000000	0.000000	-0.009978	0.055519	0.000000	0.000000
-8.170000	0.000000	0.000000	0.009312	0.074206	0.000000	0.000000
-8.148500	0.000000	0.000000	-0.013796	0.066072	0.000000	0.000000
-8.127000	0.000000	0.000000	-0.004676	0.060323	0.000000	0.000000
-8.105500	0.000000	0.000000	0.014552	0.064463	0.000000	0.000000
-8.084000	0.000000	0.000000	0.016197	0.056012	0.000000	0.000000
-8.062500	0.000000	0.000000	0.010089	0.059923	0.000000	0.000000
-8.041000	0.000000	0.000000	-0.012405	0.054952	0.000000	0.000000
-8.019500	0.000000	0.000000	-0.022351	0.068646	0.000000	0.000000
-7.998000	0.000000	0.000000	-0.017317	0.051655	0.000000	0.000000
-7.976500	0.000000	0.000000	0.023987	0.065866	0.000000	0.000000
-7.955000	0.000000	0.000000	0.023365	0.052060	0.000000	0.000000
-7.933500	0.000000	0.000000	-0.021135	0.068288	0.000000	0.000000
-7.912000	0.000000	0.000000	-0.005693	0.069056	0.000000	0.000000
-7.890500	0.000000	0.000000	-0.003147	0.068291	0.000000	0.000000
-7.869000	0.000000	0.000000	-0.003976	0.060816	0.000000	0.000000
-7.847500	0.000000	0.000000	0.012226	0.062795	0.000000	0.000000
-7.826000	0.000000	0.000000	0.016543	0.059606	0.000000	0.000000
-7.804500	0.000000	0.000000	-0.001218	0.054583	0.000000	0.000000
-7.783000	0.000000	0.000000	0.004150	0.063590	0.000000	0.000000
-7.761500	0.000000	0.000000	-0.007916	0.062704	0.000000	0.000000
-7.740000	0.000000	0.000000	-0.015516	0.057547	0.000000	0.000000
-7.718500	0.000000	0.000000	-0.020656	0.065164	0.000000	0.000000
-7.697000	0.000000	0.000000	0.012011	0.059855	0.000000	0.000000
-7.675500	0.000000	0.000000	0.004977	0.065191	0.000000	0.000000
-7.654000	0.000000	0.000000	0.012335	0.065187	0.000000	0.000000
-7.632500	0.000000	0.000000	-0.001170	0.053569	0.000000	0.000000
-7.611000	0.000000	0.000000	0.004274	0.068027	0.000000	0.000000
-7.589500	0.000000	0.000000	0.005339	0.076866	0.000000	0.000000
-7.568000	0.000000	0.000000	-0.006868	0.057943	0.000000	0.000000
-7.546500	0.000000	0.000000	-0.010193	0.063110	0.000000	0.000000
-7.525000	0.000000	0.000000	-0.007233	0.075098	0.000000	0.000000
-7.503500	0.000000	0.000000	0.002210	0.060121	0.000000	0.000000
-7.482000	0.000000	0.000000	0.003715	0.073207	0.000000	0.000000
-7.460500	0.000000	0.000000	0.001553	0.064967	0.000000	0.000000
-7.439000	0.000000	0.000000	-0.011365	0.073311	0.000000	0.000000
-7.417500	0.000000	0.000000	0.021624	0.079872	0.000000	0.000000
-7.396000	0.000000	0.000000	-0.014754	0.073666	0.000000	0.000000
-7.374500	0.000000	0.000000	0.012331	0.057573	0.000000	0.000000
-7.353000	0.000000	0.000000	-0.001026	0.065496	0.000000	0.000000
-7.331500	0.000000	0.000000	-0.013168	0.062310	0.000000	0.000000
-7.310000	0.000000	0.000000	0.017811	0.063201	0.000000	0.000000
-7.288500	0.000000	0.000000	-0.011954	0.082618	0.000000	0.000000
-7.267000	0.000000	0.000000	0.003358	0.059975	0.000000	0.000000
-7.245500	0.000000	0.000000	0.012680	0.055283	0.000000	0.000000
-7.224000	0.000000	0.000000	0.017250	0.073692	0.000000	0.000000
-7.202500	0.000000	0.000000	-0.026955	0.052141	0.000000	0.000000
-7.181000	0.000000	0.000000	-0.009879	0.083483	0.000000	0.000000
-7.159500	0.000000	0.000000	-0.007648	0.061494	0.000000	0.000000
-7.138000	0.000000	0.000000	0.016149	0.062688	0.000000	0.000000
-7.116500	0.000000	0.000000	0.001787	0.068896	0.000000	0.000000
-7.095000	0.000000	0.000000	0.002114	0.066116	0.000000	0.000000
-7.073500	0.000000	0.000000	0.000977	0.056488	0.000000	0.000000
-7.052000	0.000000	0.000000	-0.009924	0.059399	0.000000	0.000000
-7.030500	0.000000	0.000000	-0.013499	0.066541	0.000000	0.000000
-7.009000	0.000000	0.000000	0.021209	0.069000	0.000000	0.000000
-6.987500	0.000000	0.000000	0.008086	0.074415	0.000000	0.000000
-6.966000	0.000000	0.000000	-0.003214	0.058995	0.000000	0.000000
-6.944500	0.000000	0.000000	-0.008834	0.061454	0.000000	0.000000
-6.923000	0.000000	0.000000	-0.005111	0.080506	0.000000	0.000000
-6.901500	0.000000	0.000000	-0.006645	0.059223	0.000000	0.000000
-6.880000	0.000000	0.000000	0.005454	0.051867	0.000000	0.000000
-6.858500	0.000000	0.000000	0.011742	0.055665	0.000000	0.000000
-6.837000	0.000000	0.000000	-0.008162	0.068387	0.000000	0.000000
-6.815500	0.000000	0.000000	0.007557	0.056656	0.000000	0.000000
-6.794000	0.000000	0.000000	-0.032175	0.075150	0.000000	0.000000
-6.772500	0.000000	0.000000	0.024234	0.064836	0.000000	0.000000
-6.751000	0.000000	0.000000	0.006352	0.058202	0.000000	0.000000
-6.729500	0.000000	0.000000	-0.002225	0.055015	0.000000	0.000000
-6.708000	0.000000	0.000000	0.020654	0.072466	0.000000	0.000000
-6.686500	0.000000	0.000000	-0.026989	0.053935	0.000000	0.000000
-6.665000	0.000000	0.000000	0.011489	0.068566	0.000000	0.000000
-6.643500	0.000000	0.000000	-0.003498	0.065207	0.000000	0.000000
-6.622000	0.000000	0.000000	0.004458	0.052299	0.000000	0.000000
-6.600500	0.000000	0.000000	0.000724	0.069304	0.000000	0.000000
-6.579000	0.000000	0.000000	-0.026038	0.063317	0.000000	0.000000
-6.557500	0.000000	0.000000	0.004045	0.055746	0.000000	0.000000
-6.536000	0.000000	0.000000	0.007245	0.056446	0.000000	0.000000
-6.514500	0.000000	0.000000	-0.011600	0.064068	0.000000	0.000000
-6.493000	0.000000	0.000000	0.016873	0.049296	0.000000	0.000000
-6.471500	0.000000	0.000000	0.010235	0.061169	0.000000	0.000000
-6.450000	0.000000	0.000000	0.003093	0.064242	0.000000	0.000000
-6.428500	0.000000	0.000000	-0.010304	0.069155	0.000000	0.000000
-6.407000	0.000000	0.000000	-0.015469	0.070133	0.000000	0.000000
-6.385500	0.000000	0.000000	0.003225	0.075682	0.000000	0.000000
-6.364000	0.000000	0.000000	0.008114	0.057132	0.000000	0.000000
-6.342500	0.000000	0.000000	0.011246	0.058134	0.000000	0.000000
-6.321000	0.000000	0.000000	-0.013823	0.075520	0.000000	0.000000
-6.299500	0.000000	0.000000	0.006880	0.071061	0.000000	0.000000
-6.278000	0.000000	0.000000	0.009274	0.061658	0.000000	0.000000
-6.256500	0.000000	0.000000	-0.007637	0.061817	0.000000	0.000000
-6.235000	0.000000	0.000000	-0.002984	0.051370	0.000000	0.000000
-6.213500	0.000000	0.000000	-0.002751	0.071354	0.000000	0.000000
-6.192000	0.000000	0.000000	-0.009754	0.054405	0.000000	0.000000
-6.170500	0.000000	0.000000	0.011928	0.062689	0.000000	0.000000
-6.149000	0.000000	0.000000	-0.004136	0.052312	0.000000	0.000000
-6.127500	0.000000	0.000000	0.005400	0.069586	0.000000	0.000000
-6.106000	0.000000	0.000000	0.000386	0.068266	0.000000	0.000000
-6.084500	0.000000	0.000000	-0.004495	0.066317	0.000000	0.000000
-6.063000	0.000000	0.000000	-0.003152	0.059958	0.000000	0.000000
-6.041500	0.000000	0.000000	-0.002571	0.072258	0.000000	0.000000
-6.020000	0.000000	0.000000	-0.002006	0.052246	0.000000	0.000000
-5.998500	0.000000	0.000000	0.021256	0.075965	0.000000	0.000000
-5.977000	0.000000	0.000000	-0.004532	0.062518	0.000000	0.000000
-5.955500	0.000000	0.000000	0.004447	0.055372	0.000000	0.000000
-5.934000	0.000000	0.000000	-0.006422	0.064361	0.000000	0.000000
-5.912500	0.000000	0.000000	0.015762	0.061662	0.000000	0.000000
-5.891000	0.000000	0.000000	-0.020733	0.064083	0.000000	0.000000
-5.869500	0.000000	0.000000	-0.012613	0.066794	0.000000	0.000000
-5.848000	0.000000	0.000000	0.003566	0.075139	0.000000	0.000000
-5.826500	0.000000	0.000000	-0.015050	0.075819	0.000000	0.000000
-5.805000	0.000000	0.000000	0.016934	0.061220	0.000000	0.000000
-5.783500	0.000000	0.000000	0.005268	0.072332	0.000000	0.000000
-5.762000	0.000000	0.000000	-0.003561	0.075516	0.000000	0.000000
-5.740500	0.000000	0.000000	-0.012700	0.057068	0.000000	0.000000
-5.719000	0.000000	0.000000	0.000209	0.065992	0.000000	0.000000
-5.697500	0.000000	0.000000	0.024468	0.061996	0.000000	0.000000
-5.676000	0.000000	0.000000	0.008216	0.053606	0.000000	0.000000
-5.654500	0.000000	0.000000	0.004053	0.060388	0.000000	0.000000
-5.633000	0.000000	0.000000	-0.007819	0.057881	0.000000	0.000000
-5.611500	0.000000	0.000000	-0.030332	0.056556	0.000000	0.000000
-5.590000	0.000000	0.000000	-0.002268	0.068842	0.000000	0.000000
-5.568500	0.000000	0.000000	0.002547	0.081362	0.000000	0.000000
-5.547000	0.000000	0.000000	0.003576	0.061416	0.000000	0.000000
-5.525500	0.000000	0.000000	0.009376	0.061537	0.000000	0.000000
-5.504000	0.000000	0.000000	0.009458	0.060797	0.000000	0.000000
-5.482500	0.000000	0.000000	0.017238	0.042138	0.000000	0.000000
-5.461000	0.000000	0.000000	0.000678	0.069481	0.000000	0.000000
-5.439500	0.000000	0.000000	-0.014159	0.056286	0.000000	0.000000
-5.418000	0.000000	0.000000	-0.017483	0.064894	0.000000	0.000000
-5.396500	0.000000	0.000000	-0.009108	0.074811	0.000000	0.000000
-5.375000	0.000000	0.000000	0.018920	0.063549	0.000000	0.000000
-5.353500	0.000000	0.000000	-0.005586	0.073047	0.000000	0.000000
-5.332000	0.000000	0.000000	-0.013216	0.064565	0.000000	0.000000
-5.310500	0.000000	0.000000	-0.005721	0.077208	0.000000	0.000000
-5.289000	0.000000	0.000000	0.021167	0.056719	0.000000	0.000000
-5.267500	0.000000	0.000000	0.010990	0.060712	0.000000	0.000000
-5.246000	0.000000	0.000000	0.017446	0.075185	0.000000	0.000000
-5.224500	0.000000	0.000000	-0.021370	0.072741	0.000000	0.000000
-5.203000	0.000000	0.000000	-0.006560	0.070165	0.000000	0.000000
-5.181500	0.000000	0.000000	-0.009191	0.058286	0.000000	0.000000
-5.160000	0.000000	0.000000	-0.010186	0.056700	0.000000	0.000000
-5.138500	0.000000	0.000000	0.007771	0.060676	0.000000	0.000000
-5.117000	0.000000	0.000000	0.008551	0.059931	0.000000	0.000000
-5.095500	0.000000	0.000000	0.011910	0.057664	0.000000	0.000000
-5.074000	0.000000	0.000000	0.003926	0.052821	0.000000	0.000000
-5.052500	0.000000	0.000000	-0.016304	0.070620	0.000000	0.000000
-5.031000	0.000000	0.000000	-0.006821	0.075969	0.000000	0.000000
-5.009500	0.000000	0.000000	-0.007547	0.083225	0.000000	0.000000
-4.988000	0.000000	0.000000	0.025366	0.073756	0.000000	0.000000
-4.966500	0.000000	0.000000	0.001234	0.066672	0.000000	0.000000
-4.945000	0.000000	0.000000	-0.019990	0.063540	0.000000	0.000000
-4.923500	0.000000	0.000000	0.005865	0.072563	0.000000	0.000000
-4.902000	0.000000	0.000000	0.008252	0.070791	0.000000	0.000000
-4.880500	0.000000	0.000000	0.008534	0.063895	0.000000	0.000000
-4.859000	0.000000	0.000000	-0.013514	0.044334	0.000000	0.000000
-4.837500	0.000000	0.000000	-0.005238	0.084450	0.000000	0.000000
-4.816000	0.000000	0.000000	-0.007792	0.080389	0.000000	0.000000
-4.794500	0.000000	0.000000	0.010038	0.065842	0.000000	0.000000
-4.773000	0.000000	0.000000	-0.004970	0.063410	0.000000	0.000000
-4.751500	0.000000	0.000000	-0.007335	0.068579	0.000000	0.000000
-4.730000	0.000000	0.000000	0.013890	0.066792	0.000000	0.000000
-4.708500	0.000000	0.000000	0.003769	0.064623	0.000000	0.000000
-4.687000	0.000000	0.000000	0.003283	0.045511	0.000000	0.000000
-4.665500	0.000000	0.000000	-0.014682	0.074380	0.000000	0.000000
-4.644000	0.000000	0.000000	0.025996	0.058863	0.000000	0.000000
-4.622500	0.000000	0.000000	-0.005685	0.062027	0.000000	0.000000
-4.601000	0.000000	0.000000	-0.005864	0.054491	0.000000	0.000000
-4.579500	0.000000	0.000000	-0.010590	0.069869	0.000000	0.000000
-4.558000	0.000000	0.000000	-0.006365	0.061910	0.000000	0.000000
-4.536500	0.000000	0.000000	-0.009304	0.057780	0.000000	0.000000
-4.515000	0.000000	0.000000	0.002807	0.059151	0.000000	0.000000
-4.493500	0.000000	0.000000	-0.004032	0.078622	0.000000	0.000000
-4.472000	0.000000	0.000000	0.017635	0.062350	0.000000	0.000000
-4.450500	0.000000	0.000000	0.016774	0.062332	0.000000	0.000000
-4.429000	0.000000	0.000000	-0.020195	0.058790	0.000000	0.000000
-4.407500	0.000000	0.000000	-0.008925	0.056390	0.000000	0.000000
-4.386000	0.000000	0.000000	-0.016103	0.053292	0.000000	0.000000
-4.364500	0.000000	0.000000	0.026909	0.057722	0.000000	0.000000
-4.343000	0.000000	0.000000	0.007188	0.071867	0.000000	0.000000
-4.321500	0.000000	0.000000	-0.010509	0.064479	0.000000	0.000000
-4.300000	0.000000	0.000000	0.002505	0.057527	0.000000	0.000000
-4.278500	0.000000	0.000000	-0.001027	0.062994	0.000000	0.000000
-4.257000	0.000000	0.000000	-0.019280	0.056528	0.000000	0.000000
-4.235500	0.000000	0.000000	-0.000269	0.050496	0.000000	0.000000
-4.214000	0.000000	0.000000	0.023470	0.051429	0.000000	0.000000
-4.192500	0.000000	0.000000	-0.014168	0.072097	0.000000	0.000000
-4.171000	0.000000	0.000000	0.008105	0.064186	0.000000	0.000000
-4.149500	0.000000	0.000000	0.004741	0.073492	0.000000	0.000000
-4.128000	0.000000	0.000000	0.008223	0.077971	0.000000	0.000000
-4.106500	0.000000	0.000000	-0.004188	0.075270	0.000000	0.000000
-4.085000	0.000000	0.000000	-0.025121	0.064219	0.000000	0.000000
-4.063500	0.000000	0.000000	-0.006713	0.044056	0.000000	0.000000
-4.042000	0.000000	0.000000	-0.003681	0.071372	0.000000	0.000000
-4.020500	0.000000	0.000000	0.005650	0.055343	0.000000	0.000000
-3.999000	0.000000	0.000000	0.009487	0.066203	0.000000	0.000000
-3.977500	0.000000	0.000000	0.003190	0.072479	0.000000	0.000000
-3.956000	0.000000	0.000000	0.024009	0.070843	0.000000	0.000000
-3.934500	0.000000	0.000000	-0.001933	0.061443	0.000000	0.000000
-3.913000	0.000000	0.000000	-0.019864	0.048712	0.000000	0.000000
-3.891500	0.000000	0.000000	-0.005312	0.070308	0.000000	0.000000
-3.870000	0.000000	0.000000	-0.014404	0.075651	0.000000	0.000000
-3.848500	0.000000	0.000000	0.000862	0.059643	0.000000	0.000000
-3.827000	0.000000	0.000000	0.004817	0.064755	0.000000	0.000000
-3.805500	0.000000	0.000000	0.016409	0.072050	0.000000	0.000000
-3.784000	0.000000	0.000000	-0.005610	0.049452	0.000000	0.000000
-3.762500	0.000000	0.000000	0.015790	0.064550	0.000000	0.000000
-3.741000	0.000000	0.000000	-0.007487	0.058959	0.000000	0.000000
-3.719500	0.000000	0.000000	-0.021852	0.067816	0.000000	0.000000
-3.698000	0.000000	0.000000	-0.003017	0.069650	0.000000	0.000000
-3.676500	0.000000	0.000000	0.005912	0.053868	0.000000	0.000000
-3.655000	0.000000	0.000000	-0.015369	0.062730	0.000000	0.000000
-3.633500	0.000000	0.000000	0.024204	0.069937	0.000000	0.000000
-3.612000	0.000000	0.000000	-0.006259	0.058700	0.000000	0.000000
-3.590500	0.000000	0.000000	0.001468	0.069550	0.000000	0.000000
-3.569000	0.000000	0.000000	0.004398	0.081699	0.000000	0.000000
-3.547500	0.000000	0.000000	0.005706	0.069492	0.000000	0.000000
-3.526000	0.000000	0.000000	0.004100	0.062135	0.000000	0.000000
-3.504500	0.000000	0.000000	0.016175	0.060416	0.000000	0.000000
-3.483000	0.000000	0.000000	-0.019302	0.076773	0.000000	0.000000
-3.461500	0.000001	0.000000	-0.008896	0.056570	0.000000	0.000000
-3.440000	0.000004	0.000000	0.007065	0.071317	0.000000	0.000000
-3.418500	0.000000	0.000000	0.004076	0.065055	0.000000	0.000000
-3.397000	0.000004	0.000000	-0.021569	0.072960	0.000000	0.000000
-3.375500	0.000014	0.000000	0.003302	0.061142	0.000000	0.000000
-3.354000	0.000022	0.000000	0.015364	0.063048	0.000000	0.000000
-3.332500	0.000037	0.000000	-0.010627	0.063863	0.000000	0.000000
-3.311000	0.000065	0.000000	0.006659	0.057157	0.000000	0.000000
-3.289500	0.000067	0.000000	0.011959	0.080471	0.000000	0.000000
-3.268000	0.000128	0.000413	0.001607	0.077872	0.000000	0.000000
-3.246500	0.000212	0.000717	-0.009527	0.054320	0.000000	0.000000
-3.225000	0.000364	0.001069	-0.017644	0.078081	0.000000	0.000000
-3.203500	0.000704	0.001841	-0.018903	0.075154	0.000000	0.000000
-3.182000	0.001367	0.002738	-0.005476	0.072857	0.000000	0.000000
-3.160500	0.002531	0.004547	-0.011713	0.053296	0.000000	0.000000
-3.139000	0.004538	0.006605	-0.028385	0.075042	0.000000	0.000000
-3.117500	0.007886	0.010135	-0.088436	0.071460	0.000000	0.000000
-3.096000	0.012751	0.013327	-0.062603	0.086891	0.000000	0.000000
-3.074500	0.019558	0.017277	-0.095604	0.084780	0.000000	0.000000
-3.053000	0.028854	0.020882	-0.151430	0.085656	0.000000	0.000000
-3.031500	0.042763	0.027071	-0.178732	0.074686	0.000000	0.000000
-3.010000	0.059523	0.032861	-0.231798	0.087658	0.000000	0.000000
-2.988500	0.080882	0.038301	-0.269779	0.088314	0.000000	0.000000
-2.967000	0.107582	0.044020	-0.315022	0.091177	0.000000	0.000000
-2.945500	0.142217	0.051988	-0.384860	0.090808	0.000000	0.000000
-2.924000	0.180670	0.060406	-0.441161	0.109607	0.000000	0.000000
-2.902500	0.228246	0.072403	-0.522489	0.147681	0.000000	0.000000
-2.881000	0.285695	0.086678	-0.607546	0.142087	0.000000	0.000000
-2.859500	0.352854	0.101429	-0.701122	0.144669	0.000000	0.000000
-2.838000	0.431622	0.115172	-0.798768	0.145264	0.000000	0.000000
-2.816500	0.520839	0.126047	-0.941491	0.152662	0.000000	0.000000
-2.795000	0.629485	0.139566	-1.045123	0.184111	0.000000	0.000000
-2.773500	0.749400	0.150556	-1.183307	0.174691	0.000000	0.000000
-2.752000	0.884254	0.163598	-1.297954	0.146519	0.000000	0.000000
-2.730500	1.020602	0.174058	-1.456359	0.181393	0.000000	0.000000
-2.709000	1.162582	0.177908	-1.527665	0.173089	0.000000	0.000000
-2.687500	1.301672	0.185523	-1.653213	0.156803	0.000000	0.000000
-2.666000	1.442014	0.190766	-1.716893	0.143992	0.000000	0.000000
-2.644500	1.571740	0.193672	-1.798402	0.130257	0.000000	0.000000
-2.623000	1.689403	0.189407	-1.853319	0.162256	0.000000	0.000000
-2.601500	1.778875	0.174203	-1.863086	0.187947	0.000000	0.000000
-2.580000	1.861761	0.171196	-1.872727	0.199110	0.000000	0.000000
-2.558500	1.911306	0.187699	-1.810738	0.216893	0.000000	0.000000
-2.537000	1.924720	0.225631	-1.743484	0.238002	0.000000	0.000000
-2.515500	1.920674	0.279322	-1.620480	0.221321	0.000000	0.000000
-2.494000	1.887714	0.311810	-1.495530	0.226332	0.000000	0.000000
-2.472500	1.794303	0.352450	-1.345149	0.238344	0.000000	0.000000
-2.451000	1.675024	0.362802	-1.169349	0.258176	0.000000	0.000000
-2.429500	1.524065	0.323671	-0.975830	0.269047	0.000000	0.000000
-2.408000	1.358801	0.278986	-0.760827	0.246727	0.000000	0.000000
-2.386500	1.175263	0.282607	-0.554301	0.256551	0.000000	0.000000
-2.365000	0.944679	0.330459	-0.325774	0.245873	0.000000	0.000000
-2.343500	0.749131	0.354399	-0.115231	0.222601	0.000000	0.000000
-2.322000	0.558368	0.373342	0.086573	0.201704	0.000000	0.000000
-2.300500	0.435090	0.353212	0.251099	0.192103	0.000000	0.000000
-2.279000	0.301019	0.369975	0.365612	0.171255	0.000000	0.000000
-2.257500	0.218655	0.360057	0.437940	0.202194	0.000000	0.000000
-2.236000	0.170060	0.371654	0.471191	0.249133	0.000000	0.000000
-2.214500	0.134528	0.374426	0.459226	0.274623	0.000000	0.000000
-2.193000	0.144596	0.367470	0.453839	0.305525	0.000000	0.000000
-2.171500	0.092504	0.344978	0.423267	0.307061	0.000000	0.000000
-2.150000	0.019519	0.339639	0.394339	0.279587	0.000000	0.000000
-2.128500	-0.104775	0.383490	0.401086	0.265499	0.000000	0.000000
-2.107000	-0.213954	0.393418	0.403033	0.243238	0.000000	0.000000
-2.085500	-0.355674	0.420783	0.430247	0.272744	0.000000	0.000000
-2.064000	-0.524958	0.426339	0.511712	0.282507	0.000000	0.000000
-2.042500	-0.701429	0.429255	0.594007	0.287062	0.000000	0.000000
-2.021000	-0.860705	0.396698	0.728398	0.295097	0.000000	0.000000
-1.999500	-1.025744	0.355756	0.861567	0.319973	0.000000	0.000000
-1.978000	-1.167930	0.342394	1.021421	0.324649	0.000000	0.000000
-1.956500	-1.320010	0.315484	1.156407	0.291296	0.000000	0.000000
-1.935000	-1.463082	0.306565	1.284380	0.255147	0.000000	0.000000
-1.913500	-1.595439	0.255587	1.402515	0.248127	0.000000	0.000000
-1.892000	-1.718349	0.271447	1.457782	0.295667	0.000000	0.000000
-1.870500	-1.818456	0.309468	1.492365	0.307900	0.000000	0.000000
-1.849000	-1.899952	0.346952	1.513388	0.311584	0.000000	0.000000
-1.827500	-1.981544	0.351765	1.504277	0.293143	0.000000	0.000000
-1.806000	-2.019986	0.390242	1.497298	0.256152	0.000000	0.000000
-1.784500	-2.002893	0.399963	1.491449	0.243208	0.000000	0.000000
-1.763000	-1.950096	0.370834	1.441679	0.205793	0.000000	0.000000
-1.741500	-1.812949	0.323695	1.382801	0.235006	0.000000	0.000000
-1.720000	-1.703736	0.296598	1.312653	0.242371	0.000000	0.000000
-1.698500	-1.563372	0.303041	1.235469	0.223033	0.000000	0.000000
-1.677000	-1.402877	0.291403	1.150270	0.202578	0.000000	0.000000
-1.655500	-1.230880	0.287488	1.081057	0.185937	0.000000	0.000000
-1.634000	-1.077920	0.293765	1.012063	0.177843	0.000000	0.000000
-1.612500	-0.932629	0.275346	0.939876	0.165751	0.000000	0.000000
-1.591000	-0.805120	0.258952	0.847540	0.155871	0.000000	0.000000
-1.569500	-0.690540	0.235103	0.729280	0.148100	0.000000	0.000000
-1.548000	-0.590421	0.191177	0.617851	0.129121	0.000000	0.000000
-1.526500	-0.478300	0.152748	0.498839	0.122060	0.000000	0.000000
-1.505000	-0.370601	0.129390	0.391309	0.107261	0.000000	0.000000
-1.483500	-0.278924	0.132436	0.303025	0.095124	0.000000	0.000000
-1.462000	-0.187082	0.139417	0.234721	0.074075	0.000000	0.000000
-1.440500	-0.097897	0.132022	0.182738	0.056188	0.000000	0.000000
-1.419000	-0.034892	0.115948	0.141577	0.047418	0.000000	0.000000
-1.397500	0.016077	0.095466	0.112755	0.039371	0.000000	0.000000
-1.376000	0.048895	0.064991	0.090787	0.039165	0.000000	0.000000
-1.354500	0.061469	0.043483	0.070283	0.033967	0.000000	0.000000
-1.333000	0.057987	0.037017	0.055267	0.028468	0.000000	0.000000
-1.311500	0.048803	0.035172	0.042006	0.021719	0.000000	0.000000
-1.290000	0.040255	0.031830	0.030149	0.015599	0.000000	0.000000
-1.268500	0.032351	0.030536	0.023679	0.013955	0.000000	0.000000
-1.247000	0.026329	0.028020	0.017944	0.013680	0.000000	0.000000
-1.225500	0.022681	0.023611	0.013172	0.010816	0.000000	0.000000
-1.204000	0.019842	0.018249	0.010374	0.011527	0.000000	0.000000
-1.182500	0.017167	0.014485	0.007619	0.010554	0.000000	0.000000
-1.161000	0.013206	0.010827	0.005557	0.009144	0.000000	0.000000
-1.139500	0.010651	0.008615	0.003903	0.007063	0.000000	0.000000
-1.118000	0.007989	0.007627	0.002561	0.005424	0.000000	0.000000
-1.096500	0.005827	0.006263	0.001569	0.003505	0.000000	0.000000
-1.075000	0.003824	0.004791	0.000903	0.002577	0.000000	0.000000
-1.053500	0.002603	0.003970	0.000506	0.001612	0.000000	0.000000
-1.032000	0.001565	0.002896	0.000283	0.001011	0.000000	0.000000
-1.010500	0.000874	0.001864	0.000157	0.000469	0.000000	0.000000
-0.989000	0.000426	0.001012	0.000107	0.000340	0.000000	0.000000
-0.967500	0.000156	0.000443	0.000049	0.000000	0.000000	0.000000
-0.946000	0.000066	0.000000	0.000033	0.000000	0.000000	0.000000
-0.924500	0.000023	0.000000	0.000020	0.000000	0.000000	0.000000
-0.903000	0.000006	0.000000	0.000008	0.000000	0.000000	0.000000
-0.881500	0.000000	0.000000	0.000003	0.000000	0.000000	0.000000
-0.860000	0.000000	0.000000	0.000005	0.000000	0.000000	0.000000
-0.838500	0.000000	0.000000	0.000002	0.000000	0.000000	0.000000
-0.817000	0.000000	0.000000	-0.000001	0.000000	0.000000	0.000000
-0.795500	0.000000	0.000000	0.000002	0.000000	0.000000	0.000000
-0.774000	0.000000	0.000000	0.000006	0.000000	0.000000	0.000000
-0.752500	0.000000	0.000000	-0.000006	0.000000	0.000000	0.000000
-0.731000	0.000000	0.000000	0.000010	0.000000	0.000000	0.000000
-0.709500	0.000000	0.000000	-0.000013	0.000000	0.000000	0.000000
-0.688000	0.000000	0.000000	0.000003	0.000000	0.000000	0.000000
-0.666500	0.000000	0.000000	-0.000007	0.000000	0.000000	0.000000
-0.645000	0.000000	0.000000	0.000005	0.000000	0.000000	0.000000
-0.623500	0.000000	0.000000	0.000005	0.000000	0.000000	0.000000
-0.602000	0.000000	0.000000	0.000007	0.000000	0.000000	0.000000
-0.580500	0.000000	0.000000	0.000011	0.000000	0.000000	0.000000
-0.559000	0.000000	0.000000	0.000003	0.000000	0.000000	0.000000
-0.537500	0.000000	0.000000	0.000001	0.000000	0.000000	0.000000
-0.516000	0.000000	0.000000	-0.000023	0.000000	0.000000	0.000000
-0.494500	0.000000	0.000000	-0.000009	0.000000	0.000000	0.000000
-0.473000	0.000000	0.000000	-0.000019	0.000000	0.000000	0.000000
-0.451500	0.000000	0.000000	0.000008	0.000000	0.000000	0.000000
-0.430000	0.000000	0.000000	0.000001	0.000000	0.000000	0.000000
-0.408500	0.000000	0.000000	0.000025	0.000000	0.000000	0.000000
-0.387000	0.000000	0.000000	0.000000	0.000000	0.000000	0.000000
-0.365500	0.000000	0.000000	-0.000003	0.000000	0.000000	0.000000
-0.344000	0.000000	0.000000	-0.000005	0.000000	0.000000	0.000000
-0.322500	0.000000	0.000000	0.000002	0.000000	0.000000	0.000000
-0.301000	0.000000	0.000000	-0.000003	0.000000	0.000000	0.000000
-0.279500	0.000000	0.000000	0.000006	0.000000	0.000000	0.000000
-0.258000	0.000000	0.000000	0.000009	0.000000	0.000000	0.000000
-0.236500	0.000000	0.000000	-0.000008	0.000000	0.000000	0.000000
-0.215000	0.000000	0.000000	0.000001	0.000000	0.000000	0.000000
-0.193500	0.000000	0.000000	-0.000006	0.000000	0.000000	0.000000
-0.172000	0.000000	0.000000	0.000009	0.000000	0.000000	0.000000
-0.150500	0.000000	0.000000	0.000007	0.000000	0.000000	0.000000
-0.129000	0.000000	0.000000	-0.000014	0.000000	0.000000	0.000000
-0.107500	0.000000	0.000000	0.000008	0.000000	0.000000	0.000000
-0.086000	0.000000	0.000000	-0.000021	0.000000	0.000000	0.000000
-0.064500	0.000000	0.000000	0.000009	0.000000	0.000000	0.000000
-0.043000	0.000000	0.000000	0.000005	0.000000	0.000000	0.000000
-0.021500	0.000000	0.000000	-0.000007	0.000000	0.000000	0.000000
0.000000	0.000000	0.000000	0.000003	0.000000	0.000000	0.000000
0.021500	0.000000	0.000000	0.000003	0.000000	0.000000	0.000000
0.043000	0.000000	0.000000	0.000005	0.000000	0.000000	0.000000
0.064500	0.000000	0.000000	0.000005	0.000000	0.000000	0.000000
0.086000	0.000000	0.000000	0.000004	0.000000	0.000000	0.000000
0.107500	0.000000	0.000000	-0.000014	0.000000	0.000000	0.000000
0.129000	0.000000	0.000000	-0.000014	0.000000	0.000000	0.000000
0.150500	0.000000	0.000000	0.000013	0.000000	0.000000	0.000000
0.172000	0.000000	0.000000	-0.000000	0.000000	0.000000	0.000000
0.193500	0.000000	0.000000	-0.000004	0.000000	0.000000	0.000000
0.215000	0.000000	0.000000	0.000001	0.000000	0.000000	0.000000
0.236500	0.000000	0.000000	0.000003	0.000000	0.000000	0.000000
0.258000	0.000000	0.000000	0.000005	0.000000	0.000000	0.000000
0.279500	0.000000	0.000000	-0.000011	0.000000	0.000000	0.000000
0.301000	0.000000	0.000000	-0.000007	0.000000	0.000000	0.000000
0.322500	0.000000	0.000000	0.000005	0.000000	0.000000	0.000000
0.344000	0.000000	0.000000	0.000007	0.000000	0.000000	0.000000
0.365500	0.000000	0.000000	0.000005	0.000000	0.000000	0.000000
0.387000	0.000000	0.000000	-0.000005	0.000000	0.000000	0.000000
0.408500	0.000000	0.000000	-0.000004	0.000000	0.000000	0.000000
0.430000	0.000000	0.000000	0.000004	0.000000	0.000000	0.000000
0.451500	0.000000	0.000000	0.000002	0.000000	0.000000	0.000000
0.473000	0.000000	0.000000	0.000000	0.000000	0.000000	0.000000
0.494500	0.000000	0.000000	0.000000	0.000000	0.000000	0.000000
0.516000	0.000000	0.000000	0.000000	0.000000	0.000000	0.000000
0.537500	0.000000	0.000000	0.000000	0.000000	0.000000	0.000000
0.559000	0.000000	0.000000	0.000000	0.000000	0.000000	0.000000
0.580500	0.000000	0.000000	0.000000	0.000000	0.000000	0.000000
0.602000	0.000000	0.000000	0.000000	0.000000	0.000000	0.000000
0.623500	0.000000	0.000000	0.000000	0.000000	0.000000	0.000000
0.645000	0.000000	0.000000	0.000000	0.000000	0.000000	0.000000
0.666500	0.000000	0.000000	0.000000	0.000000	0.000000	0.000000
0.688000	0.000000	0.000000	0.000000	0.000000	0.000000	0.000000
0.709500	0.000000	0.000000	0.000000	0.000000	0.000000	0.000000
0.731000	0.000000	0.000000	0.000000	0.000000	0.000000	0.000000
0.752500	0.000000	0.000000	0.000000	0.000000	0.000000	0.000000
0.774000	0.000000	0.000000	0.000002	0.000000	0.000000	0.000000
0.795500	0.000000	0.000000	0.000005	0.000000	0.000000	0.000000
0.817000	0.000000	0.000000	0.000015	0.000000	0.000000	0.000000
0.838500	0.000002	0.000000	0.000043	0.000000	0.000000	0.000000
0.860000	0.000011	0.000000	0.000115	0.000581	0.000000	0.000000
0.881500	0.000012	0.000000	0.000231	0.001112	0.000000	0.000000
0.903000	0.000035	0.000000	0.000416	0.001944	0.000000	0.000000
0.924500	0.000088	0.000405	0.000487	0.002250	0.000000	0.000000
0.946000	0.000143	0.000599	0.000647	0.002726	0.000000	0.000000
0.967500	0.000288	0.001072	0.000494	0.001634	0.000000	0.000000
0.989000	0.000499	0.001571	0.000558	0.001530	0.000000	0.000000
1.010500	0.000830	0.001825	0.000405	0.001019	0.000000	0.000000
1.032000	0.001500	0.002646	0.000444	0.002105	0.000000	0.000000
1.053500	0.002249	0.003322	0.001053	0.001936	0.000000	0.000000
1.075000	0.003511	0.004854	0.001466	0.003241	0.000000	0.000000
1.096500	0.004893	0.005774	0.002136	0.004163	0.000000	0.000000
1.118000	0.006357	0.006263	0.003256	0.006397	0.000000	0.000000
1.139500	0.007843	0.007432	0.004793	0.007449	0.000000	0.000000
1.161000	0.009054	0.008991	0.007605	0.009451	0.000000	0.000000
1.182500	0.011856	0.011527	0.010890	0.012207	0.000000	0.000000
1.204000	0.015093	0.017308	0.014563	0.014488	0.000000	0.000000
1.225500	0.018732	0.025829	0.020219	0.017901	0.000000	0.000000
1.247000	0.020979	0.037155	0.025766	0.022345	0.000000	0.000000
1.268500	0.020598	0.052728	0.033527	0.026302	0.000000	0.000000
1.290000	0.018048	0.069186	0.042225	0.031866	0.000000	0.000000
1.311500	0.018430	0.081608	0.053877	0.037687	0.000000	0.000000
1.333000	0.016307	0.085198	0.068438	0.046066	0.000000	0.000000
1.354500	0.009429	0.079581	0.090190	0.056585	0.000000	0.000000
1.376000	0.000646	0.077596	0.120609	0.070427	0.000000	0.000000
1.397500	-0.021739	0.098427	0.159787	0.087851	0.000000	0.000000
1.419000	-0.050686	0.141282	0.206944	0.109502	0.000000	0.000000
1.440500	-0.092584	0.195461	0.261588	0.137070	0.000000	0.000000
1.462000	-0.158150	0.257617	0.314049	0.168443	0.000000	0.000000
1.483500	-0.227279	0.324304	0.374509	0.208937	0.000000	0.000000
1.505000	-0.322644	0.360584	0.436549	0.237192	0.000000	0.000000
1.526500	-0.444720	0.375555	0.520243	0.264269	0.000000	0.000000
1.548000	-0.604199	0.378762	0.611384	0.281055	0.000000	0.000000
1.569500	-0.780578	0.368486	0.717478	0.270123	0.000000	0.000000
1.591000	-0.979480	0.347992	0.831269	0.258717	0.000000	0.000000
1.612500	-1.171738	0.334959	0.979618	0.243999	0.000000	0.000000
1.634000	-1.390436	0.310615	1.133240	0.254528	0.000000	0.000000
1.655500	-1.586124	0.319152	1.272384	0.270098	0.000000	0.000000
1.677000	-1.770558	0.342141	1.391200	0.272439	0.000000	0.000000
1.698500	-1.922862	0.354923	1.522902	0.285457	0.000000	0.000000
1.720000	-2.036486	0.340576	1.633861	0.304486	0.000000	0.000000
1.741500	-2.094144	0.319334	1.736433	0.310505	0.000000	0.000000
1.763000	-2.097835	0.285734	1.765827	0.256961	0.000000	0.000000
1.784500	-2.061582	0.306249	1.735516	0.228988	0.000000	0.000000
1.806000	-1.984567	0.343970	1.663677	0.238037	0.000000	0.000000
1.827500	-1.859902	0.407016	1.544796	0.278482	0.000000	0.000000
1.849000	-1.731574	0.422904	1.395251	0.306900	0.000000	0.000000
1.870500	-1.621083	0.407614	1.234582	0.328456	0.000000	0.000000
1.892000	-1.492697	0.361320	1.118758	0.299068	0.000000	0.000000
1.913500	-1.398291	0.323401	0.994754	0.235444	0.000000	0.000000
1.935000	-1.256631	0.336430	0.899480	0.203307	0.000000	0.000000
1.956500	-1.134419	0.369063	0.821987	0.221469	0.000000	0.000000
1.978000	-1.029054	0.395977	0.749887	0.250954	0.000000	0.000000
1.999500	-0.904173	0.344470	0.723310	0.273636	0.000000	0.000000
2.021000	-0.773094	0.282579	0.694549	0.242824	0.000000	0.000000
2.042500	-0.639764	0.256085	0.672936	0.210306	0.000000	0.000000
2.064000	-0.529557	0.321317	0.662233	0.179788	0.000000	0.000000
2.085500	-0.366766	0.377745	0.616874	0.186529	0.000000	0.000000
2.107000	-0.266264	0.432342	0.584556	0.194644	0.000000	0.000000
2.128500	-0.163293	0.442611	0.549103	0.243988	0.000000	0.000000
2.150000	-0.071966	0.441652	0.508723	0.272653	0.000000	0.000000
2.171500	0.018947	0.455256	0.475602	0.254083	0.000000	0.000000
2.193000	0.106614	0.454046	0.456883	0.252428	0.000000	0.000000
2.214500	0.228164	0.452182	0.434145	0.251997	0.000000	0.000000
2.236000	0.324784	0.413743	0.389919	0.276561	0.000000	0.000000
2.257500	0.486059	0.359912	0.310727	0.304902	0.000000	0.000000
2.279000	0.652770	0.331868	0.194640	0.320672	0.000000	0.000000
2.300500	0.830307	0.370905	0.050011	0.346981	0.000000	0.000000
2.322000	0.979200	0.428695	-0.132685	0.366125	0.000000	0.000000
2.343500	1.139327	0.428453	-0.334375	0.329646	0.000000	0.000000
2.365000	1.304981	0.429684	-0.555244	0.301417	0.000000	0.000000
2.386500	1.466556	0.357345	-0.813989	0.280286	0.000000	0.000000
2.408000	1.588100	0.282002	-1.019283	0.253973	0.000000	0.000000
2.429500	1.695582	0.238062	-1.213194	0.233971	0.000000	0.000000
2.451000	1.773071	0.244802	-1.399403	0.204705	0.000000	0.000000
2.472500	1.829468	0.258649	-1.554850	0.203760	0.000000	0.000000
2.494000	1.868288	0.265724	-1.683051	0.206527	0.000000	0.000000
2.515500	1.898378	0.251468	-1.779314	0.200421	0.000000	0.000000
2.537000	1.886767	0.252600	-1.841999	0.204144	0.000000	0.000000
2.558500	1.846263	0.239640	-1.890756	0.221217	0.000000	0.000000
2.580000	1.772805	0.235450	-1.881835	0.230233	0.000000	0.000000
2.601500	1.669845	0.230882	-1.876733	0.236029	0.000000	0.000000
2.623000	1.538965	0.223557	-1.824492	0.220886	0.000000	0.000000
2.644500	1.391021	0.204381	-1.744520	0.229120	0.000000	0.000000
2.666000	1.245648	0.196223	-1.661572	0.213901	0.000000	0.000000
2.687500	1.094723	0.177261	-1.561586	0.208456	0.000000	0.000000
2.709000	0.961624	0.162403	-1.395269	0.196291	0.000000	0.000000
2.730500	0.837069	0.144079	-1.292829	0.191812	0.000000	0.000000
2.752000	0.728571	0.130648	-1.165720	0.177618	0.000000	0.000000
2.773500	0.631973	0.113152	-1.054780	0.151706	0.000000	0.000000
2.795000	0.546141	0.098822	-0.913553	0.166699	0.000000	0.000000
2.816500	0.469961	0.084057	-0.810774	0.142196	0.000000	0.000000
2.838000	0.401256	0.069974	-0.714412	0.141147	0.000000	0.000000
2.859500	0.338073	0.065258	-0.614151	0.130370	0.000000	0.000000
2.881000	0.281511	0.061808	-0.536505	0.117298	0.000000	0.000000
2.902500	0.232451	0.056137	-0.418844	0.108168	0.000000	0.000000
2.924000	0.188245	0.054059	-0.390308	0.076531	0.000000	0.000000
2.945500	0.150583	0.048042	-0.319001	0.096501	0.000000	0.000000
2.967000	0.118049	0.043753	-0.276463	0.119320	0.000000	0.000000
2.988500	0.091369	0.036826	-0.224850	0.094181	0.000000	0.000000
3.010000	0.069353	0.031605	-0.179364	0.068251	0.000000	0.000000
3.031500	0.051017	0.026159	-0.181783	0.068251	0.000000	0.000000
3.053000	0.036776	0.020721	-0.143463	0.070457	0.000000	0.000000
3.074500	0.026043	0.016844	-0.118560	0.089576	0.000000	0.000000
3.096000	0.017927	0.012759	-0.091438	0.068422	0.000000	0.000000
3.117500	0.012458	0.010006	-0.084030	0.069593	0.000000	0.000000
3.139000	0.008693	0.007832	-0.038937	0.059682	0.000000	0.000000
3.160500	0.005431	0.005827	-0.043289	0.052172	0.000000	0.000000
3.182000	0.003431	0.004292	-0.018348	0.072585	0.000000	0.000000
3.203500	0.002176	0.003442	-0.008025	0.065411	0.000000	0.000000
3.225000	0.001250	0.002419	0.001214	0.086530	0.000000	0.000000
3.246500	0.000749	0.001684	-0.009905	0.071148	0.000000	0.000000
3.268000	0.000362	0.000887	-0.022019	0.044629	0.000000	0.000000
3.289500	0.000169	0.000469	-0.007116	0.065233	0.000000	0.000000
3.311000	0.000063	0.000000	-0.008210	0.056115	0.000000	0.000000
3.332500	0.000027	0.000000	0.004359	0.059614	0.000000	0.000000
3.354000	0.000011	0.000000	0.011465	0.060314	0.000000	0.000000
3.375500	0.000003	0.000000	0.016584	0.058195	0.000000	0.000000
3.397000	0.000000	0.000000	-0.010634	0.048964	0.000000	0.000000
3.418500	0.000000	0.000000	0.000635	0.059286	0.000000	0.000000
3.440000	0.000000	0.000000	0.019589	0.062566	0.000000	0.000000
3.461500	0.000000	0.000000	-0.014670	0.054144	0.000000	0.000000
3.483000	0.000000	0.000000	0.001010	0.071073	0.000000	0.000000
3.504500	0.000000	0.000000	0.004846	0.053733	0.000000	0.000000
3.526000	0.000000	0.000000	0.001375	0.078271	0.000000	0.000000
3.547500	0.000000	0.000000	-0.011733	0.049788	0.000000	0.000000
3.569000	0.000000	0.000000	-0.007388	0.064519	0.000000	0.000000
3.590500	0.000000	0.000000	-0.004846	0.064070	0.000000	0.000000
3.612000	0.000000	0.000000	0.007327	0.058731	0.000000	0.000000
3.633500	0.000000	0.000000	-0.001255	0.062976	0.000000	0.000000
3.655000	0.000000	0.000000	0.015638	0.056122	0.000000	0.000000
3.676500	0.000000	0.000000	0.010261	0.075934	0.000000	0.000000
3.698000	0.000000	0.000000	0.001840	0.050512	0.000000	0.000000
3.719500	0.000000	0.000000	-0.008166	0.069887	0.000000	0.000000
3.741000	0.000000	0.000000	-0.010506	0.073337	0.000000	0.000000
3.762500	0.000000	0.000000	-0.011350	0.062051	0.000000	0.000000
3.784000	0.000000	0.000000	-0.006775	0.070867	0.000000	0.000000
3.805500	0.000000	0.000000	-0.001238	0.052337	0.000000	0.000000
3.827000	0.000000	0.000000	-0.000795	0.063714	0.000000	0.000000
3.848500	0.000000	0.000000	0.009034	0.063819	0.000000	0.000000
3.870000	0.000000	0.000000	0.013924	0.064235	0.000000	0.000000
3.891500	0.000000	0.000000	0.006146	0.051438	0.000000	0.000000
3.913000	0.000000	0.000000	-0.002308	0.053367	0.000000	0.000000
3.934500	0.000000	0.000000	-0.009829	0.069880	0.000000	0.000000
3.956000	0.000000	0.000000	0.001989	0.047782	0.000000	0.000000
3.977500	0.000000	0.000000	-0.005809	0.062932	0.000000	0.000000
3.999000	0.000000	0.000000	-0.003717	0.055524	0.000000	0.000000
4.020500	0.000000	0.000000	-0.007378	0.058897	0.000000	0.000000
4.042000	0.000000	0.000000	0.005969	0.072802	0.000000	0.000000
4.063500	0.000000	0.000000	0.000992	0.067999	0.000000	0.000000
4.085000	0.000000	0.000000	-0.004114	0.050006	0.000000	0.000000
4.106500	0.000000	0.000000	0.001626	0.056563	0.000000	0.000000
4.128000	0.000000	0.000000	0.010764	0.043470	0.000000	0.000000
4.149500	0.000000	0.000000	0.002924	0.063774	0.000000	0.000000
4.171000	0.000000	0.000000	0.002306	0.064710	0.000000	0.000000
4.192500	0.000000	0.000000	-0.006201	0.068407	0.000000	0.000000
4.214000	0.000000	0.000000	-0.002137	0.059832	0.000000	0.000000
4.235500	0.000000	0.000000	-0.008581	0.063677	0.000000	0.000000
4.257000	0.000000	0.000000	0.002093	0.056689	0.000000	0.000000
4.278500	0.000000	0.000000	0.010368	0.058990	0.000000	0.000000
4.300000	0.000000	0.000000	-0.021625	0.059587	0.000000	0.000000
4.321500	0.000000	0.000000	-0.000104	0.055199	0.000000	0.000000
4.343000	0.000000	0.000000	-0.000182	0.054996	0.000000	0.000000
4.364500	0.000000	0.000000	0.013321	0.053627	0.000000	0.000000
4.386000	0.000000	0.000000	0.012941	0.045418	0.000000	0.000000
4.407500	0.000000	0.000000	0.006348	0.053366	0.000000	0.000000
4.429000	0.000000	0.000000	-0.016958	0.076140	0.000000	0.000000
4.450500	0.000000	0.000000	0.000446	0.075060	0.000000	0.000000
4.472000	0.000000	0.000000	-0.015434	0.058908	0.000000	0.000000
4.493500	0.000000	0.000000	0.015734	0.066428	0.000000	0.000000
4.515000	0.000000	0.000000	-0.004463	0.067563	0.000000	0.000000
4.536500	0.000000	0.000000	-0.016964	0.066216	0.000000	0.000000
4.558000	0.000000	0.000000	0.007989	0.071662	0.000000	0.000000
4.579500	0.000000	0.000000	-0.007710	0.062801	0.000000	0.000000
4.601000	0.000000	0.000000	0.012991	0.053249	0.000000	0.000000
4.622500	0.000000	0.000000	0.004913	0.092817	0.000000	0.000000
4.644000	0.000000	0.000000	-0.008097	0.060541	0.000000	0.000000
4.665500	0.000000	0.000000	-0.003262	0.059483	0.000000	0.000000
4.687000	0.000000	0.000000	0.016427	0.053733	0.000000	0.000000
4.708500	0.000000	0.000000	-0.013627	0.071683	0.000000	0.000000
4.730000	0.000000	0.000000	0.003613	0.073232	0.000000	0.000000
4.751500	0.000000	0.000000	-0.007483	0.066098	0.000000	0.000000
4.773000	0.000000	0.000000	0.008407	0.079526	0.000000	0.000000
4.794500	0.000000	0.000000	-0.006735	0.072516	0.000000	0.000000
4.816000	0.000000	0.000000	0.000121	0.075754	0.000000	0.000000
4.837500	0.000000	0.000000	0.003411	0.076033	0.000000	0.000000
4.859000	0.000000	0.000000	0.014769	0.063934	0.000000	0.000000
4.880500	0.000000	0.000000	-0.025267	0.057125	0.000000	0.000000
4.902000	0.000000	0.000000	-0.002071	0.073172	0.000000	0.000000
4.923500	0.000000	0.000000	0.002104	0.053931	0.000000	0.000000
4.945000	0.000000	0.000000	-0.005881	0.047165	0.000000	0.000000
4.966500	0.000000	0.000000	-0.002361	0.049419	0.000000	0.000000
4.988000	0.000000	0.000000	-0.000757	0.064677	0.000000	0.000000
5.009500	0.000000	0.000000	0.005333	0.066056	0.000000	0.000000
5.031000	0.000000	0.000000	-0.004044	0.072311	0.000000	0.000000
5.052500	0.000000	0.000000	0.019331	0.049355	0.000000	0.000000
5.074000	0.000000	0.000000	0.001116	0.061260	0.000000	0.000000
5.095500	0.000000	0.000000	0.007422	0.072819	0.000000	0.000000
5.117000	0.000000	0.000000	-0.000492	0.060096	0.000000	0.000000
5.138500	0.000000	0.000000	-0.007343	0.052550	0.000000	0.000000
5.160000	0.000000	0.000000	-0.014203	0.052527	0.000000	0.000000
5.181500	0.000000	0.000000	-0.017996	0.078510	0.000000	0.000000
5.203000	0.000000	0.000000	0.015040	0.054365	0.000000	0.000000
5.224500	0.000000	0.000000	-0.013753	0.053638	0.000000	0.000000
5.246000	0.000000	0.000000	0.016042	0.076071	0.000000	0.000000
5.267500	0.000000	0.000000	0.001173	0.058229	0.000000	0.000000
5.289000	0.000000	0.000000	0.000637	0.075584	0.000000	0.000000
5.310500	0.000000	0.000000	0.011622	0.070591	0.000000	0.000000
5.332000	0.000000	0.000000	-0.002177	0.062609	0.000000	0.000000
5.353500	0.000000	0.000000	-0.006530	0.071007	0.000000	0.000000
5.375000	0.000000	0.000000	-0.009715	0.079794	0.000000	0.000000
5.396500	0.000000	0.000000	0.013489	0.059266	0.000000	0.000000
5.418000	0.000000	0.000000	0.003627	0.066397	0.000000	0.000000
5.439500	0.000000	0.000000	-0.008501	0.073734	0.000000	0.000000
5.461000	0.000000	0.000000	-0.008758	0.062966	0.000000	0.000000
5.482500	0.000000	0.000000	-0.000658	0.073551	0.000000	0.000000
5.504000	0.000000	0.000000	-0.008430	0.078937	0.000000	0.000000
5.525500	0.000000	0.000000	-0.006429	0.059709	0.000000	0.000000
5.547000	0.000000	0.000000	0.012976	0.065971	0.000000	0.000000
5.568500	0.000000	0.000000	0.014716	0.063891	0.000000	0.000000
5.590000	0.000000	0.000000	0.016783	0.065952	0.000000	0.000000
5.611500	0.000000	0.000000	-0.004256	0.079839	0.000000	0.000000
5.633000	0.000000	0.000000	-0.012684	0.071329	0.000000	0.000000
5.654500	0.000000	0.000000	0.004537	0.056126	0.000000	0.000000
5.676000	0.000000	0.000000	-0.012902	0.060516	0.000000	0.000000
5.697500	0.000000	0.000000	-0.005955	0.065483	0.000000	0.000000
5.719000	0.000000	0.000000	-0.009048	0.057968	0.000000	0.000000
5.740500	0.000000	0.000000	0.006428	0.056500	0.000000	0.000000
5.762000	0.000000	0.000000	-0.005400	0.064579	0.000000	0.000000
5.783500	0.000000	0.000000	-0.003363	0.067699	0.000000	0.000000
5.805000	0.000000	0.000000	0.014188	0.051862	0.000000	0.000000
5.826500	0.000000	0.000000	0.000509	0.056528	0.000000	0.000000
5.848000	0.000000	0.000000	0.014963	0.055836	0.000000	0.000000
5.869500	0.000000	0.000000	0.016896	0.059032	0.000000	0.000000
5.891000	0.000000	0.000000	-0.009775	0.077289	0.000000	0.000000
5.912500	0.000000	0.000000	-0.018257	0.080196	0.000000	0.000000
5.934000	0.000000	0.000000	-0.003913	0.057384	0.000000	0.000000
5.955500	0.000000	0.000000	-0.018028	0.054444	0.000000	0.000000
5.977000	0.000000	0.000000	-0.004178	0.075731	0.000000	0.000000
5.998500	0.000000	0.000000	-0.013205	0.056638	0.000000	0.000000
6.020000	0.000000	0.000000	0.017931	0.061567	0.000000	0.000000
6.041500	0.000000	0.000000	0.018217	0.073156	0.000000	0.000000
6.063000	0.000000	0.000000	0.012448	0.055838	0.000000	0.000000
6.084500	0.000000	0.000000	-0.000162	0.057110	0.000000	0.000000
6.106000	0.000000	0.000000	0.004660	0.059912	0.000000	0.000000
6.127500	0.000000	0.000000	0.002158	0.073794	0.000000	0.000000
6.149000	0.000000	0.000000	0.003890	0.057800	0.000000	0.000000
6.170500	0.000000	0.000000	-0.028118	0.070174	0.000000	0.000000
6.192000	0.000000	0.000000	-0.013506	0.069281	0.000000	0.000000
6.213500	0.000000	0.000000	0.010616	0.058955	0.000000	0.000000
6.235000	0.000000	0.000000	0.006866	0.070001	0.000000	0.000000
6.256500	0.000000	0.000000	0.013878	0.072713	0.000000	0.000000
6.278000	0.000000	0.000000	-0.002164	0.064894	0.000000	0.000000
6.299500	0.000000	0.000000	-0.025127	0.066158	0.000000	0.000000
6.321000	0.000000	0.000000	0.021836	0.063674	0.000000	0.000000
6.342500	0.000000	0.000000	-0.020330	0.062440	0.000000	0.000000
6.364000	0.000000	0.000000	-0.003935	0.077113	0.000000	0.000000
6.385500	0.000000	0.000000	0.015740	0.064742	0.000000	0.000000
6.407000	0.000000	0.000000	0.005676	0.057751	0.000000	0.000000
6.428500	0.000000	0.000000	0.001429	0.060225	0.000000	0.000000
6.450000	0.000000	0.000000	0.004052	0.071265	0.000000	0.000000
6.471500	0.000000	0.000000	-0.003193	0.052926	0.000000	0.000000
6.493000	0.000000	0.000000	-0.003835	0.062928	0.000000	0.000000
6.514500	0.000000	0.000000	-0.012797	0.075780	0.000000	0.000000
6.536000	0.000000	0.000000	0.009081	0.064076	0.000000	0.000000
6.557500	0.000000	0.000000	-0.003050	0.050879	0.000000	0.000000
6.579000	0.000000	0.000000	0.010613	0.067426	0.000000	0.000000
6.600500	0.000000	0.000000	0.003796	0.066258	0.000000	0.000000
6.622000	0.000000	0.000000	-0.013012	0.063105	0.000000	0.000000
6.643500	0.000000	0.000000	0.001111	0.072228	0.000000	0.000000
6.665000	0.000000	0.000000	0.017503	0.072567	0.000000	0.000000
6.686500	0.000000	0.000000	-0.016723	0.062069	0.000000	0.000000
6.708000	0.000000	0.000000	-0.016845	0.062950	0.000000	0.000000
6.729500	0.000000	0.000000	0.004701	0.062789	0.000000	0.000000
6.751000	0.000000	0.000000	0.011491	0.039856	0.000000	0.000000
6.772500	0.000000	0.000000	0.012710	0.059636	0.000000	0.000000
6.794000	0.000000	0.000000	0.005849	0.067226	0.000000	0.000000
6.815500	0.000000	0.000000	-0.015559	0.055295	0.000000	0.000000
6.837000	0.000000	0.000000	-0.000334	0.065450	0.000000	0.000000
6.858500	0.000000	0.000000	0.001437	0.062811	0.000000	0.000000
6.880000	0.000000	0.000000	-0.005737	0.066295	0.000000	0.000000
6.901500	0.000000	0.000000	0.003307	0.061073	0.000000	0.000000
6.923000	0.000000	0.000000	0.005864	0.067259	0.000000	0.000000
6.944500	0.000000	0.000000	-0.019034	0.053545	0.000000	0.000000
6.966000	0.000000	0.000000	0.010121	0.072157	0.000000	0.000000
6.987500	0.000000	0.000000	0.014034	0.074177	0.000000	0.000000
7.009000	0.000000	0.000000	-0.013117	0.053268	0.000000	0.000000
7.030500	0.000000	0.000000	0.016117	0.077356	0.000000	0.000000
7.052000	0.000000	0.000000	-0.019568	0.071650	0.000000	0.000000
7.073500	0.000000	0.000000	0.001274	0.063060	0.000000	0.000000
7.095000	0.000000	0.000000	0.005895	0.069606	0.000000	0.000000
7.116500	0.000000	0.000000	0.004877	0.065769	0.000000	0.000000
7.138000	0.000000	0.000000	-0.005642	0.065721	0.000000	0.000000
7.159500	0.000000	0.000000	0.015147	0.071675	0.000000	0.000000
7.181000	0.000000	0.000000	-0.009035	0.071352	0.000000	0.000000
7.202500	0.000000	0.000000	-0.027843	0.079047	0.000000	0.000000
7.224000	0.000000	0.000000	0.003051	0.068647	0.000000	0.000000
7.245500	0.000000	0.000000	0.020205	0.058534	0.000000	0.000000
7.267000	0.000000	0.000000	-0.012044	0.060732	0.000000	0.000000
7.288500	0.000000	0.000000	-0.009461	0.057280	0.000000	0.000000
7.310000	0.000000	0.000000	0.013937	0.050396	0.000000	0.000000
7.331500	0.000000	0.000000	0.013521	0.047445	0.000000	0.000000
7.353000	0.000000	0.000000	0.006644	0.061141	0.000000	0.000000
7.374500	0.000000	0.000000	0.005590	0.081487	0.000000	0.000000
7.396000	0.000000	0.000000	-0.009050	0.071289	0.000000	0.000000
7.417500	0.000000	0.000000	-0.013995	0.062766	0.000000	0.000000
7.439000	0.000000	0.000000	0.017791	0.059635	0.000000	0.000000
7.460500	0.000000	0.000000	-0.019625	0.069177	0.000000	0.000000
7.482000	0.000000	0.000000	-0.011057	0.063191	0.000000	0.000000
7.503500	0.000000	0.000000	-0.007579	0.071330	0.000000	0.000000
7.525000	0.000000	0.000000	0.010864	0.061290	0.000000	0.000000
7.546500	0.000000	0.000000	0.012820	0.067392	0.000000	0.000000
7.568000	0.000000	0.000000	-0.001697	0.059708	0.000000	0.000000
7.589500	0.000000	0.000000	-0.015432	0.062406	0.000000	0.000000
7.611000	0.000000	0.000000	0.003457	0.063647	0.000000	0.000000
7.632500	0.000000	0.000000	0.006066	0.064532	0.000000	0.000000
7.654000	0.000000	0.000000	0.018705	0.065417	0.000000	0.000000
7.675500	0.000000	0.000000	-0.002015	0.059445	0.000000	0.000000
7.697000	0.000000	0.000000	-0.001789	0.065032	0.000000	0.000000
7.718500	0.000000	0.000000	-0.026292	0.066799	0.000000	0.000000
7.740000	0.000000	0.000000	-0.016205	0.064411	0.000000	0.000000
7.761500	0.000000	0.000000	0.005811	0.061374	0.000000	0.000000
7.783000	0.000000	0.000000	-0.005843	0.065245	0.000000	0.000000
7.804500	0.000000	0.000000	0.012915	0.060190	0.000000	0.000000
7.826000	0.000000	0.000000	0.011538	0.065090	0.000000	0.000000
7.847500	0.000000	0.000000	0.030747	0.064453	0.000000	0.000000
7.869000	0.000000	0.000000	-0.025670	0.056075	0.000000	0.000000
7.890500	0.000000	0.000000	-0.002917	0.074799	0.000000	0.000000
7.912000	0.000000	0.000000	-0.002653	0.057284	0.000000	0.000000
7.933500	0.000000	0.000000	-0.001203	0.062061	0.000000	0.000000
7.955000	0.000000	0.000000	-0.006637	0.073191	0.000000	0.000000
7.976500	0.000000	0.000000	0.007193	0.067017	0.000000	0.000000
7.998000	0.000000	0.000000	-0.005456	0.065353	0.000000	0.000000
8.019500	0.000000	0.000000	0.000617	0.054561	0.000000	0.000000
8.041000	0.000000	0.000000	0.011836	0.072244	0.000000	0.000000
8.062500	0.000000	0.000000	0.010103	0.077771	0.000000	0.000000
8.084000	0.000000	0.000000	-0.009628	0.077041	0.000000	0.000000
8.105500	0.000000	0.000000	-0.007999	0.072796	0.000000	0.000000
8.127000	0.000000	0.000000	-0.012058	0.055719	0.000000	0.000000
8.148500	0.000000	0.000000	-0.008129	0.067058	0.000000	0.000000
8.170000	0.000000	0.000000	0.009466	0.062773	0.000000	0.000000
8.191500	0.000000	0.000000	-0.001585	0.071023	0.000000	0.000000
8.213000	0.000000	0.000000	0.005922	0.076526	0.000000	0.000000
8.234500	0.000000	0.000000	0.028382	0.072753	0.000000	0.000000
8.256000	0.000000	0.000000	-0.002647	0.065328	0.000000	0.000000
8.277500	0.000000	0.000000	-0.015584	0.073854	0.000000	0.000000
8.299000	0.000000	0.000000	-0.003518	0.063619	0.000000	0.000000
8.320500	0.000000	0.000000	0.006721	0.058239	0.000000	0.000000
8.342000	0.000000	0.000000	-0.019833	0.061196	0.000000	0.000000
8.363500	0.000000	0.000000	0.014726	0.064233	0.000000	0.000000
8.385000	0.000000	0.000000	-0.002503	0.077287	0.000000	0.000000
8.406500	0.000000	0.000000	0.002629	0.071540	0.000000	0.000000
8.428000	0.000000	0.000000	0.002278	0.065792	0.000000	0.000000
8.449500	0.000000	0.000000	0.000126	0.072847	0.000000	0.000000
8.471000	0.000000	0.000000	-0.005234	0.085425	0.000000	0.000000
8.492500	0.000000	0.000000	0.006994	0.084039	0.000000	0.000000
8.514000	0.000000	0.000000	-0.014254	0.067640	0.000000	0.000000
8.535500	0.000000	0.000000	-0.002118	0.078242	0.000000	0.000000
8.557000	0.000000	0.000000	-0.000633	0.066534	0.000000	0.000000
8.578500	0.000000	0.000000	0.002226	0.077381	0.000000	0.000000
8.600000	0.000000	0.000000	0.002907	0.069215	0.000000	0.000000
8.621500	0.000000	0.000000	0.016825	0.069036	0.000000	0.000000
8.643000	0.000000	0.000000	-0.012992	0.068942	0.000000	0.000000
8.664500	0.000000	0.000000	-0.006388	0.062500	0.000000	0.000000
8.686000	0.000000	0.000000	0.020522	0.077403	0.000000	0.000000
8.707500	0.000000	0.000000	0.004216	0.057652	0.000000	0.000000
8.729000	0.000000	0.000000	-0.018526	0.073816	0.000000	0.000000
8.750500	0.000000	0.000000	-0.008164	0.056648	0.000000	0.000000
8.772000	0.000000	0.000000	0.014199	0.058249	0.000000	0.000000
8.793500	0.000000	0.000000	0.008977	0.070841	0.000000	0.000000
8.815000	0.000000	0.000000	0.002741	0.063612	0.000000	0.000000
8.836500	0.000000	0.000000	-0.014159	0.073677	0.000000	0.000000
8.858000	0.000000	0.000000	-0.029400	0.079165	0.000000	0.000000
8.879500	0.000000	0.000000	0.007794	0.061237	0.000000	0.000000
8.901000	0.000000	0.000000	0.009986	0.071658	0.000000	0.000000
8.922500	0.000000	0.000000	0.003542	0.078393	0.000000	0.000000
8.944000	0.000000	0.000000	0.004629	0.074203	0.000000	0.000000
8.965500	0.000000	0.000000	-0.007772	0.071962	0.000000	0.000000
8.987000	0.000000	0.000000	-0.007319	0.048497	0.000000	0.000000
9.008500	0.000000	0.000000	0.012819	0.069893	0.000000	0.000000
9.030000	0.000000	0.000000	0.015055	0.070563	0.000000	0.000000
9.051500	0.000000	0.000000	0.000616	0.067553	0.000000	0.000000
9.073000	0.000000	0.000000	0.007731	0.057280	0.000000	0.000000
9.094500	0.000000	0.000000	-0.007419	0.063631	0.000000	0.000000
9.116000	0.000000	0.000000	-0.012677	0.064563	0.000000	0.000000
9.137500	0.000000	0.000000	-0.001710	0.066432	0.000000	0.000000
9.159000	0.000000	0.000000	0.002646	0.066174	0.000000	0.000000
9.180500	0.000000	0.000000	0.009858	0.057211	0.000000	0.000000
9.202000	0.000000	0.000000	-0.013365	0.067757	0.000000	0.000000
9.223500	0.000000	0.000000	0.000005	0.072453	0.000000	0.000000
9.245000	0.000000	0.000000	0.005472	0.073132	0.000000	0.000000
9.266500	0.000000	0.000000	-0.003801	0.061500	0.000000	0.000000
9.288000	0.000000	0.000000	-0.000706	0.061237	0.000000	0.000000
9.309500	0.000000	0.000000	0.011017	0.065950	0.000000	0.000000
9.331000	0.000000	0.000000	0.001279	0.065910	0.000000	0.000000
9.352500	0.000000	0.000000	-0.003780	0.076541	0.000000	0.000000
9.374000	0.000000	0.000000	-0.001279	0.065134	0.000000	0.000000
9.395500	0.000000	0.000000	-0.015559	0.064416	0.000000	0.000000
9.417000	0.000000	0.000000	0.013031	0.067514	0.000000	0.000000
9.438500	0.000000	0.000000	0.005945	0.070768	0.000000	0.000000
9.460000	0.000000	0.000000	0.006311	0.056393	0.000000	0.000000
9.481500	0.000000	0.000000	-0.013972	0.068613	0.000000	0.000000
9.503000	0.000000	0.000000	-0.012607	0.063009	0.000000	0.000000
9.524500	0.000000	0.000000	0.020670	0.075029	0.000000	0.000000
9.546000	0.000000	0.000000	-0.006031	0.045996	0.000000	0.000000
9.567500	0.000000	0.000000	0.002828	0.057532	0.000000	0.000000
9.589000	0.000000	0.000000	-0.013777	0.064638	0.000000	0.000000
9.610500	0.000000	0.000000	-0.003156	0.069430	0.000000	0.000000
9.632000	0.000000	0.000000	0.017640	0.049757	0.000000	0.000000
9.653500	0.000000	0.000000	0.012504	0.068929	0.000000	0.000000
9.675000	0.000000	0.000000	0.010294	0.061995	0.000000	0.000000
9.696500	0.000000	0.000000	-0.013841	0.068049	0.000000	0.000000
9.718000	0.000000	0.000000	-0.015599	0.049203	0.000000	0.000000
9.739500	0.000000	0.000000	-0.021477	0.052578	0.000000	0.000000
9.761000	0.000000	0.000000	0.015195	0.052288	0.000000	0.000000
9.782500	0.000000	0.000000	0.001604	0.061906	0.000000	0.000000
9.804000	0.000000	0.000000	0.008234	0.053786	0.000000	0.000000
9.825500	0.000000	0.000000	0.003825	0.069272	0.000000	0.000000
9.847000	0.000000	0.000000	-0.004227	0.074111	0.000000	0.000000
9.868500	0.000000	0.000000	-0.000177	0.066847	0.000000	0.000000
9.890000	0.000000	0.000000	0.000392	0.063539	0.000000	0.000000
9.911500	0.000000	0.000000	0.013090	0.061087	0.000000	0.000000
9.933000	0.000000	0.000000	0.001116	0.063841	0.000000	0.000000
9.954500	0.000000	0.000000	0.001838	0.056975	0.000000	0.000000
9.976000	0.000000	0.000000	-0.016843	0.053999	0.000000	0.000000
9.997500	0.000000	0.000000	-0.007300	0.065381	0.000000	0.000000
10.019000	0.000000	0.000000	-0.005184	0.069785	0.000000	0.000000
10.040500	0.000000	0.000000	0.021414	0.068683	0.000000	0.000000
10.062000	0.000000	0.000000	0.003344	0.087020	0.000000	0.000000
10.083500	0.000000	0.000000	-0.006117	0.046642	0.000000	0.000000
10.105000	0.000000	0.000000	-0.000894	0.076551	0.000000	0.000000
10.126500	0.000000	0.000000	-0.024670	0.063685	0.000000	0.000000
10.148000	0.000000	0.000000	0.010084	0.060851	0.000000	0.000000
10.169500	0.000000	0.000000	0.011362	0.055236	0.000000	0.000000
10.191000	0.000000	0.000000	0.000439	0.053479	0.000000	0.000000
10.212500	0.000000	0.000000	0.012132	0.046386	0.000000	0.000000
10.234000	0.000000	0.000000	-0.012366	0.075433	0.000000	0.000000
10.255500	0.000000	0.000000	0.000927	0.058889	0.000000	0.000000
10.277000	0.000000	0.000000	0.004792	0.049987	0.000000	0.000000
10.298500	0.000000	0.000000	0.006872	0.053091	0.000000	0.000000
10.320000	0.000000	0.000000	-0.008736	0.051851	0.000000	0.000000
10.341500	0.000000	0.000000	-0.010230	0.044997	0.000000	0.000000
10.363000	0.000000	0.000000	-0.010531	0.047807	0.000000	0.000000
10.384500	0.000000	0.000000	0.006220	0.040495	0.000000	0.000000
10.406000	0.000000	0.000000	0.008432	0.034472	0.000000	0.000000
10.427500	0.000000	0.000000	0.007683	0.027102	0.000000	0.000000
10.449000	0.000000	0.000000	0.000263	0.022884	0.000000	0.000000
10.470500	0.000000	0.000000	-0.001450	0.010393	0.000000	0.000000
10.492000	0.000000	0.000000	0.000000	0.000000	0.000000	0.000000
10.513500	0.000000	0.000000	0.000000	0.000000	0.000000	0.000000
10.535000	0.000000	0.000000	0.000000	0.000000	0.000000	0.000000
10.556500	0.000000	0.000000	0.000000	0.000000	0.000000	0.000000
10.578000	0.000000	0.000000	0.000000	0.000000	0.000000	0.000000
10.599500	0.000000	0.000000	0.000000	0.000000	0.000000	0.000000
10.621000	0.000000	0.000000	0.000000	0.000000	0.000000	0.000000
10.642500	0.000000	0.000000	0.000000	0.000000	0.000000	0.000000
10.664000	0.000000	0.000000	0.000000	0.000000	0.000000	0.000000
10.685500	0.000000	0.000000	0.000000	0.000000	0.000000	0.000000
10.707000	0.000000	0.000000	0.000000	0.000000	0.000000	0.000000
10.728500	0.000000	0.000000	0.000000	0.000000	0.000000	0.000000
10.750000	0.000000	0.000000	0.000000	0.000000	0.000000	0.000000
10.771500	0.000000	0.000000	0.000000	0.000000	0.000000	0.000000
10.793000	0.000000	0.000000	0.000000	0.000000	0.000000	0.000000
10.814500	0.000000	0.000000	0.000000	0.000000	0.000000	0.000000
10.836000	0.000000	0.000000	0.000000	0.000000	0.000000	0.000000
10.857500	0.000000	0.000000	0.000000	0.000000	0.000000	0.000000
10.879000	0.000000	0.000000	0.000000	0.000000	0.000000	0.000000
10.900500	0.000000	0.000000	0.000000	0.000000	0.000000	0.000000
10.922000	0.000000	0.000000	0.000000	0.000000	0.000000	0.000000
10.943500	0.000000	0.000000	0.000000	0.000000	0.000000	0.000000
10.965000	0.000000	0.000000	0.000000	0.000000	0.000000	0.000000
10.986500	0.000000	0.000000	0.000000	0.000000	0.000000	0.000000
