0.000000	27.899219
0.001200	28.296054
0.002400	28.295945
0.003600	28.286309
0.004800	28.272683
0.006000	28.255145
0.007200	28.233699
0.008400	28.208342
0.009600	28.179077
0.010800	28.145903
0.012000	28.108820
0.013200	28.067829
0.014400	28.022930
0.015600	27.974123
0.016800	27.921408
0.018000	27.864787
0.019200	27.804259
0.020400	27.739825
0.021600	27.671485
0.022800	27.599240
0.024000	27.523091
0.025200	27.443038
0.026400	27.359081
0.027600	27.271221
0.028800	27.179460
0.030000	27.083797
0.031200	26.984233
0.032400	26.880770
0.033600	26.773407
0.034800	26.662146
0.036000	26.546988
0.037200	26.427933
0.038400	26.304982
0.039600	26.178137
0.040800	26.047397
0.042000	25.912765
0.043200	25.774241
0.044400	25.631826
0.045600	25.485522
0.046800	25.335328
0.048000	25.181248
0.049200	25.023281
0.050400	24.861429
0.051600	24.695693
0.052800	24.526074
0.054000	24.352574
0.055200	24.175194
0.056400	23.993935
0.057600	23.808799
0.058800	23.619787
0.060000	23.426900
0.061200	23.230140
0.062400	23.029509
0.063600	22.825007
0.064800	22.616637
0.066000	22.404400
0.067200	22.188297
0.068400	21.968331
0.069600	21.744503
0.070800	21.516814
0.072000	21.285267
0.073200	21.049863
0.074400	20.810603
0.075600	20.567490
0.076800	20.320526
0.078000	20.069712
0.079200	19.815050
0.080400	19.556542
0.081600	19.294191
0.082800	19.027997
0.084000	18.757964
0.085200	18.484093
0.086400	18.206386
0.087600	17.924845
0.088800	17.639472
0.090000	17.350270
0.091200	17.057241
0.092400	16.760387
0.093600	16.459710
0.094800	16.155212
0.096000	15.846896
0.097200	15.534765
0.098400	15.218819
0.099600	14.899063
0.100800	14.575497
0.102000	14.248126
0.103200	13.916950
0.104400	13.581973
0.105600	13.243197
0.106800	12.900625
0.108000	12.554259
0.109200	12.204102
0.110400	11.850157
0.111600	11.492426
0.112800	11.130911
0.114000	10.765617
0.115200	10.396544
0.116400	10.023697
0.117600	9.647078
0.118800	9.266690
0.120000	8.882535
0.121200	8.494617
0.122400	8.102938
0.123600	7.707502
0.124800	7.308311
0.126000	6.905369
0.127200	6.498678
0.128400	6.088242
0.129600	5.674064
0.130800	5.256146
0.132000	4.834492
0.133200	4.409105
0.134400	3.979989
0.135600	3.547146
0.136800	3.110579
0.138000	2.670293
0.139200	2.226291
0.140400	1.778575
0.141600	1.327149
0.142800	0.872017
0.144000	0.413182
0.145200	0.049353
0.146400	0.515584
0.147600	0.985507
0.148800	1.459120
0.150000	1.936418
0.151200	2.417398
0.152400	2.902056
0.153600	3.390388
0.154800	3.882392
0.156000	4.378062
0.157200	4.877396
0.158400	5.380390
0.159600	5.887040
0.160800	6.397341
0.162000	6.911291
0.163200	7.428886
0.164400	7.950120
0.165600	8.474992
0.166800	9.003496
0.168000	9.535628
0.169200	10.071385
0.170400	10.610762
0.171600	11.153756
0.172800	11.700363
0.174000	12.250577
0.175200	12.804396
0.176400	13.361814
0.177600	13.922829
0.178800	14.487434
0.180000	15.055627
0.181200	15.627403
0.182400	16.202758
0.183600	16.781687
0.184800	17.364186
0.186000	17.950250
0.187200	18.539875
0.188400	19.133058
0.189600	19.729792
0.190800	20.330074
0.192000	20.933899
0.193200	21.541263
0.194400	22.152161
0.195600	22.766589
0.196800	23.384541
0.198000	24.006013
0.199200	24.631001
0.200400	25.259500
0.201600	25.891505
0.202800	26.527011
0.204000	27.166013
0.205200	27.808507
0.206400	28.454488
0.207600	29.103951
0.208800	29.756891
0.210000	30.413303
0.211200	31.073182
0.212400	31.736523
0.213600	32.403322
0.214800	33.073573
0.216000	33.747271
0.217200	34.424411
0.218400	35.104987
0.219600	35.788996
0.220800	36.476432
0.222000	37.167288
0.223200	37.861561
0.224400	38.559246
0.225600	39.260336
0.226800	39.964826
0.228000	40.672712
0.229200	41.383987
0.230400	42.098647
0.231600	42.816686
0.232800	43.538099
0.234000	44.262880
0.235200	44.991024
0.236400	45.722525
0.237600	46.457378
0.238800	47.195577
0.240000	47.937116
0.241200	48.681991
0.242400	49.430196
0.243600	50.181724
0.244800	50.936570
0.246000	51.694729
0.247200	52.456195
0.248400	53.220962
0.249600	53.989024
0.250800	54.760375
0.252000	55.535010
0.253200	56.312923
0.254400	57.094108
0.255600	57.878559
0.256800	58.666270
0.258000	59.457235
0.259200	60.251449
0.260400	61.048905
0.261600	61.849597
0.262800	62.653520
0.264000	63.460666
0.265200	64.271031
0.266400	65.084608
0.267600	65.901390
0.268800	66.721373
0.270000	67.544549
0.271200	68.370912
0.272400	69.200456
0.273600	70.033175
0.274800	70.869063
0.276000	71.708113
0.277200	72.550318
0.278400	73.395674
0.279600	74.244173
0.280800	75.095808
0.282000	75.950574
0.283200	76.808464
0.284400	77.669471
0.285600	78.533590
0.286800	79.400813
0.288000	80.271134
0.289200	81.144546
0.290400	82.021043
0.291600	82.900619
0.292800	83.783266
0.294000	84.668978
0.295200	85.557748
0.296400	86.449570
0.297600	87.344436
0.298800	88.242341
0.300000	89.143277
0.301200	90.047238
0.302400	90.954216
0.303600	91.864206
0.304800	92.777199
0.306000	93.693190
0.307200	94.612170
0.308400	95.534135
0.309600	96.459075
0.310800	97.386985
0.312000	98.317858
0.313200	99.251686
0.314400	100.188462
0.315600	101.128180
0.316800	102.070832
0.318000	103.016411
0.319200	103.964910
0.320400	104.916322
0.321600	105.870639
0.322800	106.827856
0.324000	107.787963
0.325200	108.750955
0.326400	109.716823
0.327600	110.685561
0.328800	111.657161
0.330000	112.631616
0.331200	113.608919
0.332400	114.589062
0.333600	115.572038
0.334800	116.557839
0.336000	117.546458
0.337200	118.537888
0.338400	119.532121
0.339600	120.529149
0.340800	121.528966
0.342000	122.531563
0.343200	123.536933
0.344400	124.545068
0.345600	125.555961
0.346800	126.569605
0.348000	127.585991
0.349200	128.605112
0.350400	129.626960
0.351600	130.651528
0.352800	131.678807
0.354000	132.708791
0.355200	133.741471
0.356400	134.776839
0.357600	135.814889
0.358800	136.855611
0.360000	137.898998
0.361200	138.945042
0.362400	139.993736
0.363600	141.045072
0.364800	142.099040
0.366000	143.155635
0.367200	144.214847
0.368400	145.276668
0.369600	146.341091
0.370800	147.408108
0.372000	148.477711
0.373200	149.549891
0.374400	150.624640
0.375600	151.701951
0.376800	152.781815
0.378000	153.864224
0.379200	154.949170
0.380400	156.036645
0.381600	157.126641
0.382800	158.219148
0.384000	159.314160
0.385200	160.411668
0.386400	161.511664
0.387600	162.614139
0.388800	163.719085
0.390000	164.826493
0.391200	165.936356
0.392400	167.048665
0.393600	168.163412
0.394800	169.280588
0.396000	170.400184
0.397200	171.522193
0.398400	172.646607
0.399600	173.773415
0.400800	174.902611
0.402000	176.034185
0.403200	177.168129
0.404400	178.304434
0.405600	179.443092
0.406800	180.584095
0.408000	181.727433
0.409200	182.873098
0.410400	184.021082
0.411600	185.171375
0.412800	186.323970
0.414000	187.478857
0.415200	188.636028
0.416400	189.795474
0.417600	190.957186
0.418800	192.121156
0.420000	193.287374
0.421200	194.455833
0.422400	195.626522
0.423600	196.799434
0.424800	197.974560
0.426000	199.151891
0.427200	200.331417
0.428400	201.513130
0.429600	202.697021
0.430800	203.883081
0.432000	205.071302
0.433200	206.261674
0.434400	207.454188
0.435600	208.648835
0.436800	209.845607
0.438000	211.044494
0.439200	212.245487
0.440400	213.448578
0.441600	214.653756
0.442800	215.861014
0.444000	217.070342
0.445200	218.281731
0.446400	219.495171
0.447600	220.710654
0.448800	221.928170
0.450000	223.147711
0.451200	224.369267
0.452400	225.592829
0.453600	226.818387
0.454800	228.045933
0.456000	229.275458
0.457200	230.506951
0.458400	231.740404
0.459600	232.975807
0.460800	234.213151
0.462000	235.452427
0.463200	236.693626
0.464400	237.936737
0.465600	239.181753
0.466800	240.428663
0.468000	241.677457
0.469200	242.928128
0.470400	244.180664
0.471600	245.435057
0.472800	246.691298
0.474000	247.949376
0.475200	249.209283
0.476400	250.471008
0.477600	251.734543
0.478800	252.999878
0.480000	254.267002
0.481200	255.535908
0.482400	256.806585
0.483600	258.079024
0.484800	259.353214
0.486000	260.629147
0.487200	261.906813
0.488400	263.186202
0.489600	264.467305
0.490800	265.750111
0.492000	267.034612
0.493200	268.320798
0.494400	269.608658
0.495600	270.898184
0.496800	272.189365
0.498000	273.482192
0.499200	274.776655
0.500400	276.072745
0.501600	277.370451
0.502800	278.669763
0.504000	279.970673
0.505200	281.273170
0.506400	282.577244
0.507600	283.882886
0.508800	285.190086
0.510000	286.498833
0.511200	287.809118
0.512400	289.120932
0.513600	290.434264
0.514800	291.749104
0.516000	293.065443
0.517200	294.383271
0.518400	295.702577
0.519600	297.023352
0.520800	298.345585
0.522000	299.669268
0.523200	300.994389
0.524400	302.320939
0.525600	303.648908
0.526800	304.978286
0.528000	306.309063
0.529200	307.641229
0.530400	308.974774
0.531600	310.309687
0.532800	311.645959
0.534000	312.983580
0.535200	314.322539
0.536400	315.662827
0.537600	317.004433
0.538800	318.347348
0.540000	319.691560
0.541200	321.037061
0.542400	322.383840
0.543600	323.731887
0.544800	325.081191
0.546000	326.431743
0.547200	327.783532
0.548400	329.136548
0.549600	330.490781
0.550800	331.846221
0.552000	333.202858
0.553200	334.560680
0.554400	335.919679
0.555600	337.279844
0.556800	338.641165
0.558000	340.003630
0.559200	341.367231
0.560400	342.731957
0.561600	344.097797
0.562800	345.464742
0.564000	346.832781
0.565200	348.201903
0.566400	349.572099
0.567600	350.943358
0.568800	352.315669
0.570000	353.689023
0.571200	355.063409
0.572400	356.438817
0.573600	357.815236
0.574800	359.192656
0.576000	360.571066
0.577200	361.950457
0.578400	363.330818
0.579600	364.712138
0.580800	366.094407
0.582000	367.477615
0.583200	368.861751
0.584400	370.246805
0.585600	371.632766
0.586800	373.019624
0.588000	374.407368
0.589200	375.795989
0.590400	377.185475
0.591600	378.575816
0.592800	379.967002
0.594000	381.359022
0.595200	382.751866
0.596400	384.145523
0.597600	385.539982
0.598800	386.935234
0.600000	388.331268
0.601200	389.728072
0.602400	391.125637
0.603600	392.523953
0.604800	393.923008
0.606000	395.322791
0.607200	396.723294
0.608400	398.124504
0.609600	399.526412
0.610800	400.929007
0.612000	402.332277
0.613200	403.736214
0.614400	405.140806
0.615600	406.546042
0.616800	407.951912
0.618000	409.358405
0.619200	410.765512
0.620400	412.173220
0.621600	413.581520
0.622800	414.990401
0.624000	416.399853
0.625200	417.809864
0.626400	419.220424
0.627600	420.631523
0.628800	422.043149
0.630000	423.455293
0.631200	424.867943
0.632400	426.281089
0.633600	427.694721
0.634800	429.108827
0.636000	430.523397
0.637200	431.938421
0.638400	433.353887
0.639600	434.769785
0.640800	436.186105
0.642000	437.602835
0.643200	439.019965
0.644400	440.437485
0.645600	441.855383
0.646800	443.273649
0.648000	444.692272
0.649200	446.111242
0.650400	447.530548
0.651600	448.950179
0.652800	450.370125
0.654000	451.790374
0.655200	453.210917
0.656400	454.631741
0.657600	456.052838
0.658800	457.474195
0.660000	458.895803
0.661200	460.317651
0.662400	461.739727
0.663600	463.162021
0.664800	464.584523
0.666000	466.007221
0.667200	467.430106
0.668400	468.853165
0.669600	470.276389
0.670800	471.699767
0.672000	473.123288
0.673200	474.546942
0.674400	475.970717
0.675600	477.394602
0.676800	478.818588
0.678000	480.242664
0.679200	481.666818
0.680400	483.091040
0.681600	484.515319
0.682800	485.939645
0.684000	487.364006
0.685200	488.788393
0.686400	490.212793
0.687600	491.637198
0.688800	493.061595
0.690000	494.485974
0.691200	495.910324
0.692400	497.334635
0.693600	498.758896
0.694800	500.183096
0.696000	501.607224
0.697200	503.031270
0.698400	504.455223
0.699600	505.879072
0.700800	507.302806
0.702000	508.726415
0.703200	510.149888
0.704400	511.573214
0.705600	512.996383
0.706800	514.419383
0.708000	515.842205
0.709200	517.264837
0.710400	518.687268
0.711600	520.109488
0.712800	521.531487
0.714000	522.953252
0.715200	524.374775
0.716400	525.796043
0.717600	527.217046
0.718800	528.637774
0.720000	530.058216
0.721200	531.478361
0.722400	532.898199
0.723600	534.317717
0.724800	535.736907
0.726000	537.155758
0.727200	538.574257
0.728400	539.992396
0.729600	541.410162
0.730800	542.827547
0.732000	544.244537
0.733200	545.661124
0.734400	547.077297
0.735600	548.493044
0.736800	549.908355
0.738000	551.323219
0.739200	552.737626
0.740400	554.151565
0.741600	555.565025
0.742800	556.977996
0.744000	558.390467
0.745200	559.802428
0.746400	561.213867
0.747600	562.624773
0.748800	564.035138
0.750000	565.444949
0.751200	566.854196
0.752400	568.262869
0.753600	569.670956
0.754800	571.078447
0.756000	572.485333
0.757200	573.891601
0.758400	575.297241
0.759600	576.702243
0.760800	578.106596
0.762000	579.510290
0.763200	580.913314
0.764400	582.315656
0.765600	583.717308
0.766800	585.118258
0.768000	586.518495
0.769200	587.918009
0.770400	589.316790
0.771600	590.714827
0.772800	592.112109
0.774000	593.508625
0.775200	594.904366
0.776400	596.299320
0.777600	597.693478
0.778800	599.086828
0.780000	600.479360
0.781200	601.871064
0.782400	603.261928
0.783600	604.651944
0.784800	606.041099
0.786000	607.429384
0.787200	608.816787
0.788400	610.203300
0.789600	611.588910
0.790800	612.973608
0.792000	614.357383
0.793200	615.740225
0.794400	617.122122
0.795600	618.503066
0.796800	619.883045
0.798000	621.262049
0.799200	622.640068
0.800400	624.017090
0.801600	625.393106
0.802800	626.768105
0.804000	628.142078
0.805200	629.515012
0.806400	630.886899
0.807600	632.257727
0.808800	633.627487
0.810000	634.996168
0.811200	636.363759
0.812400	637.730251
0.813600	639.095633
0.814800	640.459894
0.816000	641.823024
0.817200	643.185014
0.818400	644.545852
0.819600	645.905529
0.820800	647.264033
0.822000	648.621356
0.823200	649.977486
0.824400	651.332413
0.825600	652.686128
0.826800	654.038619
0.828000	655.389877
0.829200	656.739891
0.830400	658.088651
0.831600	659.436147
0.832800	660.782369
0.834000	662.127306
0.835200	663.470948
0.836400	664.813286
0.837600	666.154309
0.838800	667.494006
0.840000	668.832368
0.841200	670.169385
0.842400	671.505046
0.843600	672.839342
0.844800	674.172261
0.846000	675.503795
0.847200	676.833933
0.848400	678.162665
0.849600	679.489980
0.850800	680.815869
0.852000	682.140322
0.853200	683.463329
0.854400	684.784880
0.855600	686.104964
0.856800	687.423572
0.858000	688.740693
0.859200	690.056318
0.860400	691.370437
0.861600	692.683040
0.862800	693.994116
0.864000	695.303657
0.865200	696.611651
0.866400	697.918089
0.867600	699.222961
0.868800	700.526258
0.870000	701.827969
0.871200	703.128084
0.872400	704.426593
0.873600	705.723488
0.874800	707.018757
0.876000	708.312392
0.877200	709.604381
0.878400	710.894716
0.879600	712.183387
0.880800	713.470383
0.882000	714.755696
0.883200	716.039315
0.884400	717.321230
0.885600	718.601432
0.886800	719.879912
0.888000	721.156658
0.889200	722.431663
0.890400	723.704915
0.891600	724.976406
0.892800	726.246125
0.894000	727.514063
0.895200	728.780211
0.896400	730.044559
0.897600	731.307096
0.898800	732.567814
0.900000	733.826704
0.901200	735.083754
0.902400	736.338957
0.903600	737.592301
0.904800	738.843779
0.906000	740.093379
0.907200	741.341094
0.908400	742.586912
0.909600	743.830826
0.910800	745.072825
0.912000	746.312899
0.913200	747.551040
0.914400	748.787238
0.915600	750.021483
0.916800	751.253767
0.918000	752.484080
0.919200	753.712411
0.920400	754.938753
0.921600	756.163096
0.922800	757.385430
0.924000	758.605746
0.925200	759.824035
0.926400	761.040288
0.927600	762.254494
0.928800	763.466646
0.930000	764.676733
0.931200	765.884747
0.932400	767.090679
0.933600	768.294518
0.934800	769.496256
0.936000	770.695884
0.937200	771.893393
0.938400	773.088773
0.939600	774.282015
0.940800	775.473111
0.942000	776.662051
0.943200	777.848826
0.944400	779.033427
0.945600	780.215845
0.946800	781.396071
0.948000	782.574096
0.949200	783.749910
0.950400	784.923506
0.951600	786.094874
0.952800	787.264005
0.954000	788.430889
0.955200	789.595520
0.956400	790.757886
0.957600	791.917980
0.958800	793.075792
0.960000	794.231314
0.961200	795.384536
0.962400	796.535451
0.963600	797.684049
0.964800	798.830321
0.966000	799.974259
0.967200	801.115854
0.968400	802.255097
0.969600	803.391980
0.970800	804.526493
0.972000	805.658628
0.973200	806.788377
0.974400	807.915730
0.975600	809.040679
0.976800	810.163216
0.978000	811.283331
0.979200	812.401017
0.980400	813.516264
0.981600	814.629065
0.982800	815.739410
0.984000	816.847291
0.985200	817.952700
0.986400	819.055628
0.987600	820.156066
0.988800	821.254007
0.990000	822.349441
0.991200	823.442361
0.992400	824.532757
0.993600	825.620622
0.994800	826.705947
0.996000	827.788725
0.997200	828.868945
0.998400	829.946601
0.999600	831.021684
1.000800	832.094185
1.002000	833.164097
1.003200	834.231411
1.004400	835.296119
1.005600	836.358213
1.006800	837.417684
1.008000	838.474525
1.009200	839.528726
1.010400	840.580282
1.011600	841.629182
1.012800	842.675419
1.014000	843.718985
1.015200	844.759872
1.016400	845.798072
1.017600	846.833576
1.018800	847.866378
1.020000	848.896468
1.021200	849.923839
1.022400	850.948483
1.023600	851.970392
1.024800	852.989559
1.026000	854.005974
1.027200	855.019632
1.028400	856.030522
1.029600	857.038639
1.030800	858.043973
1.032000	859.046518
1.033200	860.046265
1.034400	861.043207
1.035600	862.037336
1.036800	863.028644
1.038000	864.017124
1.039200	865.002767
1.040400	865.985567
1.041600	866.965516
1.042800	867.942606
1.044000	868.916829
1.045200	869.888179
1.046400	870.856646
1.047600	871.822225
1.048800	872.784907
1.050000	873.744685
1.051200	874.701552
1.052400	875.655499
1.053600	876.606520
1.054800	877.554608
1.056000	878.499754
1.057200	879.441952
1.058400	880.381194
1.059600	881.317473
1.060800	882.250781
1.062000	883.181112
1.063200	884.108458
1.064400	885.032811
1.065600	885.954165
1.066800	886.872513
1.068000	887.787847
1.069200	888.700160
1.070400	889.609445
1.071600	890.515695
1.072800	891.418902
1.074000	892.319061
1.075200	893.216163
1.076400	894.110202
1.077600	895.001170
1.078800	895.889062
1.080000	896.773869
1.081200	897.655585
1.082400	898.534202
1.083600	899.409715
1.084800	900.282116
1.086000	901.151399
1.087200	902.017556
1.088400	902.880581
1.089600	903.740466
1.090800	904.597206
1.092000	905.450793
1.093200	906.301222
1.094400	907.148484
1.095600	907.992573
1.096800	908.833484
1.098000	909.671208
1.099200	910.505740
1.100400	911.337073
1.101600	912.165200
1.102800	912.990115
1.104000	913.811812
1.105200	914.630283
1.106400	915.445523
1.107600	916.257525
1.108800	917.066282
1.110000	917.871789
1.111200	918.674038
1.112400	919.473023
1.113600	920.268739
1.114800	921.061179
1.116000	921.850336
1.117200	922.636204
1.118400	923.418777
1.119600	924.198049
1.120800	924.974014
1.122000	925.746665
1.123200	926.515996
1.124400	927.282002
1.125600	928.044675
1.126800	928.804011
1.128000	929.560002
1.129200	930.312644
1.130400	931.061929
1.131600	931.807852
1.132800	932.550407
1.134000	933.289589
1.135200	934.025390
1.136400	934.757806
1.137600	935.486830
1.138800	936.212456
1.140000	936.934679
1.141200	937.653493
1.142400	938.368893
1.143600	939.080871
1.144800	939.789424
1.146000	940.494544
1.147200	941.196227
1.148400	941.894466
1.149600	942.589256
1.150800	943.280592
1.152000	943.968468
1.153200	944.652878
1.154400	945.333817
1.155600	946.011279
1.156800	946.685258
1.158000	947.355751
1.159200	948.022750
1.160400	948.686250
1.161600	949.346247
1.162800	950.002734
1.164000	950.655707
1.165200	951.305160
1.166400	951.951088
1.167600	952.593485
1.168800	953.232347
1.170000	953.867668
1.171200	954.499442
1.172400	955.127666
1.173600	955.752333
1.174800	956.373438
1.176000	956.990977
1.177200	957.604944
1.178400	958.215335
1.179600	958.822144
1.180800	959.425366
1.182000	960.024997
1.183200	960.621031
1.184400	961.213463
1.185600	961.802289
1.186800	962.387504
1.188000	962.969103
1.189200	963.547081
1.190400	964.121433
1.191600	964.692154
1.192800	965.259241
1.194000	965.822687
1.195200	966.382489
1.196400	966.938641
1.197600	967.491140
1.198800	968.039980
1.200000	968.585157
1.201200	969.126666
1.202400	969.664503
1.203600	970.198663
1.204800	970.729143
1.206000	971.255936
1.207200	971.779039
1.208400	972.298448
1.209600	972.814158
1.210800	973.326164
1.212000	973.834463
1.213200	974.339050
1.214400	974.839921
1.215600	975.337072
1.216800	975.830497
1.218000	976.320194
1.219200	976.806158
1.220400	977.288385
1.221600	977.766870
1.222800	978.241610
1.224000	978.712600
1.225200	979.179837
1.226400	979.643316
1.227600	980.103033
1.228800	980.558985
1.230000	981.011168
1.231200	981.459577
1.232400	981.904208
1.233600	982.345059
1.234800	982.782124
1.236000	983.215401
1.237200	983.644885
1.238400	984.070573
1.239600	984.492460
1.240800	984.910544
1.242000	985.324820
1.243200	985.735285
1.244400	986.141935
1.245600	986.544766
1.246800	986.943776
1.248000	987.338960
1.249200	987.730315
1.250400	988.117837
1.251600	988.501524
1.252800	988.881370
1.254000	989.257374
1.255200	989.629532
1.256400	989.997839
1.257600	990.362294
1.258800	990.722893
1.260000	991.079631
1.261200	991.432507
1.262400	991.781517
1.263600	992.126657
1.264800	992.467925
1.266000	992.805317
1.267200	993.138830
1.268400	993.468461
1.269600	993.794208
1.270800	994.116066
1.272000	994.434033
1.273200	994.748106
1.274400	995.058282
1.275600	995.364558
1.276800	995.666931
1.278000	995.965399
1.279200	996.259957
1.280400	996.550604
1.281600	996.837337
1.282800	997.120153
1.284000	997.399049
1.285200	997.674022
1.286400	997.945070
1.287600	998.212190
1.288800	998.475380
1.290000	998.734636
1.291200	998.989956
1.292400	999.241338
1.293600	999.488780
1.294800	999.732277
1.296000	999.971829
1.297200	1000.207432
1.298400	1000.439085
1.299600	1000.666784
1.300800	1000.890528
1.302000	1001.110314
1.303200	1001.326139
1.304400	1001.538002
1.305600	1001.745900
1.306800	1001.949831
1.308000	1002.149792
1.309200	1002.345782
1.310400	1002.537799
1.311600	1002.725839
1.312800	1002.909902
1.314000	1003.089985
1.315200	1003.266086
1.316400	1003.438202
1.317600	1003.606333
1.318800	1003.770475
1.320000	1003.930628
1.321200	1004.086788
1.322400	1004.238955
1.323600	1004.387126
1.324800	1004.531300
1.326000	1004.671474
1.327200	1004.807647
1.328400	1004.939818
1.329600	1005.067983
1.330800	1005.192143
1.332000	1005.312294
1.333200	1005.428436
1.334400	1005.540567
1.335600	1005.648685
1.336800	1005.752789
1.338000	1005.852876
1.339200	1005.948946
1.340400	1006.040998
1.341600	1006.129029
1.342800	1006.213038
1.344000	1006.293024
1.345200	1006.368985
1.346400	1006.440921
1.347600	1006.508829
1.348800	1006.572709
1.350000	1006.632559
1.351200	1006.688378
1.352400	1006.740165
1.353600	1006.787918
1.354800	1006.831637
1.356000	1006.871320
1.357200	1006.906967
1.358400	1006.938575
1.359600	1006.966145
1.360800	1006.989674
1.362000	1007.009163
1.363200	1007.024610
1.364400	1007.036014
1.365600	1007.043374
1.366800	1007.046690
1.368000	1007.045960
1.369200	1007.041184
1.370400	1007.032361
1.371600	1007.019490
1.372800	1007.002571
1.374000	1006.981602
1.375200	1006.956583
1.376400	1006.927513
1.377600	1006.894392
1.378800	1006.857219
1.380000	1006.815994
1.381200	1006.770716
1.382400	1006.721384
1.383600	1006.667998
1.384800	1006.610557
1.386000	1006.549062
1.387200	1006.483511
1.388400	1006.413904
1.389600	1006.340241
1.390800	1006.262521
1.392000	1006.180745
1.393200	1006.094912
1.394400	1006.005021
1.395600	1005.911073
1.396800	1005.813067
1.398000	1005.711003
1.399200	1005.604881
1.400400	1005.494701
1.401600	1005.380462
1.402800	1005.262166
1.404000	1005.139810
1.405200	1005.013397
1.406400	1004.882925
1.407600	1004.748395
1.408800	1004.609806
1.410000	1004.467159
1.411200	1004.320455
1.412400	1004.169692
1.413600	1004.014872
1.414800	1003.855995
1.416000	1003.693060
1.417200	1003.526068
1.418400	1003.355019
1.419600	1003.179915
1.420800	1003.000754
1.422000	1002.817537
1.423200	1002.630266
1.424400	1002.438939
1.425600	1002.243558
1.426800	1002.044124
1.428000	1001.840636
1.429200	1001.633095
1.430400	1001.421502
1.431600	1001.205857
1.432800	1000.986161
1.434000	1000.762415
1.435200	1000.534619
1.436400	1000.302774
1.437600	1000.066881
1.438800	999.826940
1.440000	999.582952
1.441200	999.334919
1.442400	999.082840
1.443600	998.826717
1.444800	998.566551
1.446000	998.302342
1.447200	998.034092
1.448400	997.761801
1.449600	997.485471
1.450800	997.205102
1.452000	996.920695
1.453200	996.632252
1.454400	996.339774
1.455600	996.043262
1.456800	995.742717
1.458000	995.438140
1.459200	995.129532
1.460400	994.816895
1.461600	994.500229
1.462800	994.179537
1.464000	993.854820
1.465200	993.526078
1.466400	993.193313
1.467600	992.856527
1.468800	992.515721
1.470000	992.170897
1.471200	991.822055
1.472400	991.469198
1.473600	991.112327
1.474800	990.751444
1.476000	990.386549
1.477200	990.017646
1.478400	989.644734
1.479600	989.267817
1.480800	988.886896
1.482000	988.501972
1.483200	988.113047
1.484400	987.720123
1.485600	987.323202
1.486800	986.922286
1.488000	986.517376
1.489200	986.108474
1.490400	985.695582
1.491600	985.278703
1.492800	984.857838
1.494000	984.432989
1.495200	984.004157
1.496400	983.571347
1.497600	983.134558
1.498800	982.693793
1.500000	982.249055
1.501200	981.800346
1.502400	981.347667
1.503600	980.891021
1.504800	980.430410
1.506000	979.965836
1.507200	979.497302
1.508400	979.024810
1.509600	978.548362
1.510800	978.067961
1.512000	977.583609
1.513200	977.095308
1.514400	976.603061
1.515600	976.106870
1.516800	975.606737
1.518000	975.102666
1.519200	974.594659
1.520400	974.082718
1.521600	973.566846
1.522800	973.047045
1.524000	972.523319
1.525200	971.995669
1.526400	971.464099
1.527600	970.928610
1.528800	970.389207
1.530000	969.845892
1.531200	969.298667
1.532400	968.747535
1.533600	968.192499
1.534800	967.633562
1.536000	967.070727
1.537200	966.503997
1.538400	965.933375
1.539600	965.358863
1.540800	964.780465
1.542000	964.198183
1.543200	963.612021
1.544400	963.021983
1.545600	962.428069
1.546800	961.830285
1.548000	961.228634
1.549200	960.623117
1.550400	960.013739
1.551600	959.400503
1.552800	958.783411
1.554000	958.162468
1.555200	957.537676
1.556400	956.909040
1.557600	956.276561
1.558800	955.640244
1.560000	955.000092
1.561200	954.356108
1.562400	953.708297
1.563600	953.056660
1.564800	952.401202
1.566000	951.741927
1.567200	951.078837
1.568400	950.411937
1.569600	949.741230
1.570800	949.066719
1.572000	948.388409
1.573200	947.706303
1.574400	947.020404
1.575600	946.330716
1.576800	945.637244
1.578000	944.939991
1.579200	944.238960
1.580400	943.534156
1.581600	942.825582
1.582800	942.113242
1.584000	941.397140
1.585200	940.677280
1.586400	939.953666
1.587600	939.226302
1.588800	938.495191
1.590000	937.760339
1.591200	937.021748
1.592400	936.279424
1.593600	935.533369
1.594800	934.783588
1.596000	934.030086
1.597200	933.272866
1.598400	932.511933
1.599600	931.747290
1.600800	930.978943
1.602000	930.206895
1.603200	929.431150
1.604400	928.651713
1.605600	927.868588
1.606800	927.081780
1.608000	926.291293
1.609200	925.497131
1.610400	924.699298
1.611600	923.897800
1.612800	923.092640
1.614000	922.283823
1.615200	921.471354
1.616400	920.655237
1.617600	919.835476
1.618800	919.012077
1.620000	918.185044
1.621200	917.354381
1.622400	916.520093
1.623600	915.682185
1.624800	914.840661
1.626000	913.995527
1.627200	913.146787
1.628400	912.294445
1.629600	911.438507
1.630800	910.578977
1.632000	909.715860
1.633200	908.849161
1.634400	907.978885
1.635600	907.105037
1.636800	906.227622
1.638000	905.346644
1.639200	904.462109
1.640400	903.574021
1.641600	902.682386
1.642800	901.787209
1.644000	900.888494
1.645200	899.986247
1.646400	899.080473
1.647600	898.171178
1.648800	897.258365
1.650000	896.342041
1.651200	895.422210
1.652400	894.498878
1.653600	893.572050
1.654800	892.641732
1.656000	891.707928
1.657200	890.770643
1.658400	889.829884
1.659600	888.885656
1.660800	887.937964
1.662000	886.986812
1.663200	886.032208
1.664400	885.074156
1.665600	884.112661
1.666800	883.147730
1.668000	882.179367
1.669200	881.207578
1.670400	880.232369
1.671600	879.253745
1.672800	878.271712
1.674000	877.286276
1.675200	876.297442
1.676400	875.305215
1.677600	874.309602
1.678800	873.310608
1.680000	872.308238
1.681200	871.302500
1.682400	870.293397
1.683600	869.280937
1.684800	868.265125
1.686000	867.245967
1.687200	866.223468
1.688400	865.197634
1.689600	864.168472
1.690800	863.135987
1.692000	862.100186
1.693200	861.061073
1.694400	860.018656
1.695600	858.972939
1.696800	857.923930
1.698000	856.871634
1.699200	855.816057
1.700400	854.757206
1.701600	853.695085
1.702800	852.629702
1.704000	851.561063
1.705200	850.489174
1.706400	849.414040
1.707600	848.335669
1.708800	847.254066
1.710000	846.169238
1.711200	845.081190
1.712400	843.989930
1.713600	842.895462
1.714800	841.797795
1.716000	840.696934
1.717200	839.592885
1.718400	838.485655
1.719600	837.375250
1.720800	836.261677
1.722000	835.144942
1.723200	834.025051
1.724400	832.902011
1.725600	831.775829
1.726800	830.646510
1.728000	829.514063
1.729200	828.378492
1.730400	827.239805
1.731600	826.098008
1.732800	824.953107
1.734000	823.805111
1.735200	822.654024
1.736400	821.499854
1.737600	820.342608
1.738800	819.182292
1.740000	818.018912
1.741200	816.852477
1.742400	815.682991
1.743600	814.510463
1.744800	813.334899
1.746000	812.156306
1.747200	810.974690
1.748400	809.790058
1.749600	808.602418
1.750800	807.411776
1.752000	806.218140
1.753200	805.021515
1.754400	803.821910
1.755600	802.619330
1.756800	801.413783
1.758000	800.205277
1.759200	798.993817
1.760400	797.779411
1.761600	796.562067
1.762800	795.341790
1.764000	794.118589
1.765200	792.892470
1.766400	791.663441
1.767600	790.431508
1.768800	789.196679
1.770000	787.958961
1.771200	786.718361
1.772400	785.474886
1.773600	784.228544
1.774800	782.979342
1.776000	781.727287
1.777200	780.472386
1.778400	779.214648
1.779600	777.954078
1.780800	776.690684
1.782000	775.424474
1.783200	774.155456
1.784400	772.883635
1.785600	771.609021
1.786800	770.331620
1.788000	769.051439
1.789200	767.768487
1.790400	766.482770
1.791600	765.194297
1.792800	763.903074
1.794000	762.609109
1.795200	761.312410
1.796400	760.012985
1.797600	758.710840
1.798800	757.405983
1.800000	756.098423
1.801200	754.788166
1.802400	753.475220
1.803600	752.159593
1.804800	750.841293
1.806000	749.520327
1.807200	748.196704
1.808400	746.870429
1.809600	745.541512
1.810800	744.209961
1.812000	742.875782
1.813200	741.538984
1.814400	740.199574
1.815600	738.857561
1.816800	737.512951
1.818000	736.165754
1.819200	734.815977
1.820400	733.463627
1.821600	732.108713
1.822800	730.751242
1.824000	729.391222
1.825200	728.028662
1.826400	726.663569
1.827600	725.295952
1.828800	723.925817
1.830000	722.553174
1.831200	721.178030
1.832400	719.800393
1.833600	718.420271
1.834800	717.037673
1.836000	715.652606
1.837200	714.265078
1.838400	712.875098
1.839600	711.482674
1.840800	710.087813
1.842000	708.690524
1.843200	707.290815
1.844400	705.888695
1.845600	704.484170
1.846800	703.077251
1.848000	701.667944
1.849200	700.256258
1.850400	698.842201
1.851600	697.425782
1.852800	696.007009
1.854000	694.585889
1.855200	693.162432
1.856400	691.736645
1.857600	690.308538
1.858800	688.878117
1.860000	687.445392
1.861200	686.010371
1.862400	684.573063
1.863600	683.133475
1.864800	681.691616
1.866000	680.247495
1.867200	678.801119
1.868400	677.352498
1.869600	675.901640
1.870800	674.448553
1.872000	672.993245
1.873200	671.535726
1.874400	670.076004
1.875600	668.614087
1.876800	667.149983
1.878000	665.683702
1.879200	664.215252
1.880400	662.744641
1.881600	661.271878
1.882800	659.796972
1.884000	658.319930
1.885200	656.840763
1.886400	655.359478
1.887600	653.876083
1.888800	652.390589
1.890000	650.903003
1.891200	649.413333
1.892400	647.921590
1.893600	646.427781
1.894800	644.931914
1.896000	643.434000
1.897200	641.934046
1.898400	640.432061
1.899600	638.928055
1.900800	637.422035
1.902000	635.914010
1.903200	634.403990
1.904400	632.891983
1.905600	631.377998
1.906800	629.862043
1.908000	628.344129
1.909200	626.824262
1.910400	625.302453
1.911600	623.778709
1.912800	622.253041
1.914000	620.725457
1.915200	619.195965
1.916400	617.664575
1.917600	616.131295
1.918800	614.596135
1.920000	613.059104
1.921200	611.520209
1.922400	609.979461
1.923600	608.436869
1.924800	606.892440
1.926000	605.346185
1.927200	603.798112
1.928400	602.248230
1.929600	600.696548
1.930800	599.143076
1.932000	597.587822
1.933200	596.030795
1.934400	594.472004
1.935600	592.911459
1.936800	591.349169
1.938000	589.785142
1.939200	588.219388
1.940400	586.651915
1.941600	585.082734
1.942800	583.511853
1.944000	581.939280
1.945200	580.365026
1.946400	578.789099
1.947600	577.211509
1.948800	575.632265
1.950000	574.051375
1.951200	572.468850
1.952400	570.884698
1.953600	569.298928
1.954800	567.711550
1.956000	566.122573
1.957200	564.532006
1.958400	562.939858
1.959600	561.346139
1.960800	559.750858
1.962000	558.154024
1.963200	556.555646
1.964400	554.955733
1.965600	553.354296
1.966800	551.751343
1.968000	550.146883
1.969200	548.540926
1.970400	546.933481
1.971600	545.324558
1.972800	543.714165
1.974000	542.102312
1.975200	540.489009
1.976400	538.874264
1.977600	537.258087
1.978800	535.640488
1.980000	534.021476
1.981200	532.401060
1.982400	530.779249
1.983600	529.156054
1.984800	527.531482
1.986000	525.905545
1.987200	524.278251
1.988400	522.649609
1.989600	521.019629
1.990800	519.388321
1.992000	517.755694
1.993200	516.121757
1.994400	514.486519
1.995600	512.849991
1.996800	511.212182
1.998000	509.573101
1.999200	507.932757
2.000400	506.291161
2.001600	504.648321
2.002800	503.004247
2.004000	501.358949
2.005200	499.712436
2.006400	498.064717
2.007600	496.415803
2.008800	494.765702
2.010000	493.114424
2.011200	491.461979
2.012400	489.808376
2.013600	488.153626
2.014800	486.497736
2.016000	484.840717
2.017200	483.182579
2.018400	481.523330
2.019600	479.862982
2.020800	478.201542
2.022000	476.539021
2.023200	474.875428
2.024400	473.210773
2.025600	471.545066
2.026800	469.878316
2.028000	468.210532
2.029200	466.541725
2.030400	464.871903
2.031600	463.201077
2.032800	461.529256
2.034000	459.856450
2.035200	458.182668
2.036400	456.507920
2.037600	454.832216
2.038800	453.155565
2.040000	451.477977
2.041200	449.799462
2.042400	448.120029
2.043600	446.439687
2.044800	444.758447
2.046000	443.076319
2.047200	441.393311
2.048400	439.709434
2.049600	438.024696
2.050800	436.339109
2.052000	434.652681
2.053200	432.965423
2.054400	431.277343
2.055600	429.588452
2.056800	427.898759
2.058000	426.208275
2.059200	424.517008
2.060400	422.824968
2.061600	421.132165
2.062800	419.438609
2.064000	417.744310
2.065200	416.049277
2.066400	414.353520
2.067600	412.657048
2.068800	410.959872
2.070000	409.262001
2.071200	407.563444
2.072400	405.864212
2.073600	404.164315
2.074800	402.463761
2.076000	400.762561
2.077200	399.060724
2.078400	397.358261
2.079600	395.655180
2.080800	393.951492
2.082000	392.247207
2.083200	390.542334
2.084400	388.836882
2.085600	387.130862
2.086800	385.424283
2.088000	383.717156
2.089200	382.009489
2.090400	380.301293
2.091600	378.592577
2.092800	376.883352
2.094000	375.173626
2.095200	373.463410
2.096400	371.752713
2.097600	370.041545
2.098800	368.329916
2.100000	366.617836
2.101200	364.905314
2.102400	363.192360
2.103600	361.478984
2.104800	359.765196
2.106000	358.051005
2.107200	356.336421
2.108400	354.621454
2.109600	352.906114
2.110800	351.190411
2.112000	349.474353
2.113200	347.757952
2.114400	346.041216
2.115600	344.324155
2.116800	342.606780
2.118000	340.889100
2.119200	339.171125
2.120400	337.452864
2.121600	335.734327
2.122800	334.015525
2.124000	332.296466
2.125200	330.577161
2.126400	328.857619
2.127600	327.137850
2.128800	325.417863
2.130000	323.697670
2.131200	321.977279
2.132400	320.256699
2.133600	318.535942
2.134800	316.815016
2.136000	315.093931
2.137200	313.372698
2.138400	311.651325
2.139600	309.929823
2.140800	308.208201
2.142000	306.486468
2.143200	304.764636
2.144400	303.042713
2.145600	301.320710
2.146800	299.598635
2.148000	297.876499
2.149200	296.154312
2.150400	294.432082
2.151600	292.709821
2.152800	290.987537
2.154000	289.265240
2.155200	287.542940
2.156400	285.820647
2.157600	284.098371
2.158800	282.376121
2.160000	280.653906
2.161200	278.931737
2.162400	277.209624
2.163600	275.487575
2.164800	273.765601
2.166000	272.043711
2.167200	270.321916
2.168400	268.600224
2.169600	266.878646
2.170800	265.157191
2.172000	263.435868
2.173200	261.714688
2.174400	259.993661
2.175600	258.272795
2.176800	256.552100
2.178000	254.831587
2.179200	253.111265
2.180400	251.391143
2.181600	249.671231
2.182800	247.951539
2.184000	246.232076
2.185200	244.512853
2.186400	242.793878
2.187600	241.075161
2.188800	239.356713
2.190000	237.638542
2.191200	235.920658
2.192400	234.203071
2.193600	232.485791
2.194800	230.768826
2.196000	229.052188
2.197200	227.335884
2.198400	225.619926
2.199600	223.904321
2.200800	222.189081
2.202000	220.474215
2.203200	218.759731
2.204400	217.045641
2.205600	215.331953
2.206800	213.618677
2.208000	211.905822
2.209200	210.193398
2.210400	208.481415
2.211600	206.769882
2.212800	205.058808
2.214000	203.348204
2.215200	201.638078
2.216400	199.928441
2.217600	198.219301
2.218800	196.510669
2.220000	194.802553
2.221200	193.094964
2.222400	191.387910
2.223600	189.681402
2.224800	187.975448
2.226000	186.270059
2.227200	184.565243
2.228400	182.861010
2.229600	181.157370
2.230800	179.454332
2.232000	177.751906
2.233200	176.050100
2.234400	174.348925
2.235600	172.648390
2.236800	170.948504
2.238000	169.249276
2.239200	167.550717
2.240400	165.852835
2.241600	164.155639
2.242800	162.459140
2.244000	160.763347
2.245200	159.068269
2.246400	157.373915
2.247600	155.680294
2.248800	153.987417
2.250000	152.295292
2.251200	150.603929
2.252400	148.913337
2.253600	147.223525
2.254800	145.534504
2.256000	143.846281
2.257200	142.158866
2.258400	140.472269
2.259600	138.786499
2.260800	137.101566
2.262000	135.417478
2.263200	133.734244
2.264400	132.051875
2.265600	130.370378
2.266800	128.689765
2.268000	127.010043
2.269200	125.331222
2.270400	123.653311
2.271600	121.976320
2.272800	120.300257
2.274000	118.625132
2.275200	116.950954
2.276400	115.277732
2.277600	113.605475
2.278800	111.934193
2.280000	110.263895
2.281200	108.594589
2.282400	106.926286
2.283600	105.258993
2.284800	103.592720
2.286000	101.927477
2.287200	100.263272
2.288400	98.600115
2.289600	96.938014
2.290800	95.276979
2.292000	93.617018
2.293200	91.958141
2.294400	90.300357
2.295600	88.643675
2.296800	86.988104
2.298000	85.333652
2.299200	83.680330
2.300400	82.028145
2.301600	80.377107
2.302800	78.727225
2.304000	77.078508
2.305200	75.430965
2.306400	73.784604
2.307600	72.139435
2.308800	70.495467
2.310000	68.852708
2.311200	67.211168
2.312400	65.570855
2.313600	63.931778
2.314800	62.293946
2.316000	60.657369
2.317200	59.022054
2.318400	57.388011
2.319600	55.755249
2.320800	54.123776
2.322000	52.493601
2.323200	50.864733
2.324400	49.237181
2.325600	47.610954
2.326800	45.986060
2.328000	44.362508
2.329200	42.740307
2.330400	41.119466
2.331600	39.499993
2.332800	37.881897
2.334000	36.265188
2.335200	34.649872
2.336400	33.035960
2.337600	31.423460
2.338800	29.812381
2.340000	28.202730
2.341200	26.594518
2.342400	24.987752
2.343600	23.382442
2.344800	21.778595
2.346000	20.176220
2.347200	18.575327
2.348400	16.975923
2.349600	15.378017
2.350800	13.781618
2.352000	12.186734
2.353200	10.593374
2.354400	9.001546
2.355600	7.411259
2.356800	5.822521
2.358000	4.235341
2.359200	2.649727
2.360400	1.065688
2.361600	0.516768
2.362800	2.097632
2.364000	3.676896
2.365200	5.254552
2.366400	6.830591
2.367600	8.405005
2.368800	9.977785
2.370000	11.548923
2.371200	13.118411
2.372400	14.686241
2.373600	16.252403
2.374800	17.816890
2.376000	19.379693
2.377200	20.940805
2.378400	22.500216
2.379600	24.057919
2.380800	25.613906
2.382000	27.168167
2.383200	28.720695
2.384400	30.271482
2.385600	31.820520
2.386800	33.367799
2.388000	34.913313
2.389200	36.457053
2.390400	37.999011
2.391600	39.539178
2.392800	41.077547
2.394000	42.614109
2.395200	44.148857
2.396400	45.681782
2.397600	47.212876
2.398800	48.742131
2.400000	50.269539
2.401200	51.795093
2.402400	53.318784
2.403600	54.840603
2.404800	56.360544
2.406000	57.878598
2.407200	59.394757
2.408400	60.909014
2.409600	62.421360
2.410800	63.931787
2.412000	65.440288
2.413200	66.946854
2.414400	68.451478
2.415600	69.954152
2.416800	71.454869
2.418000	72.953619
2.419200	74.450396
2.420400	75.945191
2.421600	77.437998
2.422800	78.928807
2.424000	80.417612
2.425200	81.904404
2.426400	83.389176
2.427600	84.871921
2.428800	86.352630
2.430000	87.831295
2.431200	89.307910
2.432400	90.782466
2.433600	92.254956
2.434800	93.725372
2.436000	95.193707
2.437200	96.659953
2.438400	98.124102
2.439600	99.586147
2.440800	101.046080
2.442000	102.503894
2.443200	103.959582
2.444400	105.413135
2.445600	106.864546
2.446800	108.313809
2.448000	109.760914
2.449200	111.205856
2.450400	112.648626
2.451600	114.089217
2.452800	115.527622
2.454000	116.963833
2.455200	118.397843
2.456400	119.829645
2.457600	121.259231
2.458800	122.686593
2.460000	124.111726
2.461200	125.534621
2.462400	126.955271
2.463600	128.373669
2.464800	129.789808
2.466000	131.203680
2.467200	132.615278
2.468400	134.024595
2.469600	135.431625
2.470800	136.836358
2.472000	138.238790
2.473200	139.638912
2.474400	141.036717
2.475600	142.432198
2.476800	143.825349
2.478000	145.216162
2.479200	146.604629
2.480400	147.990745
2.481600	149.374502
2.482800	150.755893
2.484000	152.134911
2.485200	153.511549
2.486400	154.885801
2.487600	156.257658
2.488800	157.627115
2.490000	158.994165
2.491200	160.358800
2.492400	161.721014
2.493600	163.080800
2.494800	164.438150
2.496000	165.793060
2.497200	167.145520
2.498400	168.495526
2.499600	169.843069
2.500800	171.188143
2.502000	172.530742
2.503200	173.870859
2.504400	175.208487
2.505600	176.543619
2.506800	177.876250
2.508000	179.206371
2.509200	180.533977
2.510400	181.859061
2.511600	183.181616
2.512800	184.501636
2.514000	185.819114
2.515200	187.134044
2.516400	188.446420
2.517600	189.756234
2.518800	191.063480
2.520000	192.368152
2.521200	193.670244
2.522400	194.969748
2.523600	196.266659
2.524800	197.560970
2.526000	198.852675
2.527200	200.141767
2.528400	201.428240
2.529600	202.712088
2.530800	203.993305
2.532000	205.271884
2.533200	206.547819
2.534400	207.821103
2.535600	209.091731
2.536800	210.359696
2.538000	211.624992
2.539200	212.887614
2.540400	214.147553
2.541600	215.404806
2.542800	216.659365
2.544000	217.911225
2.545200	219.160379
2.546400	220.406821
2.547600	221.650545
2.548800	222.891546
2.550000	224.129816
2.551200	225.365351
2.552400	226.598145
2.553600	227.828190
2.554800	229.055482
2.556000	230.280015
2.557200	231.501782
2.558400	232.720777
2.559600	233.936996
2.560800	235.150431
2.562000	236.361078
2.563200	237.568930
2.564400	238.773982
2.565600	239.976228
2.566800	241.175661
2.568000	242.372277
2.569200	243.566070
2.570400	244.757034
2.571600	245.945163
2.572800	247.130452
2.574000	248.312895
2.575200	249.492486
2.576400	250.669221
2.577600	251.843092
2.578800	253.014095
2.580000	254.182225
2.581200	255.347475
2.582400	256.509840
2.583600	257.669316
2.584800	258.825895
2.586000	259.979573
2.587200	261.130345
2.588400	262.278205
2.589600	263.423147
2.590800	264.565167
2.592000	265.704259
2.593200	266.840417
2.594400	267.973637
2.595600	269.103912
2.596800	270.231239
2.598000	271.355611
2.599200	272.477024
2.600400	273.595471
2.601600	274.710949
2.602800	275.823451
2.604000	276.932973
2.605200	278.039510
2.606400	279.143056
2.607600	280.243607
2.608800	281.341157
2.610000	282.435701
2.611200	283.527234
2.612400	284.615752
2.613600	285.701249
2.614800	286.783720
2.616000	287.863161
2.617200	288.939566
2.618400	290.012930
2.619600	291.083249
2.620800	292.150518
2.622000	293.214732
2.623200	294.275887
2.624400	295.333976
2.625600	296.388996
2.626800	297.440942
2.628000	298.489809
2.629200	299.535592
2.630400	300.578287
2.631600	301.617889
2.632800	302.654393
2.634000	303.687795
2.635200	304.718090
2.636400	305.745273
2.637600	306.769341
2.638800	307.790287
2.640000	308.808109
2.641200	309.822800
2.642400	310.834358
2.643600	311.842776
2.644800	312.848052
2.646000	313.850180
2.647200	314.849156
2.648400	315.844976
2.649600	316.837635
2.650800	317.827128
2.652000	318.813453
2.653200	319.796603
2.654400	320.776576
2.655600	321.753366
2.656800	322.726970
2.658000	323.697383
2.659200	324.664601
2.660400	325.628619
2.661600	326.589435
2.662800	327.547043
2.664000	328.501439
2.665200	329.452620
2.666400	330.400581
2.667600	331.345318
2.668800	332.286827
2.670000	333.225105
2.671200	334.160146
2.672400	335.091948
2.673600	336.020506
2.674800	336.945816
2.676000	337.867874
2.677200	338.786677
2.678400	339.702220
2.679600	340.614500
2.680800	341.523513
2.682000	342.429256
2.683200	343.331723
2.684400	344.230912
2.685600	345.126819
2.686800	346.019440
2.688000	346.908771
2.689200	347.794809
2.690400	348.677550
2.691600	349.556990
2.692800	350.433126
2.694000	351.305955
2.695200	352.175472
2.696400	353.041674
2.697600	353.904558
2.698800	354.764119
2.700000	355.620355
2.701200	356.473263
2.702400	357.322837
2.703600	358.169076
2.704800	359.011976
2.706000	359.851534
2.707200	360.687745
2.708400	361.520607
2.709600	362.350116
2.710800	363.176270
2.712000	363.999064
2.713200	364.818496
2.714400	365.634562
2.715600	366.447260
2.716800	367.256585
2.718000	368.062535
2.719200	368.865107
2.720400	369.664298
2.721600	370.460103
2.722800	371.252521
2.724000	372.041549
2.725200	372.827182
2.726400	373.609419
2.727600	374.388256
2.728800	375.163690
2.730000	375.935719
2.731200	376.704339
2.732400	377.469547
2.733600	378.231341
2.734800	378.989718
2.736000	379.744674
2.737200	380.496208
2.738400	381.244316
2.739600	381.988995
2.740800	382.730243
2.742000	383.468057
2.743200	384.202435
2.744400	384.933373
2.745600	385.660868
2.746800	386.384920
2.748000	387.105523
2.749200	387.822677
2.750400	388.536378
2.751600	389.246624
2.752800	389.953413
2.754000	390.656741
2.755200	391.356607
2.756400	392.053007
2.757600	392.745940
2.758800	393.435403
2.760000	394.121394
2.761200	394.803910
2.762400	395.482948
2.763600	396.158507
2.764800	396.830585
2.766000	397.499178
2.767200	398.164285
2.768400	398.825903
2.769600	399.484030
2.770800	400.138664
2.772000	400.789803
2.773200	401.437445
2.774400	402.081586
2.775600	402.722227
2.776800	403.359363
2.778000	403.992993
2.779200	404.623116
2.780400	405.249728
2.781600	405.872829
2.782800	406.492415
2.784000	407.108486
2.785200	407.721039
2.786400	408.330071
2.787600	408.935582
2.788800	409.537570
2.790000	410.136032
2.791200	410.730967
2.792400	411.322372
2.793600	411.910247
2.794800	412.494589
2.796000	413.075396
2.797200	413.652668
2.798400	414.226401
2.799600	414.796595
2.800800	415.363248
2.802000	415.926358
2.803200	416.485923
2.804400	417.041943
2.805600	417.594414
2.806800	418.143337
2.808000	418.688708
2.809200	419.230528
2.810400	419.768794
2.811600	420.303504
2.812800	420.834658
2.814000	421.362254
2.815200	421.886291
2.816400	422.406767
2.817600	422.923680
2.818800	423.437030
2.820000	423.946815
2.821200	424.453035
2.822400	424.955686
2.823600	425.454769
2.824800	425.950283
2.826000	426.442225
2.827200	426.930595
2.828400	427.415392
2.829600	427.896614
2.830800	428.374261
2.832000	428.848331
2.833200	429.318823
2.834400	429.785736
2.835600	430.249069
2.836800	430.708822
2.838000	431.164993
2.839200	431.617581
2.840400	432.066585
2.841600	432.512005
2.842800	432.953839
2.844000	433.392087
2.845200	433.826747
2.846400	434.257820
2.847600	434.685303
2.848800	435.109197
2.850000	435.529501
2.851200	435.946213
2.852400	436.359334
2.853600	436.768862
2.854800	437.174796
2.856000	437.577137
2.857200	437.975883
2.858400	438.371035
2.859600	438.762590
2.860800	439.150549
2.862000	439.534912
2.863200	439.915677
2.864400	440.292844
2.865600	440.666413
2.866800	441.036383
2.868000	441.402754
2.869200	441.765525
2.870400	442.124696
2.871600	442.480267
2.872800	442.832238
2.874000	443.180607
2.875200	443.525375
2.876400	443.866541
2.877600	444.204105
2.878800	444.538068
2.880000	444.868428
2.881200	445.195185
2.882400	445.518340
2.883600	445.837892
2.884800	446.153841
2.886000	446.466187
2.887200	446.774930
2.888400	447.080069
2.889600	447.381606
2.890800	447.679539
2.892000	447.973868
2.893200	448.264595
2.894400	448.551718
2.895600	448.835239
2.896800	449.115156
2.898000	449.391470
2.899200	449.664182
2.900400	449.933291
2.901600	450.198797
2.902800	450.460701
2.904000	450.719003
2.905200	450.973704
2.906400	451.224802
2.907600	451.472300
2.908800	451.716197
2.910000	451.956493
2.911200	452.193188
2.912400	452.426284
2.913600	452.655781
2.914800	452.881678
2.916000	453.103976
2.917200	453.322677
2.918400	453.537779
2.919600	453.749285
2.920800	453.957194
2.922000	454.161506
2.923200	454.362223
2.924400	454.559345
2.925600	454.752873
2.926800	454.942807
2.928000	455.129147
2.929200	455.311896
2.930400	455.491052
2.931600	455.666618
2.932800	455.838593
2.934000	456.006978
2.935200	456.171775
2.936400	456.332984
2.937600	456.490606
2.938800	456.644641
2.940000	456.795091
2.941200	456.941957
2.942400	457.085238
2.943600	457.224937
2.944800	457.361054
2.946000	457.493591
2.947200	457.622547
2.948400	457.747925
2.949600	457.869725
2.950800	457.987948
2.952000	458.102596
2.953200	458.213669
2.954400	458.321168
2.955600	458.425096
2.956800	458.525452
2.958000	458.622238
2.959200	458.715455
2.960400	458.805105
2.961600	458.891189
2.962800	458.973707
2.964000	459.052662
2.965200	459.128054
2.966400	459.199885
2.967600	459.268157
2.968800	459.332869
2.970000	459.394025
2.971200	459.451626
2.972400	459.505672
2.973600	459.556165
2.974800	459.603108
2.976000	459.646500
2.977200	459.686344
2.978400	459.722642
2.979600	459.755394
2.980800	459.784603
2.982000	459.810269
2.983200	459.832396
2.984400	459.850983
2.985600	459.866034
2.986800	459.877549
2.988000	459.885531
2.989200	459.889980
2.990400	459.890899
2.991600	459.888290
2.992800	459.882154
2.994000	459.872493
2.995200	459.859310
2.996400	459.842605
2.997600	459.822380
2.998800	459.798638
3.000000	459.771381
3.001200	459.740610
3.002400	459.706327
3.003600	459.668534
3.004800	459.627234
3.006000	459.582428
3.007200	459.534118
3.008400	459.482307
3.009600	459.426996
3.010800	459.368187
3.012000	459.305884
3.013200	459.240086
3.014400	459.170798
3.015600	459.098021
3.016800	459.021757
3.018000	458.942008
3.019200	458.858777
3.020400	458.772066
3.021600	458.681877
3.022800	458.588213
3.024000	458.491075
3.025200	458.390467
3.026400	458.286389
3.027600	458.178846
3.028800	458.067839
3.030000	457.953371
3.031200	457.835443
3.032400	457.714059
3.033600	457.589221
3.034800	457.460932
3.036000	457.329193
3.037200	457.194008
3.038400	457.055379
3.039600	456.913308
3.040800	456.767799
3.042000	456.618853
3.043200	456.466474
3.044400	456.310664
3.045600	456.151425
3.046800	455.988761
3.048000	455.822674
3.049200	455.653167
3.050400	455.480242
3.051600	455.303903
3.052800	455.124151
3.054000	454.940991
3.055200	454.754424
3.056400	454.564454
3.057600	454.371083
3.058800	454.174315
3.060000	453.974151
3.061200	453.770596
3.062400	453.563652
3.063600	453.353322
3.064800	453.139608
3.066000	452.922515
3.067200	452.702045
3.068400	452.478200
3.069600	452.250985
3.070800	452.020401
3.072000	451.786453
3.073200	451.549143
3.074400	451.308475
3.075600	451.064451
3.076800	450.817075
3.078000	450.566349
3.079200	450.312278
3.080400	450.054864
3.081600	449.794111
3.082800	449.530021
3.084000	449.262599
3.085200	448.991847
3.086400	448.717768
3.087600	448.440367
3.088800	448.159646
3.090000	447.875609
3.091200	447.588258
3.092400	447.297599
3.093600	447.003633
3.094800	446.706365
3.096000	446.405797
3.097200	446.101934
3.098400	445.794779
3.099600	445.484335
3.100800	445.170605
3.102000	444.853595
3.103200	444.533306
3.104400	444.209743
3.105600	443.882909
3.106800	443.552808
3.108000	443.219443
3.109200	442.882818
3.110400	442.542937
3.111600	442.199804
3.112800	441.853422
3.114000	441.503795
3.115200	441.150926
3.116400	440.794820
3.117600	440.435480
3.118800	440.072910
3.120000	439.707114
3.121200	439.338096
3.122400	438.965859
3.123600	438.590408
3.124800	438.211746
3.126000	437.829878
3.127200	437.444806
3.128400	437.056536
3.129600	436.665070
3.130800	436.270414
3.132000	435.872571
3.133200	435.471544
3.134400	435.067339
3.135600	434.659959
3.136800	434.249409
3.138000	433.835691
3.139200	433.418811
3.140400	432.998773
3.141600	432.575580
3.142800	432.149237
3.144000	431.719748
3.145200	431.287117
3.146400	430.851348
3.147600	430.412447
3.148800	429.970415
3.150000	429.525259
3.151200	429.076983
3.152400	428.625590
3.153600	428.171085
3.154800	427.713472
3.156000	427.252756
3.157200	426.788941
3.158400	426.322031
3.159600	425.852031
3.160800	425.378946
3.162000	424.902778
3.163200	424.423534
3.164400	423.941218
3.165600	423.455833
3.166800	422.967384
3.168000	422.475877
3.169200	421.981315
3.170400	421.483703
3.171600	420.983046
3.172800	420.479348
3.174000	419.972614
3.175200	419.462848
3.176400	418.950054
3.177600	418.434239
3.178800	417.915406
3.180000	417.393559
3.181200	416.868705
3.182400	416.340846
3.183600	415.809989
3.184800	415.276137
3.186000	414.739296
3.187200	414.199470
3.188400	413.656665
3.189600	413.110884
3.190800	412.562133
3.192000	412.010416
3.193200	411.455738
3.194400	410.898105
3.195600	410.337521
3.196800	409.773991
3.198000	409.207520
3.199200	408.638112
3.200400	408.065774
3.201600	407.490509
3.202800	406.912322
3.204000	406.331220
3.205200	405.747206
3.206400	405.160285
3.207600	404.570464
3.208800	403.977746
3.210000	403.382137
3.211200	402.783642
3.212400	402.182265
3.213600	401.578013
3.214800	400.970890
3.216000	400.360902
3.217200	399.748053
3.218400	399.132348
3.219600	398.513793
3.220800	397.892394
3.222000	397.268154
3.223200	396.641081
3.224400	396.011177
3.225600	395.378450
3.226800	394.742904
3.228000	394.104545
3.229200	393.463377
3.230400	392.819407
3.231600	392.172639
3.232800	391.523078
3.234000	390.870731
3.235200	390.215603
3.236400	389.557698
3.237600	388.897023
3.238800	388.233582
3.240000	387.567382
3.241200	386.898427
3.242400	386.226724
3.243600	385.552276
3.244800	384.875091
3.246000	384.195174
3.247200	383.512529
3.248400	382.827163
3.249600	382.139081
3.250800	381.448289
3.252000	380.754792
3.253200	380.058596
3.254400	379.359706
3.255600	378.658128
3.256800	377.953868
3.258000	377.246931
3.259200	376.537323
3.260400	375.825050
3.261600	375.110117
3.262800	374.392530
3.264000	373.672294
3.265200	372.949416
3.266400	372.223901
3.267600	371.495755
3.268800	370.764984
3.270000	370.031593
3.271200	369.295588
3.272400	368.556975
3.273600	367.815760
3.274800	367.071949
3.276000	366.325547
3.277200	365.576560
3.278400	364.824994
3.279600	364.070856
3.280800	363.314150
3.282000	362.554884
3.283200	361.793062
3.284400	361.028690
3.285600	360.261776
3.286800	359.492324
3.288000	358.720340
3.289200	357.945831
3.290400	357.168802
3.291600	356.389260
3.292800	355.607211
3.294000	354.822660
3.295200	354.035613
3.296400	353.246077
3.297600	352.454058
3.298800	351.659562
3.300000	350.862595
3.301200	350.063162
3.302400	349.261271
3.303600	348.456927
3.304800	347.650136
3.306000	346.840905
3.307200	346.029239
3.308400	345.215145
3.309600	344.398629
3.310800	343.579697
3.312000	342.758356
3.313200	341.934612
3.314400	341.108470
3.315600	340.279937
3.316800	339.449020
3.318000	338.615724
3.319200	337.780057
3.320400	336.942023
3.321600	336.101630
3.322800	335.258884
3.324000	334.413791
3.325200	333.566357
3.326400	332.716590
3.327600	331.864494
3.328800	331.010077
3.330000	330.153345
3.331200	329.294304
3.332400	328.432961
3.333600	327.569322
3.334800	326.703393
3.336000	325.835182
3.337200	324.964694
3.338400	324.091936
3.339600	323.216914
3.340800	322.339635
3.342000	321.460105
3.343200	320.578331
3.344400	319.694319
3.345600	318.808077
3.346800	317.919609
3.348000	317.028924
3.349200	316.136027
3.350400	315.240925
3.351600	314.343624
3.352800	313.444132
3.354000	312.542454
3.355200	311.638598
3.356400	310.732570
3.357600	309.824376
3.358800	308.914024
3.360000	308.001519
3.361200	307.086869
3.362400	306.170081
3.363600	305.251160
3.364800	304.330113
3.366000	303.406948
3.367200	302.481671
3.368400	301.554288
3.369600	300.624807
3.370800	299.693234
3.372000	298.759575
3.373200	297.823838
3.374400	296.886030
3.375600	295.946156
3.376800	295.004225
3.378000	294.060242
3.379200	293.114214
3.380400	292.166149
3.381600	291.216053
3.382800	290.263933
3.384000	289.309795
3.385200	288.353647
3.386400	287.395496
3.387600	286.435348
3.388800	285.473209
3.390000	284.509088
3.391200	283.542991
3.392400	282.574925
3.393600	281.604896
3.394800	280.632912
3.396000	279.658979
3.397200	278.683105
3.398400	277.705296
3.399600	276.725560
3.400800	275.743902
3.402000	274.760332
3.403200	273.774854
3.404400	272.787476
3.405600	271.798206
3.406800	270.807050
3.408000	269.814015
3.409200	268.819108
3.410400	267.822336
3.411600	266.823707
3.412800	265.823227
3.414000	264.820903
3.415200	263.816743
3.416400	262.810753
3.417600	261.802940
3.418800	260.793312
3.420000	259.781876
3.421200	258.768638
3.422400	257.753606
3.423600	256.736788
3.424800	255.718189
3.426000	254.697817
3.427200	253.675680
3.428400	252.651784
3.429600	251.626136
3.430800	250.598745
3.432000	249.569616
3.433200	248.538757
3.434400	247.506176
3.435600	246.471878
3.436800	245.435873
3.438000	244.398166
3.439200	243.358765
3.440400	242.317677
3.441600	241.274909
3.442800	240.230469
3.444000	239.184364
3.445200	238.136601
3.446400	237.087187
3.447600	236.036130
3.448800	234.983436
3.450000	233.929114
3.451200	232.873169
3.452400	231.815611
3.453600	230.756445
3.454800	229.695679
3.456000	228.633321
3.457200	227.569377
3.458400	226.503855
3.459600	225.436763
3.460800	224.368107
3.462000	223.297895
3.463200	222.226135
3.464400	221.152833
3.465600	220.077996
3.466800	219.001634
3.468000	217.923751
3.469200	216.844357
3.470400	215.763458
3.471600	214.681062
3.472800	213.597176
3.474000	212.511807
3.475200	211.424963
3.476400	210.336652
3.477600	209.246880
3.478800	208.155655
3.480000	207.062984
3.481200	205.968875
3.482400	204.873335
3.483600	203.776372
3.484800	202.677994
3.486000	201.578206
3.487200	200.477018
3.488400	199.374436
3.489600	198.270467
3.490800	197.165120
3.492000	196.058402
3.493200	194.950320
3.494400	193.840881
3.495600	192.730094
3.496800	191.617965
3.498000	190.504502
3.499200	189.389713
3.500400	188.273605
3.501600	187.156185
3.502800	186.037461
3.504000	184.917441
3.505200	183.796132
3.506400	182.673541
3.507600	181.549676
3.508800	180.424545
3.510000	179.298155
3.511200	178.170514
3.512400	177.041628
3.513600	175.911506
3.514800	174.780156
3.516000	173.647584
3.517200	172.513798
3.518400	171.378806
3.519600	170.242616
3.520800	169.105234
3.522000	167.966669
3.523200	166.826928
3.524400	165.686018
3.525600	164.543948
3.526800	163.400724
3.528000	162.256355
3.529200	161.110847
3.530400	159.964209
3.531600	158.816448
3.532800	157.667572
3.534000	156.517588
3.535200	155.366503
3.536400	154.214326
3.537600	153.061064
3.538800	151.906725
3.540000	150.751316
3.541200	149.594844
3.542400	148.437318
3.543600	147.278746
3.544800	146.119133
3.546000	144.958489
3.547200	143.796821
3.548400	142.634137
3.549600	141.470443
3.550800	140.305749
3.552000	139.140061
3.553200	137.973387
3.554400	136.805734
3.555600	135.637111
3.556800	134.467525
3.558000	133.296983
3.559200	132.125494
3.560400	130.953064
3.561600	129.779702
3.562800	128.605416
3.564000	127.430212
3.565200	126.254098
3.566400	125.077083
3.567600	123.899173
3.568800	122.720377
3.570000	121.540702
3.571200	120.360156
3.572400	119.178746
3.573600	117.996481
3.574800	116.813367
3.576000	115.629413
3.577200	114.444625
3.578400	113.259013
3.579600	112.072583
3.580800	110.885343
3.582000	109.697301
3.583200	108.508464
3.584400	107.318841
3.585600	106.128438
3.586800	104.937264
3.588000	103.745327
3.589200	102.552633
3.590400	101.359190
3.591600	100.165007
3.592800	98.970091
3.594000	97.774449
3.595200	96.578090
3.596400	95.381020
3.597600	94.183248
3.598800	92.984782
3.600000	91.785629
3.601200	90.585796
3.602400	89.385292
3.603600	88.184123
3.604800	86.982299
3.606000	85.779826
3.607200	84.576712
3.608400	83.372965
3.609600	82.168593
3.610800	80.963603
3.612000	79.758002
3.613200	78.551800
3.614400	77.345002
3.615600	76.137618
3.616800	74.929654
3.618000	73.721119
3.619200	72.512019
3.620400	71.302364
3.621600	70.092159
3.622800	68.881414
3.624000	67.670136
3.625200	66.458332
3.626400	65.246010
3.627600	64.033178
3.628800	62.819843
3.630000	61.606014
3.631200	60.391697
3.632400	59.176902
3.633600	57.961634
3.634800	56.745902
3.636000	55.529714
3.637200	54.313077
3.638400	53.095999
3.639600	51.878488
3.640800	50.660551
3.642000	49.442195
3.643200	48.223430
3.644400	47.004262
3.645600	45.784699
3.646800	44.564748
3.648000	43.344418
3.649200	42.123715
3.650400	40.902648
3.651600	39.681225
3.652800	38.459452
3.654000	37.237339
3.655200	36.014891
3.656400	34.792117
3.657600	33.569025
3.658800	32.345622
3.660000	31.121916
3.661200	29.897914
3.662400	28.673625
3.663600	27.449055
3.664800	26.224213
3.666000	24.999105
3.667200	23.773741
3.668400	22.548127
3.669600	21.322270
3.670800	20.096180
3.672000	18.869862
3.673200	17.643326
3.674400	16.416578
3.675600	15.189626
3.676800	13.962477
3.678000	12.735140
3.679200	11.507622
3.680400	10.279930
3.681600	9.052073
3.682800	7.824057
3.684000	6.595891
3.685200	5.367582
3.686400	4.139137
3.687600	2.910564
3.688800	1.681871
3.690000	0.453065
3.691200	0.775846
3.692400	2.004854
3.693600	3.233953
3.694800	4.463134
3.696000	5.692389
3.697200	6.921712
3.698400	8.151095
3.699600	9.380529
3.700800	10.610009
3.702000	11.839525
3.703200	13.069071
3.704400	14.298639
3.705600	15.528221
3.706800	16.757810
3.708000	17.987398
3.709200	19.216979
3.710400	20.446543
3.711600	21.676084
3.712800	22.905595
3.714000	24.135067
3.715200	25.364493
3.716400	26.593866
3.717600	27.823179
3.718800	29.052423
3.720000	30.281591
3.721200	31.510676
3.722400	32.739670
3.723600	33.968566
3.724800	35.197356
3.726000	36.426033
3.727200	37.654590
3.728400	38.883018
3.729600	40.111311
3.730800	41.339460
3.732000	42.567459
3.733200	43.795301
3.734400	45.022977
3.735600	46.250480
3.736800	47.477802
3.738000	48.704938
3.739200	49.931878
3.740400	51.158615
3.741600	52.385143
3.742800	53.611454
3.744000	54.837539
3.745200	56.063393
3.746400	57.289007
3.747600	58.514374
3.748800	59.739487
3.750000	60.964339
3.751200	62.188921
3.752400	63.413227
3.753600	64.637250
3.754800	65.860981
3.756000	67.084414
3.757200	68.307541
3.758400	69.530355
3.759600	70.752848
3.760800	71.975014
3.762000	73.196845
3.763200	74.418333
3.764400	75.639472
3.765600	76.860254
3.766800	78.080671
3.768000	79.300717
3.769200	80.520384
3.770400	81.739665
3.771600	82.958552
3.772800	84.177039
3.774000	85.395118
3.775200	86.612781
3.776400	87.830023
3.777600	89.046834
3.778800	90.263209
3.780000	91.479139
3.781200	92.694619
3.782400	93.909639
3.783600	95.124194
3.784800	96.338276
3.786000	97.551878
3.787200	98.764992
3.788400	99.977612
3.789600	101.189730
3.790800	102.401339
3.792000	103.612433
3.793200	104.823003
3.794400	106.033042
3.795600	107.242544
3.796800	108.451502
3.798000	109.659908
3.799200	110.867755
3.800400	112.075036
3.801600	113.281744
3.802800	114.487871
3.804000	115.693412
3.805200	116.898358
3.806400	118.102703
3.807600	119.306439
3.808800	120.509559
3.810000	121.712057
3.811200	122.913926
3.812400	124.115157
3.813600	125.315745
3.814800	126.515682
3.816000	127.714961
3.817200	128.913576
3.818400	130.111519
3.819600	131.308783
3.820800	132.505361
3.822000	133.701246
3.823200	134.896432
3.824400	136.090911
3.825600	137.284676
3.826800	138.477721
3.828000	139.670038
3.829200	140.861621
3.830400	142.052463
3.831600	143.242556
3.832800	144.431894
3.834000	145.620470
3.835200	146.808277
3.836400	147.995308
3.837600	149.181556
3.838800	150.367015
3.840000	151.551677
3.841200	152.735536
3.842400	153.918585
3.843600	155.100816
3.844800	156.282224
3.846000	157.462802
3.847200	158.642542
3.848400	159.821437
3.849600	160.999482
3.850800	162.176669
3.852000	163.352992
3.853200	164.528443
3.854400	165.703016
3.855600	166.876704
3.856800	168.049501
3.858000	169.221399
3.859200	170.392393
3.860400	171.562474
3.861600	172.731638
3.862800	173.899876
3.864000	175.067183
3.865200	176.233551
3.866400	177.398974
3.867600	178.563445
3.868800	179.726958
3.870000	180.889506
3.871200	182.051082
3.872400	183.211680
3.873600	184.371293
3.874800	185.529914
3.876000	186.687538
3.877200	187.844157
3.878400	188.999765
3.879600	190.154355
3.880800	191.307920
3.882000	192.460455
3.883200	193.611952
3.884400	194.762406
3.885600	195.911809
3.886800	197.060156
3.888000	198.207438
3.889200	199.353651
3.890400	200.498788
3.891600	201.642842
3.892800	202.785807
3.894000	203.927676
3.895200	205.068443
3.896400	206.208101
3.897600	207.346644
3.898800	208.484067
3.900000	209.620361
3.901200	210.755521
3.902400	211.889541
3.903600	213.022414
3.904800	214.154134
3.906000	215.284694
3.907200	216.414088
3.908400	217.542311
3.909600	218.669355
3.910800	219.795214
3.912000	220.919882
3.913200	222.043353
3.914400	223.165620
3.915600	224.286677
3.916800	225.406519
3.918000	226.525138
3.919200	227.642528
3.920400	228.758684
3.921600	229.873599
3.922800	230.987267
3.924000	232.099681
3.925200	233.210836
3.926400	234.320726
3.927600	235.429344
3.928800	236.536684
3.930000	237.642739
3.931200	238.747505
3.932400	239.850975
3.933600	240.953142
3.934800	242.054001
3.936000	243.153546
3.937200	244.251770
3.938400	245.348667
3.939600	246.444232
3.940800	247.538459
3.942000	248.631341
3.943200	249.722872
3.944400	250.813047
3.945600	251.901859
3.946800	252.989303
3.948000	254.075372
3.949200	255.160061
3.950400	256.243363
3.951600	257.325274
3.952800	258.405786
3.954000	259.484894
3.955200	260.562593
3.956400	261.638875
3.957600	262.713736
3.958800	263.787170
3.960000	264.859170
3.961200	265.929731
3.962400	266.998847
3.963600	268.066513
3.964800	269.132722
3.966000	270.197468
3.967200	271.260747
3.968400	272.322552
3.969600	273.382877
3.970800	274.441717
3.972000	275.499067
3.973200	276.554919
3.974400	277.609269
3.975600	278.662112
3.976800	279.713440
3.978000	280.763249
3.979200	281.811533
3.980400	282.858287
3.981600	283.903505
3.982800	284.947180
3.984000	285.989309
3.985200	287.029884
3.986400	288.068901
3.987600	289.106354
3.988800	290.142237
3.990000	291.176545
3.991200	292.209272
3.992400	293.240413
3.993600	294.269963
3.994800	295.297915
3.996000	296.324265
3.997200	297.349007
3.998400	298.372136
3.999600	299.393645
4.000800	300.413531
4.002000	301.431786
4.003200	302.448407
4.004400	303.463387
4.005600	304.476722
4.006800	305.488405
4.008000	306.498432
4.009200	307.506797
4.010400	308.513495
4.011600	309.518521
4.012800	310.521869
4.014000	311.523534
4.015200	312.523511
4.016400	313.521794
4.017600	314.518379
4.018800	315.513260
4.020000	316.506432
4.021200	317.497890
4.022400	318.487629
4.023600	319.475642
4.024800	320.461927
4.026000	321.446476
4.027200	322.429285
4.028400	323.410350
4.029600	324.389664
4.030800	325.367223
4.032000	326.343022
4.033200	327.317055
4.034400	328.289318
4.035600	329.259806
4.036800	330.228513
4.038000	331.195435
4.039200	332.160566
4.040400	333.123902
4.041600	334.085438
4.042800	335.045169
4.044000	336.003089
4.045200	336.959194
4.046400	337.913480
4.047600	338.865940
4.048800	339.816571
4.050000	340.765367
4.051200	341.712324
4.052400	342.657437
4.053600	343.600700
4.054800	344.542110
4.056000	345.481661
4.057200	346.419348
4.058400	347.355168
4.059600	348.289114
4.060800	349.221183
4.062000	350.151369
4.063200	351.079669
4.064400	352.006076
4.065600	352.930587
4.066800	353.853197
4.068000	354.773902
4.069200	355.692696
4.070400	356.609575
4.071600	357.524534
4.072800	358.437569
4.074000	359.348676
4.075200	360.257849
4.076400	361.165084
4.077600	362.070377
4.078800	362.973724
4.080000	363.875118
4.081200	364.774557
4.082400	365.672036
4.083600	366.567550
4.084800	367.461094
4.086000	368.352665
4.087200	369.242258
4.088400	370.129868
4.089600	371.015492
4.090800	371.899124
4.092000	372.780761
4.093200	373.660398
4.094400	374.538031
4.095600	375.413655
4.096800	376.287266
4.098000	377.158860
4.099200	378.028433
4.100400	378.895981
4.101600	379.761498
4.102800	380.624981
4.104000	381.486426
4.105200	382.345829
4.106400	383.203185
4.107600	384.058490
4.108800	384.911741
4.110000	385.762932
4.111200	386.612060
4.112400	387.459121
4.113600	388.304110
4.114800	389.147024
4.116000	389.987859
4.117200	390.826610
4.118400	391.663273
4.119600	392.497845
4.120800	393.330321
4.122000	394.160698
4.123200	394.988972
4.124400	395.815138
4.125600	396.639192
4.126800	397.461132
4.128000	398.280952
4.129200	399.098649
4.130400	399.914219
4.131600	400.727659
4.132800	401.538964
4.134000	402.348130
4.135200	403.155154
4.136400	403.960033
4.137600	404.762761
4.138800	405.563336
4.140000	406.361753
4.141200	407.158009
4.142400	407.952101
4.143600	408.744024
4.144800	409.533775
4.146000	410.321350
4.147200	411.106746
4.148400	411.889959
4.149600	412.670984
4.150800	413.449820
4.152000	414.226462
4.153200	415.000906
4.154400	415.773149
4.155600	416.543187
4.156800	417.311017
4.158000	418.076636
4.159200	418.840040
4.160400	419.601224
4.161600	420.360187
4.162800	421.116925
4.164000	421.871433
4.165200	422.623709
4.166400	423.373749
4.167600	424.121550
4.168800	424.867108
4.170000	425.610421
4.171200	426.351484
4.172400	427.090295
4.173600	427.826850
4.174800	428.561146
4.176000	429.293179
4.177200	430.022947
4.178400	430.750446
4.179600	431.475672
4.180800	432.198623
4.182000	432.919296
4.183200	433.637687
4.184400	434.353793
4.185600	435.067611
4.186800	435.779138
4.188000	436.488371
4.189200	437.195306
4.190400	437.899941
4.191600	438.602272
4.192800	439.302297
4.194000	440.000012
4.195200	440.695414
4.196400	441.388501
4.197600	442.079270
4.198800	442.767716
4.200000	443.453838
4.201200	444.137633
4.202400	444.819097
4.203600	445.498228
4.204800	446.175023
4.206000	446.849479
4.207200	447.521593
4.208400	448.191362
4.209600	448.858783
4.210800	449.523854
4.212000	450.186572
4.213200	450.846935
4.214400	451.504938
4.215600	452.160580
4.216800	452.813858
4.218000	453.464769
4.219200	454.113310
4.220400	454.759479
4.221600	455.403273
4.222800	456.044690
4.224000	456.683727
4.225200	457.320380
4.226400	457.954649
4.227600	458.586529
4.228800	459.216019
4.230000	459.843116
4.231200	460.467817
4.232400	461.090120
4.233600	461.710023
4.234800	462.327523
4.236000	462.942617
4.237200	463.555303
4.238400	464.165578
4.239600	464.773441
4.240800	465.378889
4.242000	465.981919
4.243200	466.582529
4.244400	467.180717
4.245600	467.776480
4.246800	468.369816
4.248000	468.960723
4.249200	469.549198
4.250400	470.135240
4.251600	470.718846
4.252800	471.300013
4.254000	471.878740
4.255200	472.455024
4.256400	473.028863
4.257600	473.600256
4.258800	474.169199
4.260000	474.735690
4.261200	475.299729
4.262400	475.861312
4.263600	476.420437
4.264800	476.977103
4.266000	477.531306
4.267200	478.083047
4.268400	478.632321
4.269600	479.179128
4.270800	479.723464
4.272000	480.265330
4.273200	480.804721
4.274400	481.341637
4.275600	481.876075
4.276800	482.408034
4.278000	482.937512
4.279200	483.464507
4.280400	483.989016
4.281600	484.511039
4.282800	485.030573
4.284000	485.547617
4.285200	486.062168
4.286400	486.574225
4.287600	487.083787
4.288800	487.590851
4.290000	488.095416
4.291200	488.597480
4.292400	489.097042
4.293600	489.594099
4.294800	490.088651
4.296000	490.580694
4.297200	491.070229
4.298400	491.557253
4.299600	492.041765
4.300800	492.523763
4.302000	493.003245
4.303200	493.480211
4.304400	493.954658
4.305600	494.426585
4.306800	494.895990
4.308000	495.362873
4.309200	495.827231
4.310400	496.289064
4.311600	496.748369
4.312800	497.205146
4.314000	497.659393
4.315200	498.111108
4.316400	498.560291
4.317600	499.006939
4.318800	499.451053
4.320000	499.892629
4.321200	500.331668
4.322400	500.768168
4.323600	501.202127
4.324800	501.633544
4.326000	502.062419
4.327200	502.488750
4.328400	502.912535
4.329600	503.333774
4.330800	503.752465
4.332000	504.168608
4.333200	504.582201
4.334400	504.993242
4.335600	505.401732
4.336800	505.807669
4.338000	506.211052
4.339200	506.611880
4.340400	507.010151
4.341600	507.405866
4.342800	507.799022
4.344000	508.189619
4.345200	508.577657
4.346400	508.963133
4.347600	509.346048
4.348800	509.726399
4.350000	510.104187
4.351200	510.479411
4.352400	510.852069
4.353600	511.222161
4.354800	511.589686
4.356000	511.954644
4.357200	512.317032
4.358400	512.676852
4.359600	513.034101
4.360800	513.388780
4.362000	513.740887
4.363200	514.090422
4.364400	514.437384
4.365600	514.781772
4.366800	515.123586
4.368000	515.462826
4.369200	515.799490
4.370400	516.133578
4.371600	516.465089
4.372800	516.794024
4.374000	517.120380
4.375200	517.444158
4.376400	517.765358
4.377600	518.083978
4.378800	518.400019
4.380000	518.713479
4.381200	519.024359
4.382400	519.332658
4.383600	519.638375
4.384800	519.941510
4.386000	520.242063
4.387200	520.540033
4.388400	520.835421
4.389600	521.128225
4.390800	521.418446
4.392000	521.706082
4.393200	521.991135
4.394400	522.273603
4.395600	522.553486
4.396800	522.830784
4.398000	523.105498
4.399200	523.377626
4.400400	523.647168
4.401600	523.914125
4.402800	524.178495
4.404000	524.440280
4.405200	524.699479
4.406400	524.956092
4.407600	525.210118
4.408800	525.461558
4.410000	525.710412
4.411200	525.956679
4.412400	526.200360
4.413600	526.441454
4.414800	526.679962
4.416000	526.915884
4.417200	527.149219
4.418400	527.379968
4.419600	527.608130
4.420800	527.833707
4.422000	528.056698
4.423200	528.277103
4.424400	528.494922
4.425600	528.710155
4.426800	528.922804
4.428000	529.132867
4.429200	529.340345
4.430400	529.545238
4.431600	529.747547
4.432800	529.947272
4.434000	530.144413
4.435200	530.338970
4.436400	530.530944
4.437600	530.720334
4.438800	530.907143
4.440000	531.091368
4.441200	531.273012
4.442400	531.452075
4.443600	531.628556
4.444800	531.802456
4.446000	531.973777
4.447200	532.142517
4.448400	532.308678
4.449600	532.472260
4.450800	532.633264
4.452000	532.791690
4.453200	532.947539
4.454400	533.100811
4.455600	533.251507
4.456800	533.399627
4.458000	533.545172
4.459200	533.688143
4.460400	533.828540
4.461600	533.966364
4.462800	534.101615
4.464000	534.234295
4.465200	534.364404
4.466400	534.491942
4.467600	534.616911
4.468800	534.739311
4.470000	534.859143
4.471200	534.976407
4.472400	535.091105
4.473600	535.203237
4.474800	535.312804
4.476000	535.419808
4.477200	535.524247
4.478400	535.626125
4.479600	535.725441
4.480800	535.822197
4.482000	535.916393
4.483200	536.008030
4.484400	536.097109
4.485600	536.183632
4.486800	536.267599
4.488000	536.349011
4.489200	536.427869
4.490400	536.504174
4.491600	536.577928
4.492800	536.649131
4.494000	536.717784
4.495200	536.783889
4.496400	536.847447
4.497600	536.908458
4.498800	536.966924
4.500000	537.022846
4.501200	537.076225
4.502400	537.127063
4.503600	537.175360
4.504800	537.221118
4.506000	537.264338
4.507200	537.305021
4.508400	537.343169
4.509600	537.378783
4.510800	537.411863
4.512000	537.442413
4.513200	537.470431
4.514400	537.495921
4.515600	537.518883
4.516800	537.539319
4.518000	537.557230
4.519200	537.572618
4.520400	537.585484
4.521600	537.595829
4.522800	537.603655
4.524000	537.608963
4.525200	537.611755
4.526400	537.612033
4.527600	537.609797
4.528800	537.605049
4.530000	537.597792
4.531200	537.588025
4.532400	537.575752
4.533600	537.560973
4.534800	537.543691
4.536000	537.523906
4.537200	537.501620
4.538400	537.476836
4.539600	537.449554
4.540800	537.419777
4.542000	537.387505
4.543200	537.352742
4.544400	537.315488
4.545600	537.275745
4.546800	537.233515
4.548000	537.188799
4.549200	537.141601
4.550400	537.091920
4.551600	537.039760
4.552800	536.985121
4.554000	536.928006
4.555200	536.868417
4.556400	536.806355
4.557600	536.741823
4.558800	536.674821
4.560000	536.605353
4.561200	536.533420
4.562400	536.459024
4.563600	536.382167
4.564800	536.302851
4.566000	536.221078
4.567200	536.136849
4.568400	536.050168
4.569600	535.961035
4.570800	535.869454
4.572000	535.775425
4.573200	535.678952
4.574400	535.580035
4.575600	535.478678
4.576800	535.374883
4.578000	535.268651
4.579200	535.159984
4.580400	535.048886
4.581600	534.935357
4.582800	534.819401
4.584000	534.701019
4.585200	534.580213
4.586400	534.456987
4.587600	534.331341
4.588800	534.203279
4.590000	534.072802
4.591200	533.939913
4.592400	533.804614
4.593600	533.666908
4.594800	533.526796
4.596000	533.384282
4.597200	533.239367
4.598400	533.092054
4.599600	532.942345
4.600800	532.790243
4.602000	532.635750
4.603200	532.478869
4.604400	532.319601
4.605600	532.157949
4.606800	531.993917
4.608000	531.827506
4.609200	531.658718
4.610400	531.487557
4.611600	531.314024
4.612800	531.138123
4.614000	530.959856
4.615200	530.779226
4.616400	530.596234
4.617600	530.410884
4.618800	530.223178
4.620000	530.033119
4.621200	529.840709
4.622400	529.645952
4.623600	529.448849
4.624800	529.249404
4.626000	529.047619
4.627200	528.843497
4.628400	528.637040
4.629600	528.428251
4.630800	528.217134
4.632000	528.003690
4.633200	527.787923
4.634400	527.569835
4.635600	527.349428
4.636800	527.126707
4.638000	526.901674
4.639200	526.674331
4.640400	526.444681
4.641600	526.212728
4.642800	525.978473
4.644000	525.741921
4.645200	525.503073
4.646400	525.261934
4.647600	525.018504
4.648800	524.772789
4.650000	524.524790
4.651200	524.274510
4.652400	524.021953
4.653600	523.767122
4.654800	523.510019
4.656000	523.250647
4.657200	522.989010
4.658400	522.725111
4.659600	522.458952
4.660800	522.190536
4.662000	521.919868
4.663200	521.646949
4.664400	521.371783
4.665600	521.094373
4.666800	520.814723
4.668000	520.532834
4.669200	520.248711
4.670400	519.962357
4.671600	519.673774
4.672800	519.382966
4.674000	519.089937
4.675200	518.794689
4.676400	518.497225
4.677600	518.197549
4.678800	517.895665
4.680000	517.591574
4.681200	517.285282
4.682400	516.976790
4.683600	516.666102
4.684800	516.353222
4.686000	516.038153
4.687200	515.720898
4.688400	515.401460
4.689600	515.079843
4.690800	514.756051
4.692000	514.430086
4.693200	514.101952
4.694400	513.771652
4.695600	513.439191
4.696800	513.104570
4.698000	512.767794
4.699200	512.428867
4.700400	512.087791
4.701600	511.744570
4.702800	511.399208
4.704000	511.051707
4.705200	510.702073
4.706400	510.350307
4.707600	509.996414
4.708800	509.640398
4.710000	509.282261
4.711200	508.922007
4.712400	508.559641
4.713600	508.195165
4.714800	507.828583
4.716000	507.459898
4.717200	507.089115
4.718400	506.716237
4.719600	506.341268
4.720800	505.964211
4.722000	505.585070
4.723200	505.203848
4.724400	504.820550
4.725600	504.435179
4.726800	504.047739
4.728000	503.658233
4.729200	503.266665
4.730400	502.873040
4.731600	502.477360
4.732800	502.079630
4.734000	501.679853
4.735200	501.278033
4.736400	500.874174
4.737600	500.468279
4.738800	500.060353
4.740000	499.650400
4.741200	499.238423
4.742400	498.824425
4.743600	498.408412
4.744800	497.990387
4.746000	497.570353
4.747200	497.148315
4.748400	496.724277
4.749600	496.298241
4.750800	495.870214
4.752000	495.440197
4.753200	495.008196
4.754400	494.574214
4.755600	494.138256
4.756800	493.700324
4.758000	493.260424
4.759200	492.818559
4.760400	492.374733
4.761600	491.928950
4.762800	491.481215
4.764000	491.031531
4.765200	490.579902
4.766400	490.126333
4.767600	489.670827
4.768800	489.213389
4.770000	488.754022
4.771200	488.292732
4.772400	487.829521
4.773600	487.364394
4.774800	486.897356
4.776000	486.428410
4.777200	485.957560
4.778400	485.484811
4.779600	485.010167
4.780800	484.533631
4.782000	484.055209
4.783200	483.574905
4.784400	483.092722
4.785600	482.608664
4.786800	482.122737
4.788000	481.634945
4.789200	481.145290
4.790400	480.653779
4.791600	480.160414
4.792800	479.665201
4.794000	479.168144
4.795200	478.669247
4.796400	478.168513
4.797600	477.665949
4.798800	477.161557
4.800000	476.655343
4.801200	476.147310
4.802400	475.637463
4.803600	475.125806
4.804800	474.612345
4.806000	474.097082
4.807200	473.580022
4.808400	473.061171
4.809600	472.540531
4.810800	472.018108
4.812000	471.493907
4.813200	470.967931
4.814400	470.440184
4.815600	469.910673
4.816800	469.379400
4.818000	468.846370
4.819200	468.311588
4.820400	467.775059
4.821600	467.236786
4.822800	466.696775
4.824000	466.155029
4.825200	465.611554
4.826400	465.066353
4.827600	464.519432
4.828800	463.970795
4.830000	463.420446
4.831200	462.868391
4.832400	462.314633
4.833600	461.759177
4.834800	461.202028
4.836000	460.643190
4.837200	460.082668
4.838400	459.520467
4.839600	458.956591
4.840800	458.391045
4.842000	457.823833
4.843200	457.254960
4.844400	456.684431
4.845600	456.112251
4.846800	455.538423
4.848000	454.962954
4.849200	454.385846
4.850400	453.807106
4.851600	453.226738
4.852800	452.644746
4.854000	452.061135
4.855200	451.475910
4.856400	450.889076
4.857600	450.300637
4.858800	449.710599
4.860000	449.118965
4.861200	448.525741
4.862400	447.930931
4.863600	447.334541
4.864800	446.736574
4.866000	446.137036
4.867200	445.535932
4.868400	444.933266
4.869600	444.329043
4.870800	443.723268
4.872000	443.115946
4.873200	442.507081
4.874400	441.896679
4.875600	441.284744
4.876800	440.671281
4.878000	440.056296
4.879200	439.439792
4.880400	438.821774
4.881600	438.202248
4.882800	437.581219
4.884000	436.958691
4.885200	436.334669
4.886400	435.709159
4.887600	435.082164
4.888800	434.453691
4.890000	433.823743
4.891200	433.192326
4.892400	432.559445
4.893600	431.925105
4.894800	431.289310
4.896000	430.652066
4.897200	430.013377
4.898400	429.373249
4.899600	428.731687
4.900800	428.088694
4.902000	427.444278
4.903200	426.798442
4.904400	426.151191
4.905600	425.502530
4.906800	424.852466
4.908000	424.201001
4.909200	423.548142
4.910400	422.893894
4.911600	422.238261
4.912800	421.581249
4.914000	420.922862
4.915200	420.263106
4.916400	419.601986
4.917600	418.939507
4.918800	418.275673
4.920000	417.610491
4.921200	416.943964
4.922400	416.276099
4.923600	415.606899
4.924800	414.936371
4.926000	414.264520
4.927200	413.591350
4.928400	412.916866
4.929600	412.241075
4.930800	411.563980
4.932000	410.885587
4.933200	410.205901
4.934400	409.524927
4.935600	408.842671
4.936800	408.159137
4.938000	407.474331
4.939200	406.788258
4.940400	406.100923
4.941600	405.412331
4.942800	404.722487
4.944000	404.031397
4.945200	403.339066
4.946400	402.645498
4.947600	401.950700
4.948800	401.254676
4.950000	400.557431
4.951200	399.858971
4.952400	399.159301
4.953600	398.458425
4.954800	397.756351
4.956000	397.053081
4.957200	396.348623
4.958400	395.642980
4.959600	394.936159
4.960800	394.228164
4.962000	393.519001
4.963200	392.808675
4.964400	392.097191
4.965600	391.384555
4.966800	390.670771
4.968000	389.955846
4.969200	389.239783
4.970400	388.522590
4.971600	387.804270
4.972800	387.084829
4.974000	386.364272
4.975200	385.642605
4.976400	384.919834
4.977600	384.195962
4.978800	383.470996
4.980000	382.744941
4.981200	382.017802
4.982400	381.289585
4.983600	380.560294
4.984800	379.829936
4.986000	379.098515
4.987200	378.366037
4.988400	377.632506
4.989600	376.897930
4.990800	376.162312
4.992000	375.425658
4.993200	374.687974
4.994400	373.949264
4.995600	373.209535
4.996800	372.468791
4.998000	371.727038
4.999200	370.984282
5.000400	370.240527
5.001600	369.495778
5.002800	368.750043
5.004000	368.003324
5.005200	367.255629
5.006400	366.506963
5.007600	365.757330
5.008800	365.006736
5.010000	364.255187
5.011200	363.502688
5.012400	362.749245
5.013600	361.994862
5.014800	361.239545
5.016000	360.483300
5.017200	359.726132
5.018400	358.968046
5.019600	358.209048
5.020800	357.449143
5.022000	356.688336
5.023200	355.926634
5.024400	355.164041
5.025600	354.400563
5.026800	353.636205
5.028000	352.870973
5.029200	352.104872
5.030400	351.337907
5.031600	350.570085
5.032800	349.801409
5.034000	349.031887
5.035200	348.261523
5.036400	347.490322
5.037600	346.718291
5.038800	345.945434
5.040000	345.171757
5.041200	344.397266
5.042400	343.621966
5.043600	342.845861
5.044800	342.068959
5.046000	341.291264
5.047200	340.512782
5.048400	339.733517
5.049600	338.953477
5.050800	338.172665
5.052000	337.391088
5.053200	336.608751
5.054400	335.825660
5.055600	335.041819
5.056800	334.257234
5.058000	333.471912
5.059200	332.685857
5.060400	331.899074
5.061600	331.111570
5.062800	330.323349
5.064000	329.534418
5.065200	328.744781
5.066400	327.954445
5.067600	327.163414
5.068800	326.371694
5.070000	325.579290
5.071200	324.786209
5.072400	323.992455
5.073600	323.198034
5.074800	322.402952
5.076000	321.607213
5.077200	320.810824
5.078400	320.013789
5.079600	319.216116
5.080800	318.417807
5.082000	317.618871
5.083200	316.819311
5.084400	316.019133
5.085600	315.218343
5.086800	314.416947
5.088000	313.614949
5.089200	312.812355
5.090400	312.009171
5.091600	311.205403
5.092800	310.401055
5.094000	309.596133
5.095200	308.790643
5.096400	307.984590
5.097600	307.177979
5.098800	306.370817
5.100000	305.563108
5.101200	304.754858
5.102400	303.946073
5.103600	303.136758
5.104800	302.326919
5.106000	301.516560
5.107200	300.705688
5.108400	299.894309
5.109600	299.082426
5.110800	298.270046
5.112000	297.457175
5.113200	296.643818
5.114400	295.829980
5.115600	295.015667
5.116800	294.200885
5.118000	293.385638
5.119200	292.569933
5.120400	291.753774
5.121600	290.937168
5.122800	290.120119
5.124000	289.302634
5.125200	288.484717
5.126400	287.666375
5.127600	286.847612
5.128800	286.028434
5.130000	285.208847
5.131200	284.388856
5.132400	283.568467
5.133600	282.747684
5.134800	281.926514
5.136000	281.104962
5.137200	280.283033
5.138400	279.460733
5.139600	278.638068
5.140800	277.815042
5.142000	276.991662
5.143200	276.167932
5.144400	275.343859
5.145600	274.519447
5.146800	273.694702
5.148000	272.869629
5.149200	272.044235
5.150400	271.218524
5.151600	270.392502
5.152800	269.566174
5.154000	268.739546
5.155200	267.912623
5.156400	267.085411
5.157600	266.257915
5.158800	265.430141
5.160000	264.602093
5.161200	263.773778
5.162400	262.945201
5.163600	262.116367
5.164800	261.287281
5.166000	260.457950
5.167200	259.628378
5.168400	258.798572
5.169600	257.968535
5.170800	257.138275
5.172000	256.307795
5.173200	255.477102
5.174400	254.646202
5.175600	253.815098
5.176800	252.983798
5.178000	252.152305
5.179200	251.320627
5.180400	250.488767
5.181600	249.656732
5.182800	248.824527
5.184000	247.992157
5.185200	247.159627
5.186400	246.326944
5.187600	245.494111
5.188800	244.661136
5.190000	243.828023
5.191200	242.994777
5.192400	242.161404
5.193600	241.327909
5.194800	240.494298
5.196000	239.660576
5.197200	238.826748
5.198400	237.992820
5.199600	237.158797
5.200800	236.324685
5.202000	235.490488
5.203200	234.656212
5.204400	233.821862
5.205600	232.987445
5.206800	232.152964
5.208000	231.318426
5.209200	230.483835
5.210400	229.649198
5.211600	228.814519
5.212800	227.979804
5.214000	227.145058
5.215200	226.310286
5.216400	225.475493
5.217600	224.640686
5.218800	223.805869
5.220000	222.971047
5.221200	222.136227
5.222400	221.301412
5.223600	220.466609
5.224800	219.631822
5.226000	218.797058
5.227200	217.962320
5.228400	217.127615
5.229600	216.292948
5.230800	215.458324
5.232000	214.623748
5.233200	213.789226
5.234400	212.954763
5.235600	212.120363
5.236800	211.286033
5.238000	210.451778
5.239200	209.617602
5.240400	208.783511
5.241600	207.949510
5.242800	207.115605
5.244000	206.281800
5.245200	205.448102
5.246400	204.614514
5.247600	203.781042
5.248800	202.947692
5.250000	202.114469
5.251200	201.281377
5.252400	200.448423
5.253600	199.615611
5.254800	198.782946
5.256000	197.950433
5.257200	197.118079
5.258400	196.285887
5.259600	195.453863
5.260800	194.622013
5.262000	193.790341
5.263200	192.958852
5.264400	192.127552
5.265600	191.296445
5.266800	190.465538
5.268000	189.634834
5.269200	188.804340
5.270400	187.974060
5.271600	187.143999
5.272800	186.314163
5.274000	185.484556
5.275200	184.655184
5.276400	183.826051
5.277600	182.997164
5.278800	182.168526
5.280000	181.340143
5.281200	180.512020
5.282400	179.684163
5.283600	178.856575
5.284800	178.029263
5.286000	177.202230
5.287200	176.375483
5.288400	175.549027
5.289600	174.722865
5.290800	173.897004
5.292000	173.071449
5.293200	172.246204
5.294400	171.421274
5.295600	170.596664
5.296800	169.772380
5.298000	168.948426
5.299200	168.124808
5.300400	167.301530
5.301600	166.478597
5.302800	165.656015
5.304000	164.833787
5.305200	164.011920
5.306400	163.190418
5.307600	162.369286
5.308800	161.548529
5.310000	160.728152
5.311200	159.908160
5.312400	159.088557
5.313600	158.269350
5.314800	157.450541
5.316000	156.632138
5.317200	155.814143
5.318400	154.996563
5.319600	154.179402
5.320800	153.362665
5.322000	152.546357
5.323200	151.730483
5.324400	150.915047
5.325600	150.100055
5.326800	149.285511
5.328000	148.471420
5.329200	147.657787
5.330400	146.844617
5.331600	146.031914
5.332800	145.219684
5.334000	144.407931
5.335200	143.596660
5.336400	142.785875
5.337600	141.975583
5.338800	141.165786
5.340000	140.356491
5.341200	139.547701
5.342400	138.739422
5.343600	137.931659
5.344800	137.124416
5.346000	136.317697
5.347200	135.511508
5.348400	134.705853
5.349600	133.900737
5.350800	133.096165
5.352000	132.292142
5.353200	131.488671
5.354400	130.685758
5.355600	129.883408
5.356800	129.081624
5.358000	128.280413
5.359200	127.479778
5.360400	126.679724
5.361600	125.880256
5.362800	125.081378
5.364000	124.283095
5.365200	123.485411
5.366400	122.688332
5.367600	121.891862
5.368800	121.096005
5.370000	120.300766
5.371200	119.506150
5.372400	118.712161
5.373600	117.918803
5.374800	117.126082
5.376000	116.334002
5.377200	115.542567
5.378400	114.751782
5.379600	113.961651
5.380800	113.172180
5.382000	112.383372
5.383200	111.595232
5.384400	110.807764
5.385600	110.020973
5.386800	109.234864
5.388000	108.449440
5.389200	107.664707
5.390400	106.880669
5.391600	106.097330
5.392800	105.314695
5.394000	104.532768
5.395200	103.751554
5.396400	102.971056
5.397600	102.191280
5.398800	101.412230
5.400000	100.633910
5.401200	99.856325
5.402400	99.079479
5.403600	98.303376
5.404800	97.528020
5.406000	96.753417
5.407200	95.979570
5.408400	95.206484
5.409600	94.434163
5.410800	93.662611
5.412000	92.891833
5.413200	92.121833
5.414400	91.352615
5.415600	90.584184
5.416800	89.816543
5.418000	89.049698
5.419200	88.283652
5.420400	87.518410
5.421600	86.753975
5.422800	85.990353
5.424000	85.227547
5.425200	84.465561
5.426400	83.704401
5.427600	82.944069
5.428800	82.184570
5.430000	81.425909
5.431200	80.668089
5.432400	79.911114
5.433600	79.154990
5.434800	78.399719
5.436000	77.645307
5.437200	76.891757
5.438400	76.139073
5.439600	75.387259
5.440800	74.636320
5.442000	73.886260
5.443200	73.137082
5.444400	72.388792
5.445600	71.641392
5.446800	70.894887
5.448000	70.149281
5.449200	69.404578
5.450400	68.660781
5.451600	67.917896
5.452800	67.175926
5.454000	66.434876
5.455200	65.694748
5.456400	64.955547
5.457600	64.217277
5.458800	63.479942
5.460000	62.743546
5.461200	62.008093
5.462400	61.273587
5.463600	60.540031
5.464800	59.807430
5.466000	59.075788
5.467200	58.345108
5.468400	57.615395
5.469600	56.886651
5.470800	56.158882
5.472000	55.432091
5.473200	54.706281
5.474400	53.981457
5.475600	53.257623
5.476800	52.534782
5.478000	51.812938
5.479200	51.092095
5.480400	50.372256
5.481600	49.653427
5.482800	48.935609
5.484000	48.218807
5.485200	47.503025
5.486400	46.788267
5.487600	46.074536
5.488800	45.361836
5.490000	44.650171
5.491200	43.939544
5.492400	43.229959
5.493600	42.521420
5.494800	41.813930
5.496000	41.107493
5.497200	40.402114
5.498400	39.697794
5.499600	38.994539
5.500800	38.292351
5.502000	37.591235
5.503200	36.891193
5.504400	36.192231
5.505600	35.494350
5.506800	34.797554
5.508000	34.101849
5.509200	33.407235
5.510400	32.713718
5.511600	32.021301
5.512800	31.329988
5.514000	30.639781
5.515200	29.950685
5.516400	29.262702
5.517600	28.575837
5.518800	27.890093
5.520000	27.205473
5.521200	26.521980
5.522400	25.839619
5.523600	25.158393
5.524800	24.478305
5.526000	23.799358
5.527200	23.121556
5.528400	22.444902
5.529600	21.769400
5.530800	21.095053
5.532000	20.421864
5.533200	19.749837
5.534400	19.078975
5.535600	18.409281
5.536800	17.740760
5.538000	17.073413
5.539200	16.407244
5.540400	15.742257
5.541600	15.078455
5.542800	14.415841
5.544000	13.754418
5.545200	13.094190
5.546400	12.435159
5.547600	11.777330
5.548800	11.120705
5.550000	10.465288
5.551200	9.811081
5.552400	9.158088
5.553600	8.506312
5.554800	7.855756
5.556000	7.206424
5.557200	6.558318
5.558400	5.911441
5.559600	5.265797
5.560800	4.621389
5.562000	3.978220
5.563200	3.336293
5.564400	2.695610
5.565600	2.056176
5.566800	1.417993
5.568000	0.781065
5.569200	0.145393
5.570400	0.489019
5.571600	1.122167
5.572800	1.754049
5.574000	2.384662
5.575200	3.014002
5.576400	3.642068
5.577600	4.268855
5.578800	4.894362
5.580000	5.518584
5.581200	6.141520
5.582400	6.763166
5.583600	7.383519
5.584800	8.002577
5.586000	8.620336
5.587200	9.236795
5.588400	9.851949
5.589600	10.465796
5.590800	11.078333
5.592000	11.689558
5.593200	12.299467
5.594400	12.908058
5.595600	13.515328
5.596800	14.121275
5.598000	14.725895
5.599200	15.329185
5.600400	15.931144
5.601600	16.531768
5.602800	17.131055
5.604000	17.729001
5.605200	18.325605
5.606400	18.920863
5.607600	19.514773
5.608800	20.107332
5.610000	20.698538
5.611200	21.288388
5.612400	21.876879
5.613600	22.464008
5.614800	23.049774
5.616000	23.634173
5.617200	24.217203
5.618400	24.798861
5.619600	25.379145
5.620800	25.958053
5.622000	26.535581
5.623200	27.111727
5.624400	27.686489
5.625600	28.259864
5.626800	28.831850
5.628000	29.402444
5.629200	29.971644
5.630400	30.539447
5.631600	31.105851
5.632800	31.670853
5.634000	32.234452
5.635200	32.796644
5.636400	33.357427
5.637600	33.916799
5.638800	34.474758
5.640000	35.031301
5.641200	35.586425
5.642400	36.140129
5.643600	36.692410
5.644800	37.243266
5.646000	37.792694
5.647200	38.340693
5.648400	38.887259
5.649600	39.432391
5.650800	39.976087
5.652000	40.518344
5.653200	41.059160
5.654400	41.598532
5.655600	42.136459
5.656800	42.672938
5.658000	43.207968
5.659200	43.741545
5.660400	44.273668
5.661600	44.804335
5.662800	45.333544
5.664000	45.861292
5.665200	46.387577
5.666400	46.912397
5.667600	47.435751
5.668800	47.957635
5.670000	48.478049
5.671200	48.996989
5.672400	49.514454
5.673600	50.030442
5.674800	50.544951
5.676000	51.057979
5.677200	51.569524
5.678400	52.079583
5.679600	52.588155
5.680800	53.095239
5.682000	53.600831
5.683200	54.104930
5.684400	54.607534
5.685600	55.108642
5.686800	55.608251
5.688000	56.106359
5.689200	56.602965
5.690400	57.098066
5.691600	57.591662
5.692800	58.083749
5.694000	58.574327
5.695200	59.063393
5.696400	59.550945
5.697600	60.036982
5.698800	60.521502
5.700000	61.004504
5.701200	61.485984
5.702400	61.965943
5.703600	62.444377
5.704800	62.921286
5.706000	63.396667
5.707200	63.870519
5.708400	64.342841
5.709600	64.813630
5.710800	65.282884
5.712000	65.750603
5.713200	66.216784
5.714400	66.681427
5.715600	67.144528
5.716800	67.606088
5.718000	68.066103
5.719200	68.524573
5.720400	68.981496
5.721600	69.436871
5.722800	69.890695
5.724000	70.342968
5.725200	70.793688
5.726400	71.242853
5.727600	71.690462
5.728800	72.136513
5.730000	72.581005
5.731200	73.023937
5.732400	73.465306
5.733600	73.905113
5.734800	74.343354
5.736000	74.780029
5.737200	75.215137
5.738400	75.648675
5.739600	76.080643
5.740800	76.511040
5.742000	76.939863
5.743200	77.367112
5.744400	77.792785
5.745600	78.216881
5.746800	78.639399
5.748000	79.060337
5.749200	79.479694
5.750400	79.897469
5.751600	80.313661
5.752800	80.728267
5.754000	81.141288
5.755200	81.552722
5.756400	81.962568
5.757600	82.370824
5.758800	82.777489
5.760000	83.182563
5.761200	83.586043
5.762400	83.987930
5.763600	84.388221
5.764800	84.786915
5.766000	85.184012
5.767200	85.579511
5.768400	85.973410
5.769600	86.365708
5.770800	86.756405
5.772000	87.145498
5.773200	87.532988
5.774400	87.918872
5.775600	88.303151
5.776800	88.685823
5.778000	89.066887
5.779200	89.446342
5.780400	89.824188
5.781600	90.200422
5.782800	90.575045
5.784000	90.948056
5.785200	91.319452
5.786400	91.689234
5.787600	92.057401
5.788800	92.423952
5.790000	92.788886
5.791200	93.152201
5.792400	93.513898
5.793600	93.873975
5.794800	94.232432
5.796000	94.589268
5.797200	94.944482
5.798400	95.298072
5.799600	95.650040
5.800800	96.000383
5.802000	96.349100
5.803200	96.696193
5.804400	97.041658
5.805600	97.385496
5.806800	97.727707
5.808000	98.068289
5.809200	98.407241
5.810400	98.744564
5.811600	99.080256
5.812800	99.414316
5.814000	99.746745
5.815200	100.077542
5.816400	100.406705
5.817600	100.734235
5.818800	101.060130
5.820000	101.384391
5.821200	101.707016
5.822400	102.028006
5.823600	102.347359
5.824800	102.665075
5.826000	102.981153
5.827200	103.295594
5.828400	103.608396
5.829600	103.919560
5.830800	104.229084
5.832000	104.536968
5.833200	104.843212
5.834400	105.147815
5.835600	105.450778
5.836800	105.752099
5.838000	106.051778
5.839200	106.349815
5.840400	106.646209
5.841600	106.940960
5.842800	107.234068
5.844000	107.525533
5.845200	107.815353
5.846400	108.103529
5.847600	108.390061
5.848800	108.674948
5.850000	108.958190
5.851200	109.239787
5.852400	109.519738
5.853600	109.798043
5.854800	110.074703
5.856000	110.349716
5.857200	110.623083
5.858400	110.894803
5.859600	111.164876
5.860800	111.433303
5.862000	111.700082
5.863200	111.965214
5.864400	112.228699
5.865600	112.490536
5.866800	112.750726
5.868000	113.009268
5.869200	113.266162
5.870400	113.521409
5.871600	113.775007
5.872800	114.026958
5.874000	114.277261
5.875200	114.525916
5.876400	114.772923
5.877600	115.018282
5.878800	115.261993
5.880000	115.504056
5.881200	115.744471
5.882400	115.983238
5.883600	116.220358
5.884800	116.455829
5.886000	116.689654
5.887200	116.921830
5.888400	117.152359
5.889600	117.381241
5.890800	117.608476
5.892000	117.834064
5.893200	118.058004
5.894400	118.280298
5.895600	118.500946
5.896800	118.719947
5.898000	118.937302
5.899200	119.153011
5.900400	119.367074
5.901600	119.579492
5.902800	119.790265
5.904000	119.999392
5.905200	120.206875
5.906400	120.412713
5.907600	120.616907
5.908800	120.819457
5.910000	121.020364
5.911200	121.219628
5.912400	121.417248
5.913600	121.613226
5.914800	121.807562
5.916000	122.000256
5.917200	122.191309
5.918400	122.380720
5.919600	122.568491
5.920800	122.754622
5.922000	122.939113
5.923200	123.121964
5.924400	123.303177
5.925600	123.482751
5.926800	123.660687
5.928000	123.836985
5.929200	124.011647
5.930400	124.184672
5.931600	124.356061
5.932800	124.525815
5.934000	124.693934
5.935200	124.860418
5.936400	125.025268
5.937600	125.188486
5.938800	125.350070
5.940000	125.510023
5.941200	125.668344
5.942400	125.825034
5.943600	125.980094
5.944800	126.133524
5.946000	126.285326
5.947200	126.435499
5.948400	126.584044
5.949600	126.730963
5.950800	126.876255
5.952000	127.019922
5.953200	127.161964
5.954400	127.302382
5.955600	127.441177
5.956800	127.578349
5.958000	127.713899
5.959200	127.847828
5.960400	127.980137
5.961600	128.110826
5.962800	128.239897
5.964000	128.367349
5.965200	128.493185
5.966400	128.617404
5.967600	128.740008
5.968800	128.860998
5.970000	128.980374
5.971200	129.098137
5.972400	129.214288
5.973600	129.328828
5.974800	129.441758
5.976000	129.553079
5.977200	129.662791
5.978400	129.770897
5.979600	129.877396
5.980800	129.982289
5.982000	130.085578
5.983200	130.187264
5.984400	130.287347
5.985600	130.385829
5.986800	130.482711
5.988000	130.577993
5.989200	130.671677
5.990400	130.763763
5.991600	130.854253
5.992800	130.943148
5.994000	131.030449
5.995200	131.116157
5.996400	131.200273
5.997600	131.282798
5.998800	131.363734
