0.000000	1507.922245
0.001200	1515.399861
0.002400	1515.432267
0.003600	1515.424623
0.004800	1515.413659
0.006000	1515.399557
0.007200	1515.382318
0.008400	1515.361942
0.009600	1515.338429
0.010800	1515.311780
0.012000	1515.281993
0.013200	1515.249071
0.014400	1515.213012
0.015600	1515.173816
0.016800	1515.131485
0.018000	1515.086018
0.019200	1515.037416
0.020400	1514.985678
0.021600	1514.930806
0.022800	1514.872799
0.024000	1514.811657
0.025200	1514.747381
0.026400	1514.679972
0.027600	1514.609429
0.028800	1514.535753
0.030000	1514.458944
0.031200	1514.379003
0.032400	1514.295930
0.033600	1514.209726
0.034800	1514.120391
0.036000	1514.027925
0.037200	1513.932329
0.038400	1513.833604
0.039600	1513.731749
0.040800	1513.626766
0.042000	1513.518655
0.043200	1513.407416
0.044400	1513.293050
0.045600	1513.175559
0.046800	1513.054941
0.048000	1512.931198
0.049200	1512.804331
0.050400	1512.674340
0.051600	1512.541225
0.052800	1512.404989
0.054000	1512.265630
0.055200	1512.123150
0.056400	1511.977550
0.057600	1511.828831
0.058800	1511.676992
0.060000	1511.522035
0.061200	1511.363961
0.062400	1511.202771
0.063600	1511.038465
0.064800	1510.871044
0.066000	1510.700509
0.067200	1510.526861
0.068400	1510.350101
0.069600	1510.170229
0.070800	1509.987247
0.072000	1509.801156
0.073200	1509.611956
0.074400	1509.419648
0.075600	1509.224234
0.076800	1509.025714
0.078000	1508.824090
0.079200	1508.619362
0.080400	1508.411532
0.081600	1508.200600
0.082800	1507.986568
0.084000	1507.769437
0.085200	1507.549207
0.086400	1507.325881
0.087600	1507.099458
0.088800	1506.869941
0.090000	1506.637330
0.091200	1506.401627
0.092400	1506.162832
0.093600	1505.920948
0.094800	1505.675975
0.096000	1505.427914
0.097200	1505.176767
0.098400	1504.922535
0.099600	1504.665220
0.100800	1504.404822
0.102000	1504.141343
0.103200	1503.874784
0.104400	1503.605148
0.105600	1503.332434
0.106800	1503.056644
0.108000	1502.777781
0.109200	1502.495844
0.110400	1502.210837
0.111600	1501.922759
0.112800	1501.631613
0.114000	1501.337400
0.115200	1501.040122
0.116400	1500.739780
0.117600	1500.436376
0.118800	1500.129910
0.120000	1499.820386
0.121200	1499.507803
0.122400	1499.192165
0.123600	1498.873472
0.124800	1498.551726
0.126000	1498.226929
0.127200	1497.899083
0.128400	1497.568188
0.129600	1497.234248
0.130800	1496.897262
0.132000	1496.557234
0.133200	1496.214165
0.134400	1495.868056
0.135600	1495.518910
0.136800	1495.166728
0.138000	1494.811512
0.139200	1494.453264
0.140400	1494.091986
0.141600	1493.727678
0.142800	1493.360344
0.144000	1492.989986
0.145200	1492.616604
0.146400	1492.240201
0.147600	1491.860779
0.148800	1491.478340
0.150000	1491.092885
0.151200	1490.704418
0.152400	1490.312938
0.153600	1489.918450
0.154800	1489.520954
0.156000	1489.120453
0.157200	1488.716948
0.158400	1488.310442
0.159600	1487.900937
0.160800	1487.488435
0.162000	1487.072937
0.163200	1486.654447
0.164400	1486.232966
0.165600	1485.808496
0.166800	1485.381040
0.168000	1484.950599
0.169200	1484.517177
0.170400	1484.080774
0.171600	1483.641393
0.172800	1483.199037
0.174000	1482.753708
0.175200	1482.305408
0.176400	1481.854139
0.177600	1481.399903
0.178800	1480.942703
0.180000	1480.482541
0.181200	1480.019420
0.182400	1479.553342
0.183600	1479.084309
0.184800	1478.612323
0.186000	1478.137387
0.187200	1477.659504
0.188400	1477.178676
0.189600	1476.694904
0.190800	1476.208192
0.192000	1475.718543
0.193200	1475.225958
0.194400	1474.730440
0.195600	1474.231992
0.196800	1473.730615
0.198000	1473.226314
0.199200	1472.719089
0.200400	1472.208945
0.201600	1471.695882
0.202800	1471.179905
0.204000	1470.661015
0.205200	1470.139216
0.206400	1469.614509
0.207600	1469.086897
0.208800	1468.556384
0.210000	1468.022971
0.211200	1467.486662
0.212400	1466.947460
0.213600	1466.405366
0.214800	1465.860384
0.216000	1465.312516
0.217200	1464.761765
0.218400	1464.208134
0.219600	1463.651627
0.220800	1463.092244
0.222000	1462.529990
0.223200	1461.964867
0.224400	1461.396879
0.225600	1460.826027
0.226800	1460.252315
0.228000	1459.675746
0.229200	1459.096322
0.230400	1458.514047
0.231600	1457.928923
0.232800	1457.340954
0.234000	1456.750142
0.235200	1456.156491
0.236400	1455.560003
0.237600	1454.960681
0.238800	1454.358528
0.240000	1453.753548
0.241200	1453.145744
0.242400	1452.535118
0.243600	1451.921673
0.244800	1451.305413
0.246000	1450.686341
0.247200	1450.064460
0.248400	1449.439773
0.249600	1448.812283
0.250800	1448.181993
0.252000	1447.548907
0.253200	1446.913027
0.254400	1446.274357
0.255600	1445.632901
0.256800	1444.988660
0.258000	1444.341639
0.259200	1443.691841
0.260400	1443.039269
0.261600	1442.383926
0.262800	1441.725816
0.264000	1441.064942
0.265200	1440.401307
0.266400	1439.734914
0.267600	1439.065768
0.268800	1438.393870
0.270000	1437.719225
0.271200	1437.041837
0.272400	1436.361707
0.273600	1435.678841
0.274800	1434.993241
0.276000	1434.304910
0.277200	1433.613853
0.278400	1432.920072
0.279600	1432.223571
0.280800	1431.524353
0.282000	1430.822423
0.283200	1430.117784
0.284400	1429.410438
0.285600	1428.700390
0.286800	1427.987643
0.288000	1427.272201
0.289200	1426.554068
0.290400	1425.833246
0.291600	1425.109740
0.292800	1424.383552
0.294000	1423.654688
0.295200	1422.923150
0.296400	1422.188942
0.297600	1421.452068
0.298800	1420.712532
0.300000	1419.970336
0.301200	1419.225486
0.302400	1418.477983
0.303600	1417.727833
0.304800	1416.975040
0.306000	1416.219606
0.307200	1415.461535
0.308400	1414.700832
0.309600	1413.937500
0.310800	1413.171543
0.312000	1412.402964
0.313200	1411.631768
0.314400	1410.857959
0.315600	1410.081540
0.316800	1409.302515
0.318000	1408.520888
0.319200	1407.736663
0.320400	1406.949843
0.321600	1406.160434
0.322800	1405.368438
0.324000	1404.573860
0.325200	1403.776703
0.326400	1402.976972
0.327600	1402.174670
0.328800	1401.369802
0.330000	1400.562372
0.331200	1399.752382
0.332400	1398.939839
0.333600	1398.124745
0.334800	1397.307104
0.336000	1396.486921
0.337200	1395.664200
0.338400	1394.838945
0.339600	1394.011160
0.340800	1393.180849
0.342000	1392.348016
0.343200	1391.512665
0.344400	1390.674801
0.345600	1389.834427
0.346800	1388.991548
0.348000	1388.146168
0.349200	1387.298291
0.350400	1386.447921
0.351600	1385.595063
0.352800	1384.739720
0.354000	1383.881898
0.355200	1383.021600
0.356400	1382.158830
0.357600	1381.293593
0.358800	1380.425893
0.360000	1379.555734
0.361200	1378.683121
0.362400	1377.808058
0.363600	1376.930549
0.364800	1376.050599
0.366000	1375.168212
0.367200	1374.283391
0.368400	1373.396143
0.369600	1372.506471
0.370800	1371.614379
0.372000	1370.719872
0.373200	1369.822954
0.374400	1368.923630
0.375600	1368.021904
0.376800	1367.117780
0.378000	1366.211264
0.379200	1365.302359
0.380400	1364.391070
0.381600	1363.477401
0.382800	1362.561357
0.384000	1361.642943
0.385200	1360.722163
0.386400	1359.799021
0.387600	1358.873522
0.388800	1357.945671
0.390000	1357.015472
0.391200	1356.082930
0.392400	1355.148048
0.393600	1354.210833
0.394800	1353.271289
0.396000	1352.329419
0.397200	1351.385229
0.398400	1350.438724
0.399600	1349.489907
0.400800	1348.538784
0.402000	1347.585360
0.403200	1346.629638
0.404400	1345.671624
0.405600	1344.711323
0.406800	1343.748738
0.408000	1342.783876
0.409200	1341.816740
0.410400	1340.847335
0.411600	1339.875666
0.412800	1338.901738
0.414000	1337.925555
0.415200	1336.947123
0.416400	1335.966446
0.417600	1334.983528
0.418800	1333.998375
0.420000	1333.010992
0.421200	1332.021383
0.422400	1331.029553
0.423600	1330.035508
0.424800	1329.039250
0.426000	1328.040787
0.427200	1327.040122
0.428400	1326.037261
0.429600	1325.032208
0.430800	1324.024968
0.432000	1323.015546
0.433200	1322.003947
0.434400	1320.990176
0.435600	1319.974239
0.436800	1318.956138
0.438000	1317.935881
0.439200	1316.913472
0.440400	1315.888915
0.441600	1314.862216
0.442800	1313.833379
0.444000	1312.802411
0.445200	1311.769314
0.446400	1310.734096
0.447600	1309.696760
0.448800	1308.657313
0.450000	1307.615757
0.451200	1306.572100
0.452400	1305.526346
0.453600	1304.478500
0.454800	1303.428566
0.456000	1302.376551
0.457200	1301.322459
0.458400	1300.266296
0.459600	1299.208066
0.460800	1298.147774
0.462000	1297.085426
0.463200	1296.021027
0.464400	1294.954582
0.465600	1293.886096
0.466800	1292.815575
0.468000	1291.743023
0.469200	1290.668445
0.470400	1289.591847
0.471600	1288.513235
0.472800	1287.432612
0.474000	1286.349985
0.475200	1285.265359
0.476400	1284.178738
0.477600	1283.090129
0.478800	1281.999536
0.480000	1280.906964
0.481200	1279.812420
0.482400	1278.715907
0.483600	1277.617432
0.484800	1276.517000
0.486000	1275.414615
0.487200	1274.310284
0.488400	1273.204011
0.489600	1272.095803
0.490800	1270.985663
0.492000	1269.873598
0.493200	1268.759613
0.494400	1267.643713
0.495600	1266.525903
0.496800	1265.406189
0.498000	1264.284577
0.499200	1263.161071
0.500400	1262.035678
0.501600	1260.908401
0.502800	1259.779248
0.504000	1258.648223
0.505200	1257.515331
0.506400	1256.380578
0.507600	1255.243970
0.508800	1254.105511
0.510000	1252.965208
0.511200	1251.823066
0.512400	1250.679090
0.513600	1249.533285
0.514800	1248.385657
0.516000	1247.236213
0.517200	1246.084956
0.518400	1244.931892
0.519600	1243.777028
0.520800	1242.620368
0.522000	1241.461918
0.523200	1240.301684
0.524400	1239.139671
0.525600	1237.975884
0.526800	1236.810329
0.528000	1235.643013
0.529200	1234.473939
0.530400	1233.303114
0.531600	1232.130543
0.532800	1230.956232
0.534000	1229.780186
0.535200	1228.602411
0.536400	1227.422913
0.537600	1226.241697
0.538800	1225.058769
0.540000	1223.874134
0.541200	1222.687798
0.542400	1221.499767
0.543600	1220.310045
0.544800	1219.118640
0.546000	1217.925555
0.547200	1216.730798
0.548400	1215.534374
0.549600	1214.336287
0.550800	1213.136545
0.552000	1211.935153
0.553200	1210.732115
0.554400	1209.527439
0.555600	1208.321129
0.556800	1207.113191
0.558000	1205.903631
0.559200	1204.692455
0.560400	1203.479669
0.561600	1202.265277
0.562800	1201.049286
0.564000	1199.831702
0.565200	1198.612530
0.566400	1197.391775
0.567600	1196.169445
0.568800	1194.945543
0.570000	1193.720077
0.571200	1192.493051
0.572400	1191.264472
0.573600	1190.034346
0.574800	1188.802677
0.576000	1187.569472
0.577200	1186.334737
0.578400	1185.098477
0.579600	1183.860699
0.580800	1182.621407
0.582000	1181.380608
0.583200	1180.138307
0.584400	1178.894511
0.585600	1177.649224
0.586800	1176.402454
0.588000	1175.154205
0.589200	1173.904484
0.590400	1172.653296
0.591600	1171.400647
0.592800	1170.146543
0.594000	1168.890990
0.595200	1167.633994
0.596400	1166.375560
0.597600	1165.115694
0.598800	1163.854402
0.600000	1162.591690
0.601200	1161.327564
0.602400	1160.062030
0.603600	1158.795094
0.604800	1157.526760
0.606000	1156.257036
0.607200	1154.985927
0.608400	1153.713439
0.609600	1152.439578
0.610800	1151.164350
0.612000	1149.887761
0.613200	1148.609816
0.614400	1147.330521
0.615600	1146.049883
0.616800	1144.767907
0.618000	1143.484599
0.619200	1142.199966
0.620400	1140.914012
0.621600	1139.626744
0.622800	1138.338168
0.624000	1137.048290
0.625200	1135.757115
0.626400	1134.464650
0.627600	1133.170900
0.628800	1131.875872
0.630000	1130.579571
0.631200	1129.282004
0.632400	1127.983176
0.633600	1126.683093
0.634800	1125.381761
0.636000	1124.079186
0.637200	1122.775375
0.638400	1121.470332
0.639600	1120.164064
0.640800	1118.856578
0.642000	1117.547878
0.643200	1116.237971
0.644400	1114.926863
0.645600	1113.614560
0.646800	1112.301067
0.648000	1110.986392
0.649200	1109.670539
0.650400	1108.353515
0.651600	1107.035325
0.652800	1105.715977
0.654000	1104.395475
0.655200	1103.073825
0.656400	1101.751035
0.657600	1100.427109
0.658800	1099.102054
0.660000	1097.775875
0.661200	1096.448579
0.662400	1095.120172
0.663600	1093.790660
0.664800	1092.460048
0.666000	1091.128343
0.667200	1089.795551
0.668400	1088.461677
0.669600	1087.126729
0.670800	1085.790711
0.672000	1084.453630
0.673200	1083.115492
0.674400	1081.776302
0.675600	1080.436068
0.676800	1079.094794
0.678000	1077.752487
0.679200	1076.409154
0.680400	1075.064799
0.681600	1073.719429
0.682800	1072.373051
0.684000	1071.025669
0.685200	1069.677291
0.686400	1068.327921
0.687600	1066.977567
0.688800	1065.626234
0.690000	1064.273929
0.691200	1062.920657
0.692400	1061.566424
0.693600	1060.211236
0.694800	1058.855101
0.696000	1057.498022
0.697200	1056.140007
0.698400	1054.781062
0.699600	1053.421192
0.700800	1052.060404
0.702000	1050.698704
0.703200	1049.336097
0.704400	1047.972591
0.705600	1046.608190
0.706800	1045.242901
0.708000	1043.876730
0.709200	1042.509683
0.710400	1041.141767
0.711600	1039.772986
0.712800	1038.403348
0.714000	1037.032858
0.715200	1035.661522
0.716400	1034.289347
0.717600	1032.916338
0.718800	1031.542501
0.720000	1030.167843
0.721200	1028.792370
0.722400	1027.416087
0.723600	1026.039001
0.724800	1024.661117
0.726000	1023.282443
0.727200	1021.902983
0.728400	1020.522745
0.729600	1019.141733
0.730800	1017.759954
0.732000	1016.377414
0.733200	1014.994120
0.734400	1013.610076
0.735600	1012.225290
0.736800	1010.839767
0.738000	1009.453513
0.739200	1008.066535
0.740400	1006.678839
0.741600	1005.290429
0.742800	1003.901313
0.744000	1002.511497
0.745200	1001.120987
0.746400	999.729788
0.747600	998.337907
0.748800	996.945349
0.750000	995.552122
0.751200	994.158230
0.752400	992.763680
0.753600	991.368478
0.754800	989.972630
0.756000	988.576142
0.757200	987.179021
0.758400	985.781271
0.759600	984.382899
0.760800	982.983912
0.762000	981.584314
0.763200	980.184113
0.764400	978.783315
0.765600	977.381924
0.766800	975.979948
0.768000	974.577392
0.769200	973.174262
0.770400	971.770565
0.771600	970.366307
0.772800	968.961492
0.774000	967.556129
0.775200	966.150221
0.776400	964.743776
0.777600	963.336800
0.778800	961.929298
0.780000	960.521277
0.781200	959.112742
0.782400	957.703699
0.783600	956.294156
0.784800	954.884116
0.786000	953.473588
0.787200	952.062575
0.788400	950.651086
0.789600	949.239124
0.790800	947.826698
0.792000	946.413812
0.793200	945.000472
0.794400	943.586685
0.795600	942.172456
0.796800	940.757791
0.798000	939.342698
0.799200	937.927180
0.800400	936.511245
0.801600	935.094898
0.802800	933.678145
0.804000	932.260993
0.805200	930.843447
0.806400	929.425513
0.807600	928.007197
0.808800	926.588505
0.810000	925.169443
0.811200	923.750018
0.812400	922.330234
0.813600	920.910098
0.814800	919.489616
0.816000	918.068793
0.817200	916.647637
0.818400	915.226152
0.819600	913.804344
0.820800	912.382220
0.822000	910.959785
0.823200	909.537046
0.824400	908.114008
0.825600	906.690676
0.826800	905.267058
0.828000	903.843159
0.829200	902.418985
0.830400	900.994541
0.831600	899.569834
0.832800	898.144870
0.834000	896.719654
0.835200	895.294192
0.836400	893.868491
0.837600	892.442555
0.838800	891.016391
0.840000	889.590006
0.841200	888.163403
0.842400	886.736591
0.843600	885.309573
0.844800	883.882357
0.846000	882.454948
0.847200	881.027352
0.848400	879.599575
0.849600	878.171622
0.850800	876.743500
0.852000	875.315214
0.853200	873.886770
0.854400	872.458173
0.855600	871.029431
0.856800	869.600548
0.858000	868.171531
0.859200	866.742384
0.860400	865.313115
0.861600	863.883728
0.862800	862.454230
0.864000	861.024626
0.865200	859.594923
0.866400	858.165125
0.867600	856.735238
0.868800	855.305270
0.870000	853.875224
0.871200	852.445107
0.872400	851.014925
0.873600	849.584684
0.874800	848.154389
0.876000	846.724045
0.877200	845.293659
0.878400	843.863237
0.879600	842.432784
0.880800	841.002305
0.882000	839.571808
0.883200	838.141296
0.884400	836.710776
0.885600	835.280255
0.886800	833.849736
0.888000	832.419227
0.889200	830.988732
0.890400	829.558257
0.891600	828.127809
0.892800	826.697393
0.894000	825.267014
0.895200	823.836678
0.896400	822.406391
0.897600	820.976158
0.898800	819.545985
0.900000	818.115878
0.901200	816.685842
0.902400	815.255883
0.903600	813.826007
0.904800	812.396219
0.906000	810.966525
0.907200	809.536930
0.908400	808.107440
0.909600	806.678060
0.910800	805.248797
0.912000	803.819655
0.913200	802.390641
0.914400	800.961760
0.915600	799.533017
0.916800	798.104418
0.918000	796.675968
0.919200	795.247674
0.920400	793.819540
0.921600	792.391573
0.922800	790.963777
0.924000	789.536158
0.925200	788.108722
0.926400	786.681475
0.927600	785.254421
0.928800	783.827566
0.930000	782.400916
0.931200	780.974476
0.932400	779.548252
0.933600	778.122249
0.934800	776.696472
0.936000	775.270928
0.937200	773.845621
0.938400	772.420557
0.939600	770.995742
0.940800	769.571180
0.942000	768.146878
0.943200	766.722840
0.944400	765.299072
0.945600	763.875580
0.946800	762.452369
0.948000	761.029444
0.949200	759.606811
0.950400	758.184474
0.951600	756.762440
0.952800	755.340714
0.954000	753.919301
0.955200	752.498206
0.956400	751.077435
0.957600	749.656994
0.958800	748.236887
0.960000	746.817119
0.961200	745.397697
0.962400	743.978625
0.963600	742.559909
0.964800	741.141554
0.966000	739.723565
0.967200	738.305948
0.968400	736.888707
0.969600	735.471849
0.970800	734.055378
0.972000	732.639299
0.973200	731.223619
0.974400	729.808341
0.975600	728.393472
0.976800	726.979016
0.978000	725.564979
0.979200	724.151366
0.980400	722.738183
0.981600	721.325433
0.982800	719.913123
0.984000	718.501258
0.985200	717.089842
0.986400	715.678882
0.987600	714.268381
0.988800	712.858346
0.990000	711.448781
0.991200	710.039692
0.992400	708.631084
0.993600	707.222961
0.994800	705.815329
0.996000	704.408193
0.997200	703.001559
0.998400	701.595430
0.999600	700.189812
1.000800	698.784711
1.002000	697.380131
1.003200	695.976078
1.004400	694.572556
1.005600	693.169570
1.006800	691.767126
1.008000	690.365228
1.009200	688.963882
1.010400	687.563092
1.011600	686.162863
1.012800	684.763201
1.014000	683.364111
1.015200	681.965597
1.016400	680.567664
1.017600	679.170317
1.018800	677.773562
1.020000	676.377402
1.021200	674.981844
1.022400	673.586892
1.023600	672.192550
1.024800	670.798825
1.026000	669.405720
1.027200	668.013240
1.028400	666.621391
1.029600	665.230177
1.030800	663.839603
1.032000	662.449675
1.033200	661.060396
1.034400	659.671771
1.035600	658.283806
1.036800	656.896505
1.038000	655.509873
1.039200	654.123915
1.040400	652.738636
1.041600	651.354040
1.042800	649.970132
1.044000	648.586917
1.045200	647.204399
1.046400	645.822584
1.047600	644.441476
1.048800	643.061080
1.050000	641.681400
1.051200	640.302441
1.052400	638.924208
1.053600	637.546706
1.054800	636.169939
1.056000	634.793912
1.057200	633.418630
1.058400	632.044096
1.059600	630.670317
1.060800	629.297296
1.062000	627.925037
1.063200	626.553547
1.064400	625.182829
1.065600	623.812888
1.066800	622.443728
1.068000	621.075354
1.069200	619.707770
1.070400	618.340982
1.071600	616.974993
1.072800	615.609808
1.074000	614.245432
1.075200	612.881870
1.076400	611.519124
1.077600	610.157202
1.078800	608.796105
1.080000	607.435840
1.081200	606.076410
1.082400	604.717821
1.083600	603.360075
1.084800	602.003179
1.086000	600.647136
1.087200	599.291951
1.088400	597.937628
1.089600	596.584171
1.090800	595.231585
1.092000	593.879874
1.093200	592.529043
1.094400	591.179097
1.095600	589.830038
1.096800	588.481872
1.098000	587.134603
1.099200	585.788235
1.100400	584.442773
1.101600	583.098220
1.102800	581.754582
1.104000	580.411862
1.105200	579.070065
1.106400	577.729195
1.107600	576.389255
1.108800	575.050252
1.110000	573.712188
1.111200	572.375067
1.112400	571.038895
1.113600	569.703675
1.114800	568.369411
1.116000	567.036108
1.117200	565.703769
1.118400	564.372399
1.119600	563.042003
1.120800	561.712583
1.122000	560.384144
1.123200	559.056691
1.124400	557.730227
1.125600	556.404757
1.126800	555.080284
1.128000	553.756813
1.129200	552.434348
1.130400	551.112892
1.131600	549.792450
1.132800	548.473026
1.134000	547.154623
1.135200	545.837247
1.136400	544.520900
1.137600	543.205587
1.138800	541.891311
1.140000	540.578077
1.141200	539.265889
1.142400	537.954750
1.143600	536.644665
1.144800	535.335636
1.146000	534.027670
1.147200	532.720768
1.148400	531.414935
1.149600	530.110176
1.150800	528.806493
1.152000	527.503890
1.153200	526.202372
1.154400	524.901943
1.155600	523.602605
1.156800	522.304363
1.158000	521.007221
1.159200	519.711182
1.160400	518.416250
1.161600	517.122430
1.162800	515.829724
1.164000	514.538136
1.165200	513.247671
1.166400	511.958331
1.167600	510.670122
1.168800	509.383045
1.170000	508.097105
1.171200	506.812306
1.172400	505.528651
1.173600	504.246144
1.174800	502.964789
1.176000	501.684589
1.177200	500.405547
1.178400	499.127668
1.179600	497.850955
1.180800	496.575411
1.182000	495.301041
1.183200	494.027847
1.184400	492.755833
1.185600	491.485003
1.186800	490.215361
1.188000	488.946909
1.189200	487.679651
1.190400	486.413591
1.191600	485.148733
1.192800	483.885079
1.194000	482.622633
1.195200	481.361399
1.196400	480.101380
1.197600	478.842579
1.198800	477.585000
1.200000	476.328646
1.201200	475.073521
1.202400	473.819628
1.203600	472.566970
1.204800	471.315551
1.206000	470.065374
1.207200	468.816442
1.208400	467.568759
1.209600	466.322328
1.210800	465.077152
1.212000	463.833235
1.213200	462.590580
1.214400	461.349189
1.215600	460.109067
1.216800	458.870216
1.218000	457.632640
1.219200	456.396342
1.220400	455.161325
1.221600	453.927593
1.222800	452.695148
1.224000	451.463994
1.225200	450.234133
1.226400	449.005570
1.227600	447.778306
1.228800	446.552346
1.230000	445.327692
1.231200	444.104347
1.232400	442.882315
1.233600	441.661598
1.234800	440.442200
1.236000	439.224124
1.237200	438.007372
1.238400	436.791948
1.239600	435.577854
1.240800	434.365094
1.242000	433.153671
1.243200	431.943588
1.244400	430.734846
1.245600	429.527451
1.246800	428.321404
1.248000	427.116708
1.249200	425.913367
1.250400	424.711383
1.251600	423.510759
1.252800	422.311497
1.254000	421.113602
1.255200	419.917075
1.256400	418.721920
1.257600	417.528139
1.258800	416.335736
1.260000	415.144712
1.261200	413.955071
1.262400	412.766815
1.263600	411.579948
1.264800	410.394471
1.266000	409.210389
1.267200	408.027703
1.268400	406.846416
1.269600	405.666531
1.270800	404.488051
1.272000	403.310978
1.273200	402.135315
1.274400	400.961064
1.275600	399.788229
1.276800	398.616812
1.278000	397.446815
1.279200	396.278241
1.280400	395.111093
1.281600	393.945374
1.282800	392.781085
1.284000	391.618230
1.285200	390.456810
1.286400	389.296829
1.287600	388.138289
1.288800	386.981193
1.290000	385.825543
1.291200	384.671341
1.292400	383.518590
1.293600	382.367293
1.294800	381.217451
1.296000	380.069068
1.297200	378.922146
1.298400	377.776687
1.299600	376.632693
1.300800	375.490167
1.302000	374.349112
1.303200	373.209530
1.304400	372.071422
1.305600	370.934792
1.306800	369.799641
1.308000	368.665973
1.309200	367.533789
1.310400	366.403091
1.311600	365.273882
1.312800	364.146165
1.314000	363.019941
1.315200	361.895212
1.316400	360.771982
1.317600	359.650251
1.318800	358.530023
1.320000	357.411299
1.321200	356.294082
1.322400	355.178374
1.323600	354.064176
1.324800	352.951492
1.326000	351.840323
1.327200	350.730671
1.328400	349.622539
1.329600	348.515928
1.330800	347.410841
1.332000	346.307280
1.333200	345.205246
1.334400	344.104742
1.335600	343.005770
1.336800	341.908332
1.338000	340.812430
1.339200	339.718065
1.340400	338.625240
1.341600	337.533957
1.342800	336.444218
1.344000	335.356024
1.345200	334.269378
1.346400	333.184282
1.347600	332.100737
1.348800	331.018745
1.350000	329.938308
1.351200	328.859429
1.352400	327.782108
1.353600	326.706348
1.354800	325.632151
1.356000	324.559518
1.357200	323.488451
1.358400	322.418953
1.359600	321.351024
1.360800	320.284666
1.362000	319.219882
1.363200	318.156673
1.364400	317.095041
1.365600	316.034987
1.366800	314.976514
1.368000	313.919622
1.369200	312.864314
1.370400	311.810591
1.371600	310.758455
1.372800	309.707908
1.374000	308.658951
1.375200	307.611585
1.376400	306.565813
1.377600	305.521636
1.378800	304.479056
1.380000	303.438074
1.381200	302.398691
1.382400	301.360910
1.383600	300.324732
1.384800	299.290158
1.386000	298.257189
1.387200	297.225828
1.388400	296.196076
1.389600	295.167934
1.390800	294.141404
1.392000	293.116487
1.393200	292.093185
1.394400	291.071498
1.395600	290.051429
1.396800	289.032979
1.398000	288.016149
1.399200	287.000941
1.400400	285.987356
1.401600	284.975395
1.402800	283.965060
1.404000	282.956351
1.405200	281.949271
1.406400	280.943821
1.407600	279.940001
1.408800	278.937813
1.410000	277.937259
1.411200	276.938340
1.412400	275.941056
1.413600	274.945410
1.414800	273.951401
1.416000	272.959033
1.417200	271.968305
1.418400	270.979219
1.419600	269.991776
1.420800	269.005977
1.422000	268.021823
1.423200	267.039316
1.424400	266.058457
1.425600	265.079246
1.426800	264.101685
1.428000	263.125775
1.429200	262.151517
1.430400	261.178912
1.431600	260.207960
1.432800	259.238664
1.434000	258.271024
1.435200	257.305041
1.436400	256.340716
1.437600	255.378050
1.438800	254.417044
1.440000	253.457699
1.441200	252.500016
1.442400	251.543995
1.443600	250.589639
1.444800	249.636947
1.446000	248.685920
1.447200	247.736561
1.448400	246.788868
1.449600	245.842843
1.450800	244.898488
1.452000	243.955802
1.453200	243.014788
1.454400	242.075444
1.455600	241.137773
1.456800	240.201775
1.458000	239.267451
1.459200	238.334801
1.460400	237.403827
1.461600	236.474529
1.462800	235.546907
1.464000	234.620963
1.465200	233.696698
1.466400	232.774111
1.467600	231.853204
1.468800	230.933977
1.470000	230.016432
1.471200	229.100567
1.472400	228.186385
1.473600	227.273886
1.474800	226.363070
1.476000	225.453938
1.477200	224.546491
1.478400	223.640729
1.479600	222.736653
1.480800	221.834263
1.482000	220.933560
1.483200	220.034544
1.484400	219.137216
1.485600	218.241576
1.486800	217.347626
1.488000	216.455364
1.489200	215.564793
1.490400	214.675911
1.491600	213.788720
1.492800	212.903221
1.494000	212.019413
1.495200	211.137297
1.496400	210.256873
1.497600	209.378142
1.498800	208.501104
1.500000	207.625759
1.501200	206.752108
1.502400	205.880152
1.503600	205.009889
1.504800	204.141322
1.506000	203.274450
1.507200	202.409273
1.508400	201.545791
1.509600	200.684006
1.510800	199.823916
1.512000	198.965523
1.513200	198.108827
1.514400	197.253827
1.515600	196.400525
1.516800	195.548920
1.518000	194.699012
1.519200	193.850802
1.520400	193.004289
1.521600	192.159475
1.522800	191.316359
1.524000	190.474940
1.525200	189.635220
1.526400	188.797199
1.527600	187.960876
1.528800	187.126252
1.530000	186.293326
1.531200	185.462099
1.532400	184.632570
1.533600	183.804741
1.534800	182.978610
1.536000	182.154179
1.537200	181.331446
1.538400	180.510411
1.539600	179.691076
1.540800	178.873440
1.542000	178.057502
1.543200	177.243263
1.544400	176.430722
1.545600	175.619880
1.546800	174.810737
1.548000	174.003292
1.549200	173.197545
1.550400	172.393496
1.551600	171.591146
1.552800	170.790493
1.554000	169.991538
1.555200	169.194280
1.556400	168.398720
1.557600	167.604857
1.558800	166.812691
1.560000	166.022221
1.561200	165.233449
1.562400	164.446372
1.563600	163.660992
1.564800	162.877307
1.566000	162.095318
1.567200	161.315025
1.568400	160.536426
1.569600	159.759522
1.570800	158.984312
1.572000	158.210797
1.573200	157.438975
1.574400	156.668847
1.575600	155.900412
1.576800	155.133669
1.578000	154.368619
1.579200	153.605260
1.580400	152.843594
1.581600	152.083618
1.582800	151.325333
1.584000	150.568739
1.585200	149.813834
1.586400	149.060619
1.587600	148.309092
1.588800	147.559254
1.590000	146.811105
1.591200	146.064642
1.592400	145.319867
1.593600	144.576778
1.594800	143.835375
1.596000	143.095658
1.597200	142.357626
1.598400	141.621278
1.599600	140.886614
1.600800	140.153633
1.602000	139.422334
1.603200	138.692718
1.604400	137.964783
1.605600	137.238529
1.606800	136.513955
1.608000	135.791061
1.609200	135.069846
1.610400	134.350309
1.611600	133.632449
1.612800	132.916267
1.614000	132.201760
1.615200	131.488930
1.616400	130.777774
1.617600	130.068292
1.618800	129.360484
1.620000	128.654348
1.621200	127.949884
1.622400	127.247091
1.623600	126.545969
1.624800	125.846516
1.626000	125.148732
1.627200	124.452616
1.628400	123.758167
1.629600	123.065385
1.630800	122.374268
1.632000	121.684816
1.633200	120.997028
1.634400	120.310903
1.635600	119.626440
1.636800	118.943638
1.638000	118.262496
1.639200	117.583014
1.640400	116.905191
1.641600	116.229025
1.642800	115.554516
1.644000	114.881663
1.645200	114.210464
1.646400	113.540920
1.647600	112.873028
1.648800	112.206788
1.650000	111.542200
1.651200	110.879261
1.652400	110.217971
1.653600	109.558329
1.654800	108.900334
1.656000	108.243985
1.657200	107.589281
1.658400	106.936221
1.659600	106.284803
1.660800	105.635027
1.662000	104.986892
1.663200	104.340396
1.664400	103.695538
1.665600	103.052318
1.666800	102.410734
1.668000	101.770785
1.669200	101.132470
1.670400	100.495787
1.671600	99.860736
1.672800	99.227316
1.674000	98.595525
1.675200	97.965362
1.676400	97.336826
1.677600	96.709915
1.678800	96.084629
1.680000	95.460967
1.681200	94.838926
1.682400	94.218506
1.683600	93.599706
1.684800	92.982524
1.686000	92.366959
1.687200	91.753010
1.688400	91.140675
1.689600	90.529954
1.690800	89.920844
1.692000	89.313345
1.693200	88.707455
1.694400	88.103173
1.695600	87.500498
1.696800	86.899428
1.698000	86.299962
1.699200	85.702098
1.700400	85.105836
1.701600	84.511173
1.702800	83.918109
1.704000	83.326642
1.705200	82.736770
1.706400	82.148493
1.707600	81.561808
1.708800	80.976715
1.710000	80.393211
1.711200	79.811296
1.712400	79.230968
1.713600	78.652226
1.714800	78.075068
1.716000	77.499492
1.717200	76.925497
1.718400	76.353082
1.719600	75.782245
1.720800	75.212985
1.722000	74.645299
1.723200	74.079188
1.724400	73.514648
1.725600	72.951678
1.726800	72.390278
1.728000	71.830445
1.729200	71.272177
1.730400	70.715474
1.731600	70.160333
1.732800	69.606753
1.734000	69.054733
1.735200	68.504270
1.736400	67.955364
1.737600	67.408012
1.738800	66.862213
1.740000	66.317965
1.741200	65.775267
1.742400	65.234116
1.743600	64.694512
1.744800	64.156453
1.746000	63.619936
1.747200	63.084961
1.748400	62.551525
1.749600	62.019627
1.750800	61.489265
1.752000	60.960438
1.753200	60.433143
1.754400	59.907379
1.755600	59.383144
1.756800	58.860437
1.758000	58.339255
1.759200	57.819597
1.760400	57.301461
1.761600	56.784846
1.762800	56.269749
1.764000	55.756169
1.765200	55.244104
1.766400	54.733552
1.767600	54.224511
1.768800	53.716980
1.770000	53.210956
1.771200	52.706438
1.772400	52.203424
1.773600	51.701913
1.774800	51.201901
1.776000	50.703388
1.777200	50.206372
1.778400	49.710850
1.779600	49.216821
1.780800	48.724282
1.782000	48.233233
1.783200	47.743671
1.784400	47.255593
1.785600	46.768999
1.786800	46.283887
1.788000	45.800253
1.789200	45.318097
1.790400	44.837416
1.791600	44.358209
1.792800	43.880473
1.794000	43.404207
1.795200	42.929408
1.796400	42.456075
1.797600	41.984206
1.798800	41.513798
1.800000	41.044849
1.801200	40.577358
1.802400	40.111323
1.803600	39.646741
1.804800	39.183611
1.806000	38.721930
1.807200	38.261696
1.808400	37.802908
1.809600	37.345563
1.810800	36.889659
1.812000	36.435195
1.813200	35.982167
1.814400	35.530575
1.815600	35.080415
1.816800	34.631686
1.818000	34.184386
1.819200	33.738513
1.820400	33.294064
1.821600	32.851037
1.822800	32.409431
1.824000	31.969242
1.825200	31.530470
1.826400	31.093111
1.827600	30.657164
1.828800	30.222627
1.830000	29.789497
1.831200	29.357772
1.832400	28.927451
1.833600	28.498530
1.834800	28.071008
1.836000	27.644882
1.837200	27.220150
1.838400	26.796811
1.839600	26.374861
1.840800	25.954299
1.842000	25.535123
1.843200	25.117329
1.844400	24.700917
1.845600	24.285883
1.846800	23.872226
1.848000	23.459943
1.849200	23.049033
1.850400	22.639491
1.851600	22.231318
1.852800	21.824509
1.854000	21.419064
1.855200	21.014979
1.856400	20.612253
1.857600	20.210882
1.858800	19.810866
1.860000	19.412200
1.861200	19.014884
1.862400	18.618915
1.863600	18.224291
1.864800	17.831009
1.866000	17.439066
1.867200	17.048461
1.868400	16.659192
1.869600	16.271255
1.870800	15.884649
1.872000	15.499371
1.873200	15.115419
1.874400	14.732791
1.875600	14.351483
1.876800	13.971495
1.878000	13.592823
1.879200	13.215464
1.880400	12.839418
1.881600	12.464680
1.882800	12.091250
1.884000	11.719124
1.885200	11.348300
1.886400	10.978775
1.887600	10.610548
1.888800	10.243615
1.890000	9.877975
1.891200	9.513625
1.892400	9.150563
1.893600	8.788785
1.894800	8.428291
1.896000	8.069076
1.897200	7.711139
1.898400	7.354478
1.899600	6.999089
1.900800	6.644971
1.902000	6.292120
1.903200	5.940536
1.904400	5.590214
1.905600	5.241152
1.906800	4.893349
1.908000	4.546801
1.909200	4.201507
1.910400	3.857462
1.911600	3.514666
1.912800	3.173116
1.914000	2.832808
1.915200	2.493742
1.916400	2.155913
1.917600	1.819320
1.918800	1.483959
1.920000	1.149830
1.921200	0.816928
1.922400	0.485251
1.923600	0.154798
1.924800	0.174435
1.926000	0.502450
1.927200	0.829250
1.928400	1.154838
1.929600	1.479215
1.930800	1.802384
1.932000	2.124349
1.933200	2.445111
1.934400	2.764673
1.935600	3.083038
1.936800	3.400208
1.938000	3.716185
1.939200	4.030973
1.940400	4.344574
1.941600	4.656991
1.942800	4.968226
1.944000	5.278281
1.945200	5.587160
1.946400	5.894865
1.947600	6.201398
1.948800	6.506762
1.950000	6.810960
1.951200	7.113995
1.952400	7.415868
1.953600	7.716583
1.954800	8.016143
1.956000	8.314549
1.957200	8.611804
1.958400	8.907912
1.959600	9.202874
1.960800	9.496694
1.962000	9.789373
1.963200	10.080915
1.964400	10.371323
1.965600	10.660598
1.966800	10.948744
1.968000	11.235764
1.969200	11.521659
1.970400	11.806432
1.971600	12.090087
1.972800	12.372625
1.974000	12.654050
1.975200	12.934365
1.976400	13.213571
1.977600	13.491671
1.978800	13.768669
1.980000	14.044567
1.981200	14.319367
1.982400	14.593072
1.983600	14.865685
1.984800	15.137209
1.986000	15.407646
1.987200	15.676999
1.988400	15.945271
1.989600	16.212464
1.990800	16.478581
1.992000	16.743625
1.993200	17.007598
1.994400	17.270503
1.995600	17.532343
1.996800	17.793121
1.998000	18.052839
1.999200	18.311499
2.000400	18.569106
2.001600	18.825661
2.002800	19.081167
2.004000	19.335626
2.005200	19.589042
2.006400	19.841418
2.007600	20.092755
2.008800	20.343057
2.010000	20.592327
2.011200	20.840566
2.012400	21.087779
2.013600	21.333967
2.014800	21.579133
2.016000	21.823280
2.017200	22.066411
2.018400	22.308529
2.019600	22.549636
2.020800	22.789734
2.022000	23.028828
2.023200	23.266919
2.024400	23.504010
2.025600	23.740104
2.026800	23.975204
2.028000	24.209312
2.029200	24.442431
2.030400	24.674565
2.031600	24.905714
2.032800	25.135884
2.034000	25.365075
2.035200	25.593292
2.036400	25.820536
2.037600	26.046810
2.038800	26.272118
2.040000	26.496461
2.041200	26.719843
2.042400	26.942267
2.043600	27.163735
2.044800	27.384249
2.046000	27.603814
2.047200	27.822431
2.048400	28.040103
2.049600	28.256833
2.050800	28.472624
2.052000	28.687478
2.053200	28.901399
2.054400	29.114388
2.055600	29.326450
2.056800	29.537586
2.058000	29.747799
2.059200	29.957092
2.060400	30.165468
2.061600	30.372930
2.062800	30.579480
2.064000	30.785122
2.065200	30.989857
2.066400	31.193689
2.067600	31.396620
2.068800	31.598654
2.070000	31.799792
2.071200	32.000039
2.072400	32.199395
2.073600	32.397866
2.074800	32.595452
2.076000	32.792157
2.077200	32.987983
2.078400	33.182934
2.079600	33.377012
2.080800	33.570220
2.082000	33.762561
2.083200	33.954037
2.084400	34.144651
2.085600	34.334406
2.086800	34.523305
2.088000	34.711350
2.089200	34.898545
2.090400	35.084891
2.091600	35.270393
2.092800	35.455052
2.094000	35.638871
2.095200	35.821853
2.096400	36.004001
2.097600	36.185318
2.098800	36.365806
2.100000	36.545469
2.101200	36.724308
2.102400	36.902327
2.103600	37.079528
2.104800	37.255915
2.106000	37.431489
2.107200	37.606254
2.108400	37.780213
2.109600	37.953368
2.110800	38.125722
2.112000	38.297277
2.113200	38.468037
2.114400	38.638005
2.115600	38.807182
2.116800	38.975572
2.118000	39.143178
2.119200	39.310002
2.120400	39.476047
2.121600	39.641315
2.122800	39.805810
2.124000	39.969535
2.125200	40.132491
2.126400	40.294682
2.127600	40.456111
2.128800	40.616780
2.130000	40.776692
2.131200	40.935849
2.132400	41.094255
2.133600	41.251912
2.134800	41.408824
2.136000	41.564991
2.137200	41.720419
2.138400	41.875108
2.139600	42.029062
2.140800	42.182284
2.142000	42.334776
2.143200	42.486541
2.144400	42.637583
2.145600	42.787902
2.146800	42.937503
2.148000	43.086388
2.149200	43.234559
2.150400	43.382020
2.151600	43.528773
2.152800	43.674820
2.154000	43.820166
2.155200	43.964811
2.156400	44.108760
2.157600	44.252014
2.158800	44.394576
2.160000	44.536450
2.161200	44.677637
2.162400	44.818141
2.163600	44.957964
2.164800	45.097109
2.166000	45.235578
2.167200	45.373375
2.168400	45.510502
2.169600	45.646961
2.170800	45.782756
2.172000	45.917889
2.173200	46.052362
2.174400	46.186179
2.175600	46.319342
2.176800	46.451854
2.178000	46.583717
2.179200	46.714934
2.180400	46.845508
2.181600	46.975442
2.182800	47.104737
2.184000	47.233397
2.185200	47.361425
2.186400	47.488823
2.187600	47.615593
2.188800	47.741739
2.190000	47.867263
2.191200	47.992168
2.192400	48.116456
2.193600	48.240130
2.194800	48.363193
2.196000	48.485646
2.197200	48.607494
2.198400	48.728739
2.199600	48.849382
2.200800	48.969428
2.202000	49.088877
2.203200	49.207734
2.204400	49.326001
2.205600	49.443680
2.206800	49.560773
2.208000	49.677285
2.209200	49.793216
2.210400	49.908570
2.211600	50.023350
2.212800	50.137557
2.214000	50.251195
2.215200	50.364266
2.216400	50.476773
2.217600	50.588718
2.218800	50.700105
2.220000	50.810934
2.221200	50.921210
2.222400	51.030934
2.223600	51.140110
2.224800	51.248740
2.226000	51.356825
2.227200	51.464370
2.228400	51.571377
2.229600	51.677847
2.230800	51.783784
2.232000	51.889190
2.233200	51.994068
2.234400	52.098420
2.235600	52.202249
2.236800	52.305558
2.238000	52.408348
2.239200	52.510623
2.240400	52.612384
2.241600	52.713636
2.242800	52.814379
2.244000	52.914617
2.245200	53.014351
2.246400	53.113586
2.247600	53.212322
2.248800	53.310563
2.250000	53.408311
2.251200	53.505569
2.252400	53.602339
2.253600	53.698623
2.254800	53.794424
2.256000	53.889745
2.257200	53.984588
2.258400	54.078956
2.259600	54.172850
2.260800	54.266274
2.262000	54.359230
2.263200	54.451720
2.264400	54.543747
2.265600	54.635313
2.266800	54.726421
2.268000	54.817074
2.269200	54.907272
2.270400	54.997020
2.271600	55.086320
2.272800	55.175173
2.274000	55.263583
2.275200	55.351552
2.276400	55.439081
2.277600	55.526175
2.278800	55.612834
2.280000	55.699062
2.281200	55.784861
2.282400	55.870233
2.283600	55.955181
2.284800	56.039706
2.286000	56.123812
2.287200	56.207501
2.288400	56.290775
2.289600	56.373637
2.290800	56.456089
2.292000	56.538133
2.293200	56.619771
2.294400	56.701007
2.295600	56.781842
2.296800	56.862278
2.298000	56.942319
2.299200	57.021966
2.300400	57.101222
2.301600	57.180089
2.302800	57.258570
2.304000	57.336666
2.305200	57.414380
2.306400	57.491715
2.307600	57.568672
2.308800	57.645254
2.310000	57.721464
2.311200	57.797303
2.312400	57.872774
2.313600	57.947879
2.314800	58.022620
2.316000	58.097001
2.317200	58.171022
2.318400	58.244686
2.319600	58.317996
2.320800	58.390954
2.322000	58.463562
2.323200	58.535822
2.324400	58.607737
2.325600	58.679308
2.326800	58.750539
2.328000	58.821430
2.329200	58.891985
2.330400	58.962206
2.331600	59.032095
2.332800	59.101654
2.334000	59.170885
2.335200	59.239791
2.336400	59.308373
2.337600	59.376634
2.338800	59.444577
2.340000	59.512202
2.341200	59.579514
2.342400	59.646512
2.343600	59.713201
2.344800	59.779582
2.346000	59.845656
2.347200	59.911427
2.348400	59.976897
2.349600	60.042066
2.350800	60.106939
2.352000	60.171516
2.353200	60.235801
2.354400	60.299794
2.355600	60.363499
2.356800	60.426917
2.358000	60.490050
2.359200	60.552901
2.360400	60.615472
2.361600	60.677764
2.362800	60.739780
2.364000	60.801522
2.365200	60.862992
2.366400	60.924192
2.367600	60.985124
2.368800	61.045790
2.370000	61.106192
2.371200	61.166332
2.372400	61.226213
2.373600	61.285836
2.374800	61.345204
2.376000	61.404317
2.377200	61.463180
2.378400	61.521792
2.379600	61.580157
2.380800	61.638277
2.382000	61.696153
2.383200	61.753787
2.384400	61.811182
2.385600	61.868339
2.386800	61.925260
2.388000	61.981948
2.389200	62.038404
2.390400	62.094631
2.391600	62.150629
2.392800	62.206402
2.394000	62.261951
2.395200	62.317278
2.396400	62.372385
2.397600	62.427274
2.398800	62.481947
2.400000	62.536405
2.401200	62.590651
2.402400	62.644687
2.403600	62.698514
2.404800	62.752135
2.406000	62.805551
2.407200	62.858764
2.408400	62.911776
2.409600	62.964588
2.410800	63.017204
2.412000	63.069624
2.413200	63.121851
2.414400	63.173886
2.415600	63.225731
2.416800	63.277388
2.418000	63.328859
2.419200	63.380145
2.420400	63.431249
2.421600	63.482172
2.422800	63.532917
2.424000	63.583484
2.425200	63.633876
2.426400	63.684094
2.427600	63.734140
2.428800	63.784017
2.430000	63.833725
2.431200	63.883267
2.432400	63.932644
2.433600	63.981858
2.434800	64.030911
2.436000	64.079804
2.437200	64.128540
2.438400	64.177119
2.439600	64.225545
2.440800	64.273817
2.442000	64.321939
2.443200	64.369912
2.444400	64.417738
2.445600	64.465417
2.446800	64.512953
2.448000	64.560346
2.449200	64.607598
2.450400	64.654711
2.451600	64.701687
2.452800	64.748527
2.454000	64.795233
2.455200	64.841807
2.456400	64.888250
2.457600	64.934563
2.458800	64.980749
2.460000	65.026809
2.461200	65.072745
2.462400	65.118558
2.463600	65.164250
2.464800	65.209822
2.466000	65.255276
2.467200	65.300614
2.468400	65.345837
2.469600	65.390947
2.470800	65.435945
2.472000	65.480833
2.473200	65.525613
2.474400	65.570285
2.475600	65.614852
2.476800	65.659315
2.478000	65.703676
2.479200	65.747935
2.480400	65.792095
2.481600	65.836158
2.482800	65.880124
2.484000	65.923994
2.485200	65.967772
2.486400	66.011457
2.487600	66.055052
2.488800	66.098558
2.490000	66.141977
2.491200	66.185309
2.492400	66.228557
2.493600	66.271721
2.494800	66.314803
2.496000	66.357806
2.497200	66.400729
2.498400	66.443574
2.499600	66.486344
2.500800	66.529039
2.502000	66.571660
2.503200	66.614210
2.504400	66.656689
2.505600	66.699098
2.506800	66.741440
2.508000	66.783716
2.509200	66.825926
2.510400	66.868073
2.511600	66.910157
2.512800	66.952180
2.514000	66.994143
2.515200	67.036048
2.516400	67.077895
2.517600	67.119687
2.518800	67.161425
2.520000	67.203109
2.521200	67.244741
2.522400	67.286323
2.523600	67.327855
2.524800	67.369339
2.526000	67.410776
2.527200	67.452168
2.528400	67.493515
2.529600	67.534819
2.530800	67.576082
2.532000	67.617304
2.533200	67.658486
2.534400	67.699630
2.535600	67.740737
2.536800	67.781809
2.538000	67.822846
2.539200	67.863849
2.540400	67.904820
2.541600	67.945760
2.542800	67.986671
2.544000	68.027552
2.545200	68.068407
2.546400	68.109234
2.547600	68.150037
2.548800	68.190815
2.550000	68.231571
2.551200	68.272304
2.552400	68.313017
2.553600	68.353710
2.554800	68.394385
2.556000	68.435042
2.557200	68.475682
2.558400	68.516308
2.559600	68.556919
2.560800	68.597518
2.562000	68.638104
2.563200	68.678679
2.564400	68.719244
2.565600	68.759800
2.566800	68.800349
2.568000	68.840890
2.569200	68.881426
2.570400	68.921957
2.571600	68.962484
2.572800	69.003008
2.574000	69.043531
2.575200	69.084052
2.576400	69.124574
2.577600	69.165097
2.578800	69.205622
2.580000	69.246150
2.581200	69.286682
2.582400	69.327220
2.583600	69.367763
2.584800	69.408312
2.586000	69.448870
2.587200	69.489436
2.588400	69.530012
2.589600	69.570598
2.590800	69.611196
2.592000	69.651806
2.593200	69.692429
2.594400	69.733067
2.595600	69.773719
2.596800	69.814387
2.598000	69.855072
2.599200	69.895774
2.600400	69.936494
2.601600	69.977234
2.602800	70.017994
2.604000	70.058774
2.605200	70.099577
2.606400	70.140401
2.607600	70.181249
2.608800	70.222122
2.610000	70.263019
2.611200	70.303941
2.612400	70.344890
2.613600	70.385867
2.614800	70.426871
2.616000	70.467904
2.617200	70.508966
2.618400	70.550059
2.619600	70.591183
2.620800	70.632338
2.622000	70.673526
2.623200	70.714747
2.624400	70.756002
2.625600	70.797291
2.626800	70.838615
2.628000	70.879976
2.629200	70.921373
2.630400	70.962807
2.631600	71.004280
2.632800	71.045791
2.634000	71.087341
2.635200	71.128931
2.636400	71.170562
2.637600	71.212234
2.638800	71.253947
2.640000	71.295704
2.641200	71.337503
2.642400	71.379346
2.643600	71.421233
2.644800	71.463165
2.646000	71.505143
2.647200	71.547167
2.648400	71.589237
2.649600	71.631354
2.650800	71.673519
2.652000	71.715733
2.653200	71.757995
2.654400	71.800307
2.655600	71.842669
2.656800	71.885081
2.658000	71.927544
2.659200	71.970058
2.660400	72.012625
2.661600	72.055244
2.662800	72.097916
2.664000	72.140642
2.665200	72.183421
2.666400	72.226255
2.667600	72.269144
2.668800	72.312088
2.670000	72.355088
2.671200	72.398145
2.672400	72.441258
2.673600	72.484428
2.674800	72.527656
2.676000	72.570941
2.677200	72.614286
2.678400	72.657688
2.679600	72.701151
2.680800	72.744672
2.682000	72.788254
2.683200	72.831896
2.684400	72.875599
2.685600	72.919363
2.686800	72.963189
2.688000	73.007076
2.689200	73.051025
2.690400	73.095037
2.691600	73.139112
2.692800	73.183250
2.694000	73.227452
2.695200	73.271717
2.696400	73.316047
2.697600	73.360441
2.698800	73.404899
2.700000	73.449423
2.701200	73.494012
2.702400	73.538667
2.703600	73.583387
2.704800	73.628173
2.706000	73.673026
2.707200	73.717946
2.708400	73.762932
2.709600	73.807985
2.710800	73.853106
2.712000	73.898294
2.713200	73.943551
2.714400	73.988875
2.715600	74.034267
2.716800	74.079727
2.718000	74.125256
2.719200	74.170854
2.720400	74.216521
2.721600	74.262257
2.722800	74.308062
2.724000	74.353937
2.725200	74.399881
2.726400	74.445895
2.727600	74.491979
2.728800	74.538132
2.730000	74.584356
2.731200	74.630650
2.732400	74.677015
2.733600	74.723450
2.734800	74.769955
2.736000	74.816531
2.737200	74.863178
2.738400	74.909896
2.739600	74.956685
2.740800	75.003544
2.742000	75.050475
2.743200	75.097477
2.744400	75.144550
2.745600	75.191694
2.746800	75.238909
2.748000	75.286196
2.749200	75.333554
2.750400	75.380983
2.751600	75.428484
2.752800	75.476056
2.754000	75.523699
2.755200	75.571413
2.756400	75.619199
2.757600	75.667056
2.758800	75.714985
2.760000	75.762984
2.761200	75.811055
2.762400	75.859197
2.763600	75.907411
2.764800	75.955695
2.766000	76.004050
2.767200	76.052476
2.768400	76.100973
2.769600	76.149541
2.770800	76.198180
2.772000	76.246889
2.773200	76.295668
2.774400	76.344518
2.775600	76.393439
2.776800	76.442429
2.778000	76.491490
2.779200	76.540620
2.780400	76.589820
2.781600	76.639090
2.782800	76.688430
2.784000	76.737839
2.785200	76.787317
2.786400	76.836864
2.787600	76.886479
2.788800	76.936164
2.790000	76.985917
2.791200	77.035738
2.792400	77.085628
2.793600	77.135585
2.794800	77.185611
2.796000	77.235703
2.797200	77.285863
2.798400	77.336090
2.799600	77.386384
2.800800	77.436745
2.802000	77.487172
2.803200	77.537665
2.804400	77.588223
2.805600	77.638848
2.806800	77.689538
2.808000	77.740293
2.809200	77.791112
2.810400	77.841997
2.811600	77.892945
2.812800	77.943957
2.814000	77.995034
2.815200	78.046173
2.816400	78.097375
2.817600	78.148640
2.818800	78.199968
2.820000	78.251358
2.821200	78.302809
2.822400	78.354322
2.823600	78.405895
2.824800	78.457530
2.826000	78.509225
2.827200	78.560980
2.828400	78.612794
2.829600	78.664668
2.830800	78.716600
2.832000	78.768592
2.833200	78.820641
2.834400	78.872748
2.835600	78.924912
2.836800	78.977133
2.838000	79.029411
2.839200	79.081744
2.840400	79.134134
2.841600	79.186578
2.842800	79.239078
2.844000	79.291632
2.845200	79.344239
2.846400	79.396901
2.847600	79.449615
2.848800	79.502382
2.850000	79.555201
2.851200	79.608071
2.852400	79.660993
2.853600	79.713965
2.854800	79.766988
2.856000	79.820060
2.857200	79.873182
2.858400	79.926352
2.859600	79.979570
2.860800	80.032836
2.862000	80.086150
2.863200	80.139510
2.864400	80.192916
2.865600	80.246367
2.866800	80.299864
2.868000	80.353405
2.869200	80.406990
2.870400	80.460619
2.871600	80.514291
2.872800	80.568004
2.874000	80.621760
2.875200	80.675556
2.876400	80.729394
2.877600	80.783271
2.878800	80.837188
2.880000	80.891143
2.881200	80.945137
2.882400	80.999168
2.883600	81.053236
2.884800	81.107341
2.886000	81.161481
2.887200	81.215657
2.888400	81.269867
2.889600	81.324111
2.890800	81.378388
2.892000	81.432698
2.893200	81.487040
2.894400	81.541413
2.895600	81.595817
2.896800	81.650251
2.898000	81.704714
2.899200	81.759206
2.900400	81.813725
2.901600	81.868272
2.902800	81.922846
2.904000	81.977446
2.905200	82.032071
2.906400	82.086720
2.907600	82.141393
2.908800	82.196090
2.910000	82.250808
2.911200	82.305549
2.912400	82.360310
2.913600	82.415092
2.914800	82.469893
2.916000	82.524713
2.917200	82.579551
2.918400	82.634406
2.919600	82.689278
2.920800	82.744166
2.922000	82.799069
2.923200	82.853986
2.924400	82.908916
2.925600	82.963859
2.926800	83.018815
2.928000	83.073781
2.929200	83.128758
2.930400	83.183744
2.931600	83.238739
2.932800	83.293742
2.934000	83.348753
2.935200	83.403769
2.936400	83.458792
2.937600	83.513819
2.938800	83.568850
2.940000	83.623884
2.941200	83.678921
2.942400	83.733959
2.943600	83.788998
2.944800	83.844036
2.946000	83.899074
2.947200	83.954110
2.948400	84.009142
2.949600	84.064172
2.950800	84.119197
2.952000	84.174216
2.953200	84.229229
2.954400	84.284236
2.955600	84.339234
2.956800	84.394224
2.958000	84.449204
2.959200	84.504173
2.960400	84.559131
2.961600	84.614076
2.962800	84.669008
2.964000	84.723926
2.965200	84.778829
2.966400	84.833716
2.967600	84.888586
2.968800	84.943438
2.970000	84.998272
2.971200	85.053086
2.972400	85.107879
2.973600	85.162650
2.974800	85.217400
2.976000	85.272125
2.977200	85.326827
2.978400	85.381503
2.979600	85.436153
2.980800	85.490775
2.982000	85.545370
2.983200	85.599935
2.984400	85.654470
2.985600	85.708974
2.986800	85.763446
2.988000	85.817885
2.989200	85.872290
2.990400	85.926661
2.991600	85.980995
2.992800	86.035292
2.994000	86.089551
2.995200	86.143771
2.996400	86.197951
2.997600	86.252091
2.998800	86.306188
3.000000	86.360242
3.001200	86.414253
3.002400	86.468218
3.003600	86.522137
3.004800	86.576009
3.006000	86.629833
3.007200	86.683608
3.008400	86.737333
3.009600	86.791007
3.010800	86.844628
3.012000	86.898197
3.013200	86.951710
3.014400	87.005169
3.015600	87.058571
3.016800	87.111916
3.018000	87.165202
3.019200	87.218428
3.020400	87.271594
3.021600	87.324698
3.022800	87.377739
3.024000	87.430716
3.025200	87.483629
3.026400	87.536475
3.027600	87.589255
3.028800	87.641966
3.030000	87.694607
3.031200	87.747179
3.032400	87.799679
3.033600	87.852106
3.034800	87.904460
3.036000	87.956739
3.037200	88.008942
3.038400	88.061068
3.039600	88.113116
3.040800	88.165085
3.042000	88.216973
3.043200	88.268780
3.044400	88.320505
3.045600	88.372145
3.046800	88.423701
3.048000	88.475171
3.049200	88.526554
3.050400	88.577849
3.051600	88.629054
3.052800	88.680169
3.054000	88.731193
3.055200	88.782123
3.056400	88.832960
3.057600	88.883701
3.058800	88.934347
3.060000	88.984895
3.061200	89.035344
3.062400	89.085694
3.063600	89.135943
3.064800	89.186090
3.066000	89.236133
3.067200	89.286073
3.068400	89.335907
3.069600	89.385634
3.070800	89.435253
3.072000	89.484764
3.073200	89.534164
3.074400	89.583453
3.075600	89.632629
3.076800	89.681691
3.078000	89.730639
3.079200	89.779470
3.080400	89.828184
3.081600	89.876780
3.082800	89.925255
3.084000	89.973610
3.085200	90.021843
3.086400	90.069953
3.087600	90.117938
3.088800	90.165797
3.090000	90.213529
3.091200	90.261133
3.092400	90.308608
3.093600	90.355953
3.094800	90.403165
3.096000	90.450245
3.097200	90.497190
3.098400	90.544000
3.099600	90.590674
3.100800	90.637209
3.102000	90.683605
3.103200	90.729861
3.104400	90.775976
3.105600	90.821948
3.106800	90.867776
3.108000	90.913458
3.109200	90.958994
3.110400	91.004382
3.111600	91.049622
3.112800	91.094711
3.114000	91.139649
3.115200	91.184434
3.116400	91.229065
3.117600	91.273541
3.118800	91.317861
3.120000	91.362023
3.121200	91.406026
3.122400	91.449870
3.123600	91.493551
3.124800	91.537070
3.126000	91.580425
3.127200	91.623615
3.128400	91.666639
3.129600	91.709495
3.130800	91.752182
3.132000	91.794698
3.133200	91.837044
3.134400	91.879216
3.135600	91.921215
3.136800	91.963038
3.138000	92.004685
3.139200	92.046154
3.140400	92.087444
3.141600	92.128554
3.142800	92.169482
3.144000	92.210228
3.145200	92.250789
3.146400	92.291165
3.147600	92.331354
3.148800	92.371355
3.150000	92.411167
3.151200	92.450788
3.152400	92.490218
3.153600	92.529455
3.154800	92.568497
3.156000	92.607344
3.157200	92.645994
3.158400	92.684446
3.159600	92.722698
3.160800	92.760749
3.162000	92.798599
3.163200	92.836245
3.164400	92.873686
3.165600	92.910922
3.166800	92.947951
3.168000	92.984771
3.169200	93.021381
3.170400	93.057781
3.171600	93.093968
3.172800	93.129941
3.174000	93.165700
3.175200	93.201242
3.176400	93.236567
3.177600	93.271673
3.178800	93.306559
3.180000	93.341224
3.181200	93.375666
3.182400	93.409885
3.183600	93.443878
3.184800	93.477644
3.186000	93.511183
3.187200	93.544493
3.188400	93.577572
3.189600	93.610420
3.190800	93.643034
3.192000	93.675415
3.193200	93.707559
3.194400	93.739467
3.195600	93.771137
3.196800	93.802568
3.198000	93.833757
3.199200	93.864705
3.200400	93.895409
3.201600	93.925869
3.202800	93.956083
3.204000	93.986049
3.205200	94.015767
3.206400	94.045236
3.207600	94.074453
3.208800	94.103417
3.210000	94.132129
3.211200	94.160585
3.212400	94.188785
3.213600	94.216727
3.214800	94.244410
3.216000	94.271834
3.217200	94.298996
3.218400	94.325895
3.219600	94.352530
3.220800	94.378900
3.222000	94.405003
3.223200	94.430838
3.224400	94.456404
3.225600	94.481700
3.226800	94.506724
3.228000	94.531474
3.229200	94.555951
3.230400	94.580152
3.231600	94.604075
3.232800	94.627721
3.234000	94.651087
3.235200	94.674173
3.236400	94.696976
3.237600	94.719496
3.238800	94.741731
3.240000	94.763680
3.241200	94.785342
3.242400	94.806716
3.243600	94.827800
3.244800	94.848593
3.246000	94.869093
3.247200	94.889300
3.248400	94.909212
3.249600	94.928827
3.250800	94.948145
3.252000	94.967165
3.253200	94.985884
3.254400	95.004303
3.255600	95.022418
3.256800	95.040230
3.258000	95.057736
3.259200	95.074937
3.260400	95.091829
3.261600	95.108413
3.262800	95.124686
3.264000	95.140648
3.265200	95.156297
3.266400	95.171633
3.267600	95.186653
3.268800	95.201356
3.270000	95.215742
3.271200	95.229808
3.272400	95.243555
3.273600	95.256979
3.274800	95.270081
3.276000	95.282859
3.277200	95.295311
3.278400	95.307437
3.279600	95.319235
3.280800	95.330704
3.282000	95.341842
3.283200	95.352649
3.284400	95.363123
3.285600	95.373263
3.286800	95.383068
3.288000	95.392536
3.289200	95.401666
3.290400	95.410457
3.291600	95.418908
3.292800	95.427017
3.294000	95.434783
3.295200	95.442206
3.296400	95.449283
3.297600	95.456013
3.298800	95.462396
3.300000	95.468430
3.301200	95.474114
3.302400	95.479446
3.303600	95.484426
3.304800	95.489052
3.306000	95.493323
3.307200	95.497237
3.308400	95.500794
3.309600	95.503992
3.310800	95.506831
3.312000	95.509308
3.313200	95.511423
3.314400	95.513174
3.315600	95.514560
3.316800	95.515581
3.318000	95.516234
3.319200	95.516519
3.320400	95.516434
3.321600	95.515979
3.322800	95.515151
3.324000	95.513950
3.325200	95.512375
3.326400	95.510425
3.327600	95.508097
3.328800	95.505392
3.330000	95.502308
3.331200	95.498843
3.332400	95.494997
3.333600	95.490768
3.334800	95.486155
3.336000	95.481158
3.337200	95.475774
3.338400	95.470003
3.339600	95.463843
3.340800	95.457294
3.342000	95.450353
3.343200	95.443021
3.344400	95.435296
3.345600	95.427176
3.346800	95.418661
3.348000	95.409749
3.349200	95.400440
3.350400	95.390731
3.351600	95.380623
3.352800	95.370113
3.354000	95.359201
3.355200	95.347886
3.356400	95.336166
3.357600	95.324040
3.358800	95.311507
3.360000	95.298566
3.361200	95.285216
3.362400	95.271456
3.363600	95.257285
3.364800	95.242701
3.366000	95.227704
3.367200	95.212291
3.368400	95.196463
3.369600	95.180218
3.370800	95.163555
3.372000	95.146473
3.373200	95.128971
3.374400	95.111047
3.375600	95.092701
3.376800	95.073932
3.378000	95.054737
3.379200	95.035118
3.380400	95.015071
3.381600	94.994596
3.382800	94.973693
3.384000	94.952360
3.385200	94.930595
3.386400	94.908399
3.387600	94.885769
3.388800	94.862705
3.390000	94.839206
3.391200	94.815270
3.392400	94.790897
3.393600	94.766085
3.394800	94.740834
3.396000	94.715142
3.397200	94.689009
3.398400	94.662433
3.399600	94.635413
3.400800	94.607949
3.402000	94.580039
3.403200	94.551682
3.404400	94.522877
3.405600	94.493624
3.406800	94.463920
3.408000	94.433766
3.409200	94.403160
3.410400	94.372101
3.411600	94.340588
3.412800	94.308620
3.414000	94.276197
3.415200	94.243316
3.416400	94.209978
3.417600	94.176180
3.418800	94.141923
3.420000	94.107206
3.421200	94.072026
3.422400	94.036383
3.423600	94.000277
3.424800	93.963706
3.426000	93.926670
3.427200	93.889166
3.428400	93.851196
3.429600	93.812756
3.430800	93.773847
3.432000	93.734468
3.433200	93.694617
3.434400	93.654294
3.435600	93.613498
3.436800	93.572227
3.438000	93.530482
3.439200	93.488260
3.440400	93.445561
3.441600	93.402384
3.442800	93.358729
3.444000	93.314593
3.445200	93.269978
3.446400	93.224880
3.447600	93.179300
3.448800	93.133237
3.450000	93.086689
3.451200	93.039657
3.452400	92.992138
3.453600	92.944132
3.454800	92.895639
3.456000	92.846657
3.457200	92.797185
3.458400	92.747223
3.459600	92.696770
3.460800	92.645824
3.462000	92.594386
3.463200	92.542453
3.464400	92.490026
3.465600	92.437104
3.466800	92.383685
3.468000	92.329768
3.469200	92.275354
3.470400	92.220441
3.471600	92.165028
3.472800	92.109115
3.474000	92.052700
3.475200	91.995783
3.476400	91.938363
3.477600	91.880440
3.478800	91.822012
3.480000	91.763078
3.481200	91.703638
3.482400	91.643691
3.483600	91.583237
3.484800	91.522274
3.486000	91.460801
3.487200	91.398819
3.488400	91.336325
3.489600	91.273320
3.490800	91.209803
3.492000	91.145773
3.493200	91.081228
3.494400	91.016169
3.495600	90.950595
3.496800	90.884504
3.498000	90.817897
3.499200	90.750771
3.500400	90.683128
3.501600	90.614966
3.502800	90.546283
3.504000	90.477081
3.505200	90.407357
3.506400	90.337111
3.507600	90.266342
3.508800	90.195051
3.510000	90.123235
3.511200	90.050894
3.512400	89.978029
3.513600	89.904637
3.514800	89.830718
3.516000	89.756272
3.517200	89.681298
3.518400	89.605795
3.519600	89.529763
3.520800	89.453200
3.522000	89.376107
3.523200	89.298483
3.524400	89.220327
3.525600	89.141638
3.526800	89.062415
3.528000	88.982659
3.529200	88.902368
3.530400	88.821543
3.531600	88.740181
3.532800	88.658283
3.534000	88.575848
3.535200	88.492876
3.536400	88.409366
3.537600	88.325316
3.538800	88.240728
3.540000	88.155599
3.541200	88.069930
3.542400	87.983720
3.543600	87.896968
3.544800	87.809674
3.546000	87.721838
3.547200	87.633458
3.548400	87.544534
3.549600	87.455066
3.550800	87.365052
3.552000	87.274494
3.553200	87.183389
3.554400	87.091738
3.555600	86.999540
3.556800	86.906794
3.558000	86.813500
3.559200	86.719657
3.560400	86.625266
3.561600	86.530325
3.562800	86.434833
3.564000	86.338792
3.565200	86.242199
3.566400	86.145054
3.567600	86.047358
3.568800	85.949109
3.570000	85.850307
3.571200	85.750952
3.572400	85.651043
3.573600	85.550579
3.574800	85.449561
3.576000	85.347988
3.577200	85.245859
3.578400	85.143174
3.579600	85.039933
3.580800	84.936135
3.582000	84.831779
3.583200	84.726866
3.584400	84.621394
3.585600	84.515364
3.586800	84.408775
3.588000	84.301627
3.589200	84.193919
3.590400	84.085652
3.591600	83.976823
3.592800	83.867434
3.594000	83.757484
3.595200	83.646972
3.596400	83.535898
3.597600	83.424262
3.598800	83.312064
3.600000	83.199302
3.601200	83.085978
3.602400	82.972089
3.603600	82.857637
3.604800	82.742621
3.606000	82.627040
3.607200	82.510894
3.608400	82.394183
3.609600	82.276907
3.610800	82.159065
3.612000	82.040656
3.613200	81.921682
3.614400	81.802141
3.615600	81.682033
3.616800	81.561358
3.618000	81.440115
3.619200	81.318305
3.620400	81.195927
3.621600	81.072981
3.622800	80.949467
3.624000	80.825384
3.625200	80.700732
3.626400	80.575511
3.627600	80.449720
3.628800	80.323361
3.630000	80.196431
3.631200	80.068931
3.632400	79.940862
3.633600	79.812222
3.634800	79.683011
3.636000	79.553230
3.637200	79.422878
3.638400	79.291955
3.639600	79.160461
3.640800	79.028395
3.642000	78.895758
3.643200	78.762549
3.644400	78.628768
3.645600	78.494416
3.646800	78.359491
3.648000	78.223994
3.649200	78.087925
3.650400	77.951283
3.651600	77.814068
3.652800	77.676281
3.654000	77.537921
3.655200	77.398988
3.656400	77.259482
3.657600	77.119403
3.658800	76.978751
3.660000	76.837526
3.661200	76.695727
3.662400	76.553355
3.663600	76.410410
3.664800	76.266891
3.666000	76.122798
3.667200	75.978132
3.668400	75.832892
3.669600	75.687079
3.670800	75.540692
3.672000	75.393731
3.673200	75.246196
3.674400	75.098088
3.675600	74.949406
3.676800	74.800150
3.678000	74.650321
3.679200	74.499917
3.680400	74.348940
3.681600	74.197390
3.682800	74.045265
3.684000	73.892567
3.685200	73.739296
3.686400	73.585451
3.687600	73.431032
3.688800	73.276040
3.690000	73.120475
3.691200	72.964336
3.692400	72.807624
3.693600	72.650339
3.694800	72.492480
3.696000	72.334049
3.697200	72.175045
3.698400	72.015468
3.699600	71.855318
3.700800	71.694596
3.702000	71.533301
3.703200	71.371434
3.704400	71.208994
3.705600	71.045983
3.706800	70.882399
3.708000	70.718244
3.709200	70.553517
3.710400	70.388218
3.711600	70.222348
3.712800	70.055907
3.714000	69.888895
3.715200	69.721312
3.716400	69.553158
3.717600	69.384434
3.718800	69.215139
3.720000	69.045275
3.721200	68.874840
3.722400	68.703836
3.723600	68.532262
3.724800	68.360120
3.726000	68.187408
3.727200	68.014127
3.728400	67.840278
3.729600	67.665860
3.730800	67.490875
3.732000	67.315321
3.733200	67.139200
3.734400	66.962512
3.735600	66.785257
3.736800	66.607435
3.738000	66.429046
3.739200	66.250092
3.740400	66.070571
3.741600	65.890485
3.742800	65.709834
3.744000	65.528617
3.745200	65.346837
3.746400	65.164491
3.747600	64.981582
3.748800	64.798109
3.750000	64.614073
3.751200	64.429474
3.752400	64.244312
3.753600	64.058588
3.754800	63.872302
3.756000	63.685454
3.757200	63.498046
3.758400	63.310076
3.759600	63.121546
3.760800	62.932456
3.762000	62.742807
3.763200	62.552598
3.764400	62.361830
3.765600	62.170504
3.766800	61.978620
3.768000	61.786178
3.769200	61.593179
3.770400	61.399624
3.771600	61.205512
3.772800	61.010844
3.774000	60.815621
3.775200	60.619843
3.776400	60.423511
3.777600	60.226625
3.778800	60.029185
3.780000	59.831192
3.781200	59.632646
3.782400	59.433548
3.783600	59.233899
3.784800	59.033699
3.786000	58.832948
3.787200	58.631647
3.788400	58.429797
3.789600	58.227397
3.790800	58.024449
3.792000	57.820953
3.793200	57.616910
3.794400	57.412320
3.795600	57.207183
3.796800	57.001501
3.798000	56.795273
3.799200	56.588501
3.800400	56.381185
3.801600	56.173325
3.802800	55.964922
3.804000	55.755977
3.805200	55.546491
3.806400	55.336463
3.807600	55.125894
3.808800	54.914786
3.810000	54.703139
3.811200	54.490953
3.812400	54.278228
3.813600	54.064967
3.814800	53.851168
3.816000	53.636834
3.817200	53.421964
3.818400	53.206559
3.819600	52.990620
3.820800	52.774148
3.822000	52.557143
3.823200	52.339606
3.824400	52.121537
3.825600	51.902937
3.826800	51.683808
3.828000	51.464149
3.829200	51.243961
3.830400	51.023246
3.831600	50.802003
3.832800	50.580234
3.834000	50.357939
3.835200	50.135119
3.836400	49.911775
3.837600	49.687907
3.838800	49.463516
3.840000	49.238603
3.841200	49.013169
3.842400	48.787215
3.843600	48.560740
3.844800	48.333747
3.846000	48.106236
3.847200	47.878207
3.848400	47.649661
3.849600	47.420600
3.850800	47.191024
3.852000	46.960933
3.853200	46.730329
3.854400	46.499213
3.855600	46.267584
3.856800	46.035445
3.858000	45.802796
3.859200	45.569638
3.860400	45.335971
3.861600	45.101796
3.862800	44.867115
3.864000	44.631929
3.865200	44.396237
3.866400	44.160041
3.867600	43.923342
3.868800	43.686141
3.870000	43.448438
3.871200	43.210235
3.872400	42.971532
3.873600	42.732330
3.874800	42.492631
3.876000	42.252434
3.877200	42.011742
3.878400	41.770555
3.879600	41.528874
3.880800	41.286699
3.882000	41.044033
3.883200	40.800875
3.884400	40.557226
3.885600	40.313089
3.886800	40.068463
3.888000	39.823349
3.889200	39.577749
3.890400	39.331664
3.891600	39.085094
3.892800	38.838041
3.894000	38.590505
3.895200	38.342488
3.896400	38.093990
3.897600	37.845013
3.898800	37.595557
3.900000	37.345624
3.901200	37.095214
3.902400	36.844329
3.903600	36.592970
3.904800	36.341138
3.906000	36.088833
3.907200	35.836057
3.908400	35.582811
3.909600	35.329096
3.910800	35.074912
3.912000	34.820262
3.913200	34.565146
3.914400	34.309566
3.915600	34.053521
3.916800	33.797014
3.918000	33.540046
3.919200	33.282617
3.920400	33.024729
3.921600	32.766383
3.922800	32.507579
3.924000	32.248320
3.925200	31.988606
3.926400	31.728439
3.927600	31.467818
3.928800	31.206747
3.930000	30.945225
3.931200	30.683254
3.932400	30.420836
3.933600	30.157970
3.934800	29.894659
3.936000	29.630904
3.937200	29.366706
3.938400	29.102065
3.939600	28.836983
3.940800	28.571462
3.942000	28.305503
3.943200	28.039106
3.944400	27.772273
3.945600	27.505006
3.946800	27.237305
3.948000	26.969171
3.949200	26.700606
3.950400	26.431612
3.951600	26.162188
3.952800	25.892337
3.954000	25.622061
3.955200	25.351359
3.956400	25.080233
3.957600	24.808685
3.958800	24.536716
3.960000	24.264327
3.961200	23.991519
3.962400	23.718295
3.963600	23.444654
3.964800	23.170598
3.966000	22.896129
3.967200	22.621248
3.968400	22.345956
3.969600	22.070254
3.970800	21.794144
3.972000	21.517627
3.973200	21.240705
3.974400	20.963379
3.975600	20.685649
3.976800	20.407518
3.978000	20.128987
3.979200	19.850057
3.980400	19.570729
3.981600	19.291005
3.982800	19.010887
3.984000	18.730375
3.985200	18.449471
3.986400	18.168176
3.987600	17.886492
3.988800	17.604420
3.990000	17.321961
3.991200	17.039117
3.992400	16.755890
3.993600	16.472280
3.994800	16.188289
3.996000	15.903918
3.997200	15.619170
3.998400	15.334044
3.999600	15.048544
4.000800	14.762670
4.002000	14.476423
4.003200	14.189805
4.004400	13.902818
4.005600	13.615462
4.006800	13.327740
4.008000	13.039653
4.009200	12.751202
4.010400	12.462389
4.011600	12.173215
4.012800	11.883681
4.014000	11.593790
4.015200	11.303542
4.016400	11.012940
4.017600	10.721984
4.018800	10.430676
4.020000	10.139018
4.021200	9.847011
4.022400	9.554656
4.023600	9.261956
4.024800	8.968911
4.026000	8.675524
4.027200	8.381795
4.028400	8.087726
4.029600	7.793319
4.030800	7.498575
4.032000	7.203497
4.033200	6.908084
4.034400	6.612339
4.035600	6.316264
4.036800	6.019860
4.038000	5.723128
4.039200	5.426071
4.040400	5.128689
4.041600	4.830985
4.042800	4.532959
4.044000	4.234614
4.045200	3.935951
4.046400	3.636971
4.047600	3.337677
4.048800	3.038069
4.050000	2.738150
4.051200	2.437920
4.052400	2.137383
4.053600	1.836538
4.054800	1.535389
4.056000	1.233936
4.057200	0.932181
4.058400	0.630125
4.059600	0.327771
4.060800	0.025120
4.062000	0.277826
4.063200	0.581066
4.064400	0.884598
4.065600	1.188421
4.066800	1.492533
4.068000	1.796931
4.069200	2.101615
4.070400	2.406583
4.071600	2.711833
4.072800	3.017364
4.074000	3.323173
4.075200	3.629260
4.076400	3.935622
4.077600	4.242257
4.078800	4.549165
4.080000	4.856343
4.081200	5.163790
4.082400	5.471503
4.083600	5.779482
4.084800	6.087725
4.086000	6.396229
4.087200	6.704993
4.088400	7.014016
4.089600	7.323295
4.090800	7.632830
4.092000	7.942617
4.093200	8.252657
4.094400	8.562945
4.095600	8.873482
4.096800	9.184265
4.098000	9.495293
4.099200	9.806563
4.100400	10.118075
4.101600	10.429825
4.102800	10.741814
4.104000	11.054037
4.105200	11.366495
4.106400	11.679185
4.107600	11.992106
4.108800	12.305255
4.110000	12.618631
4.111200	12.932232
4.112400	13.246056
4.113600	13.560102
4.114800	13.874368
4.116000	14.188851
4.117200	14.503551
4.118400	14.818465
4.119600	15.133591
4.120800	15.448928
4.122000	15.764474
4.123200	16.080227
4.124400	16.396185
4.125600	16.712347
4.126800	17.028710
4.128000	17.345273
4.129200	17.662035
4.130400	17.978992
4.131600	18.296143
4.132800	18.613487
4.134000	18.931022
4.135200	19.248745
4.136400	19.566655
4.137600	19.884750
4.138800	20.203029
4.140000	20.521488
4.141200	20.840128
4.142400	21.158945
4.143600	21.477937
4.144800	21.797104
4.146000	22.116442
4.147200	22.435951
4.148400	22.755628
4.149600	23.075471
4.150800	23.395479
4.152000	23.715650
4.153200	24.035981
4.154400	24.356471
4.155600	24.677118
4.156800	24.997921
4.158000	25.318876
4.159200	25.639982
4.160400	25.961238
4.161600	26.282642
4.162800	26.604191
4.164000	26.925883
4.165200	27.247718
4.166400	27.569692
4.167600	27.891804
4.168800	28.214052
4.170000	28.536434
4.171200	28.858948
4.172400	29.181592
4.173600	29.504365
4.174800	29.827264
4.176000	30.150287
4.177200	30.473433
4.178400	30.796699
4.179600	31.120084
4.180800	31.443586
4.182000	31.767202
4.183200	32.090931
4.184400	32.414771
4.185600	32.738719
4.186800	33.062775
4.188000	33.386935
4.189200	33.711198
4.190400	34.035563
4.191600	34.360026
4.192800	34.684586
4.194000	35.009242
4.195200	35.333991
4.196400	35.658830
4.197600	35.983759
4.198800	36.308775
4.200000	36.633877
4.201200	36.959061
4.202400	37.284327
4.203600	37.609672
4.204800	37.935095
4.206000	38.260592
4.207200	38.586163
4.208400	38.911806
4.209600	39.237517
4.210800	39.563296
4.212000	39.889140
4.213200	40.215048
4.214400	40.541017
4.215600	40.867045
4.216800	41.193130
4.218000	41.519271
4.219200	41.845465
4.220400	42.171710
4.221600	42.498005
4.222800	42.824347
4.224000	43.150734
4.225200	43.477164
4.226400	43.803635
4.227600	44.130146
4.228800	44.456693
4.230000	44.783276
4.231200	45.109892
4.232400	45.436539
4.233600	45.763215
4.234800	46.089917
4.236000	46.416645
4.237200	46.743396
4.238400	47.070168
4.239600	47.396958
4.240800	47.723766
4.242000	48.050588
4.243200	48.377422
4.244400	48.704268
4.245600	49.031122
4.246800	49.357983
4.248000	49.684848
4.249200	50.011716
4.250400	50.338584
4.251600	50.665451
4.252800	50.992314
4.254000	51.319171
4.255200	51.646020
4.256400	51.972860
4.257600	52.299688
4.258800	52.626501
4.260000	52.953299
4.261200	53.280079
4.262400	53.606838
4.263600	53.933576
4.264800	54.260289
4.266000	54.586976
4.267200	54.913634
4.268400	55.240262
4.269600	55.566857
4.270800	55.893418
4.272000	56.219942
4.273200	56.546428
4.274400	56.872872
4.275600	57.199274
4.276800	57.525630
4.278000	57.851940
4.279200	58.178201
4.280400	58.504410
4.281600	58.830566
4.282800	59.156667
4.284000	59.482710
4.285200	59.808693
4.286400	60.134616
4.287600	60.460474
4.288800	60.786267
4.290000	61.111991
4.291200	61.437646
4.292400	61.763229
4.293600	62.088738
4.294800	62.414170
4.296000	62.739524
4.297200	63.064798
4.298400	63.389989
4.299600	63.715096
4.300800	64.040116
4.302000	64.365048
4.303200	64.689888
4.304400	65.014636
4.305600	65.339288
4.306800	65.663844
4.308000	65.988300
4.309200	66.312655
4.310400	66.636907
4.311600	66.961053
4.312800	67.285091
4.314000	67.609020
4.315200	67.932837
4.316400	68.256540
4.317600	68.580127
4.318800	68.903597
4.320000	69.226946
4.321200	69.550172
4.322400	69.873275
4.323600	70.196250
4.324800	70.519098
4.326000	70.841814
4.327200	71.164398
4.328400	71.486847
4.329600	71.809160
4.330800	72.131333
4.332000	72.453365
4.333200	72.775253
4.334400	73.096997
4.335600	73.418592
4.336800	73.740039
4.338000	74.061333
4.339200	74.382474
4.340400	74.703459
4.341600	75.024286
4.342800	75.344953
4.344000	75.665458
4.345200	75.985799
4.346400	76.305973
4.347600	76.625979
4.348800	76.945815
4.350000	77.265477
4.351200	77.584965
4.352400	77.904276
4.353600	78.223408
4.354800	78.542360
4.356000	78.861128
4.357200	79.179710
4.358400	79.498106
4.359600	79.816312
4.360800	80.134326
4.362000	80.452147
4.363200	80.769772
4.364400	81.087199
4.365600	81.404427
4.366800	81.721452
4.368000	82.038273
4.369200	82.354889
4.370400	82.671295
4.371600	82.987492
4.372800	83.303476
4.374000	83.619245
4.375200	83.934798
4.376400	84.250132
4.377600	84.565245
4.378800	84.880135
4.380000	85.194801
4.381200	85.509239
4.382400	85.823448
4.383600	86.137425
4.384800	86.451170
4.386000	86.764679
4.387200	87.077950
4.388400	87.390982
4.389600	87.703771
4.390800	88.016318
4.392000	88.328618
4.393200	88.640670
4.394400	88.952473
4.395600	89.264023
4.396800	89.575319
4.398000	89.886359
4.399200	90.197140
4.400400	90.507661
4.401600	90.817920
4.402800	91.127914
4.404000	91.437641
4.405200	91.747100
4.406400	92.056288
4.407600	92.365203
4.408800	92.673843
4.410000	92.982206
4.411200	93.290290
4.412400	93.598093
4.413600	93.905612
4.414800	94.212847
4.416000	94.519794
4.417200	94.826452
4.418400	95.132818
4.419600	95.438891
4.420800	95.744668
4.422000	96.050148
4.423200	96.355328
4.424400	96.660206
4.425600	96.964781
4.426800	97.269049
4.428000	97.573010
4.429200	97.876661
4.430400	98.180000
4.431600	98.483025
4.432800	98.785734
4.434000	99.088124
4.435200	99.390195
4.436400	99.691944
4.437600	99.993368
4.438800	100.294466
4.440000	100.595235
4.441200	100.895675
4.442400	101.195782
4.443600	101.495554
4.444800	101.794991
4.446000	102.094088
4.447200	102.392846
4.448400	102.691260
4.449600	102.989331
4.450800	103.287054
4.452000	103.584430
4.453200	103.881454
4.454400	104.178126
4.455600	104.474443
4.456800	104.770404
4.458000	105.066006
4.459200	105.361248
4.460400	105.656127
4.461600	105.950641
4.462800	106.244788
4.464000	106.538567
4.465200	106.831975
4.466400	107.125011
4.467600	107.417672
4.468800	107.709956
4.470000	108.001862
4.471200	108.293387
4.472400	108.584529
4.473600	108.875287
4.474800	109.165658
4.476000	109.455641
4.477200	109.745233
4.478400	110.034432
4.479600	110.323237
4.480800	110.611646
4.482000	110.899656
4.483200	111.187265
4.484400	111.474473
4.485600	111.761276
4.486800	112.047672
4.488000	112.333660
4.489200	112.619239
4.490400	112.904404
4.491600	113.189156
4.492800	113.473492
4.494000	113.757409
4.495200	114.040907
4.496400	114.323983
4.497600	114.606635
4.498800	114.888861
4.500000	115.170659
4.501200	115.452027
4.502400	115.732964
4.503600	116.013467
4.504800	116.293535
4.506000	116.573166
4.507200	116.852357
4.508400	117.131107
4.509600	117.409413
4.510800	117.687275
4.512000	117.964689
4.513200	118.241655
4.514400	118.518170
4.515600	118.794232
4.516800	119.069839
4.518000	119.344990
4.519200	119.619683
4.520400	119.893915
4.521600	120.167685
4.522800	120.440991
4.524000	120.713830
4.525200	120.986202
4.526400	121.258104
4.527600	121.529535
4.528800	121.800492
4.530000	122.070974
4.531200	122.340978
4.532400	122.610503
4.533600	122.879548
4.534800	123.148109
4.536000	123.416186
4.537200	123.683776
4.538400	123.950877
4.539600	124.217489
4.540800	124.483608
4.542000	124.749234
4.543200	125.014363
4.544400	125.278995
4.545600	125.543127
4.546800	125.806758
4.548000	126.069886
4.549200	126.332509
4.550400	126.594626
4.551600	126.856233
4.552800	127.117330
4.554000	127.377915
4.555200	127.637986
4.556400	127.897541
4.557600	128.156578
4.558800	128.415096
4.560000	128.673093
4.561200	128.930566
4.562400	129.187515
4.563600	129.443937
4.564800	129.699830
4.566000	129.955194
4.567200	130.210025
4.568400	130.464323
4.569600	130.718085
4.570800	130.971310
4.572000	131.223995
4.573200	131.476140
4.574400	131.727742
4.575600	131.978800
4.576800	132.229312
4.578000	132.479276
4.579200	132.728690
4.580400	132.977553
4.581600	133.225863
4.582800	133.473618
4.584000	133.720817
4.585200	133.967457
4.586400	134.213538
4.587600	134.459056
4.588800	134.704011
4.590000	134.948401
4.591200	135.192224
4.592400	135.435479
4.593600	135.678163
4.594800	135.920276
4.596000	136.161814
4.597200	136.402778
4.598400	136.643164
4.599600	136.882972
4.600800	137.122199
4.602000	137.360844
4.603200	137.598905
4.604400	137.836381
4.605600	138.073270
4.606800	138.309570
4.608000	138.545279
4.609200	138.780397
4.610400	139.014921
4.611600	139.248849
4.612800	139.482181
4.614000	139.714913
4.615200	139.947046
4.616400	140.178576
4.617600	140.409503
4.618800	140.639825
4.620000	140.869540
4.621200	141.098647
4.622400	141.327143
4.623600	141.555028
4.624800	141.782300
4.626000	142.008957
4.627200	142.234997
4.628400	142.460420
4.629600	142.685223
4.630800	142.909404
4.632000	143.132963
4.633200	143.355898
4.634400	143.578206
4.635600	143.799888
4.636800	144.020940
4.638000	144.241361
4.639200	144.461150
4.640400	144.680306
4.641600	144.898826
4.642800	145.116710
4.644000	145.333955
4.645200	145.550560
4.646400	145.766524
4.647600	145.981845
4.648800	146.196521
4.650000	146.410552
4.651200	146.623935
4.652400	146.836669
4.653600	147.048752
4.654800	147.260184
4.656000	147.470961
4.657200	147.681084
4.658400	147.890551
4.659600	148.099359
4.660800	148.307509
4.662000	148.514997
4.663200	148.721822
4.664400	148.927984
4.665600	149.133481
4.666800	149.338311
4.668000	149.542472
4.669200	149.745964
4.670400	149.948785
4.671600	150.150934
4.672800	150.352408
4.674000	150.553207
4.675200	150.753329
4.676400	150.952773
4.677600	151.151537
4.678800	151.349620
4.680000	151.547020
4.681200	151.743737
4.682400	151.939768
4.683600	152.135113
4.684800	152.329770
4.686000	152.523737
4.687200	152.717013
4.688400	152.909597
4.689600	153.101488
4.690800	153.292683
4.692000	153.483183
4.693200	153.672984
4.694400	153.862087
4.695600	154.050489
4.696800	154.238189
4.698000	154.425187
4.699200	154.611480
4.700400	154.797068
4.701600	154.981948
4.702800	155.166120
4.704000	155.349582
4.705200	155.532334
4.706400	155.714373
4.707600	155.895699
4.708800	156.076309
4.710000	156.256204
4.711200	156.435381
4.712400	156.613840
4.713600	156.791578
4.714800	156.968596
4.716000	157.144890
4.717200	157.320461
4.718400	157.495307
4.719600	157.669427
4.720800	157.842819
4.722000	158.015483
4.723200	158.187416
4.724400	158.358618
4.725600	158.529088
4.726800	158.698824
4.728000	158.867825
4.729200	159.036090
4.730400	159.203618
4.731600	159.370408
4.732800	159.536457
4.734000	159.701766
4.735200	159.866333
4.736400	160.030156
4.737600	160.193235
4.738800	160.355569
4.740000	160.517156
4.741200	160.677994
4.742400	160.838084
4.743600	160.997424
4.744800	161.156012
4.746000	161.313848
4.747200	161.470930
4.748400	161.627257
4.749600	161.782829
4.750800	161.937643
4.752000	162.091700
4.753200	162.244997
4.754400	162.397534
4.755600	162.549309
4.756800	162.700322
4.758000	162.850572
4.759200	163.000056
4.760400	163.148776
4.761600	163.296728
4.762800	163.443912
4.764000	163.590328
4.765200	163.735973
4.766400	163.880848
4.767600	164.024950
4.768800	164.168279
4.770000	164.310834
4.771200	164.452614
4.772400	164.593618
4.773600	164.733845
4.774800	164.873293
4.776000	165.011962
4.777200	165.149851
4.778400	165.286959
4.779600	165.423284
4.780800	165.558827
4.782000	165.693585
4.783200	165.827558
4.784400	165.960745
4.785600	166.093144
4.786800	166.224756
4.788000	166.355579
4.789200	166.485612
4.790400	166.614854
4.791600	166.743304
4.792800	166.870962
4.794000	166.997826
4.795200	167.123895
4.796400	167.249169
4.797600	167.373646
4.798800	167.497326
4.800000	167.620208
4.801200	167.742291
4.802400	167.863574
4.803600	167.984056
4.804800	168.103737
4.806000	168.222614
4.807200	168.340689
4.808400	168.457959
4.809600	168.574424
4.810800	168.690083
4.812000	168.804935
4.813200	168.918979
4.814400	169.032215
4.815600	169.144642
4.816800	169.256258
4.818000	169.367064
4.819200	169.477058
4.820400	169.586239
4.821600	169.694607
4.822800	169.802161
4.824000	169.908899
4.825200	170.014823
4.826400	170.119929
4.827600	170.224219
4.828800	170.327690
4.830000	170.430343
4.831200	170.532176
4.832400	170.633189
4.833600	170.733381
4.834800	170.832751
4.836000	170.931299
4.837200	171.029024
4.838400	171.125925
4.839600	171.222001
4.840800	171.317252
4.842000	171.411677
4.843200	171.505276
4.844400	171.598047
4.845600	171.689990
4.846800	171.781104
4.848000	171.871389
4.849200	171.960844
4.850400	172.049468
4.851600	172.137261
4.852800	172.224222
4.854000	172.310350
4.855200	172.395645
4.856400	172.480107
4.857600	172.563733
4.858800	172.646525
4.860000	172.728481
4.861200	172.809600
4.862400	172.889883
4.863600	172.969328
4.864800	173.047935
4.866000	173.125703
4.867200	173.202632
4.868400	173.278721
4.869600	173.353970
4.870800	173.428378
4.872000	173.501945
4.873200	173.574669
4.874400	173.646551
4.875600	173.717590
4.876800	173.787785
4.878000	173.857136
4.879200	173.925642
4.880400	173.993303
4.881600	174.060118
4.882800	174.126088
4.884000	174.191210
4.885200	174.255486
4.886400	174.318914
4.887600	174.381493
4.888800	174.443224
4.890000	174.504107
4.891200	174.564139
4.892400	174.623322
4.893600	174.681654
4.894800	174.739136
4.896000	174.795766
4.897200	174.851545
4.898400	174.906472
4.899600	174.960546
4.900800	175.013767
4.902000	175.066135
4.903200	175.117649
4.904400	175.168309
4.905600	175.218115
4.906800	175.267066
4.908000	175.315161
4.909200	175.362401
4.910400	175.408785
4.911600	175.454313
4.912800	175.498984
4.914000	175.542798
4.915200	175.585755
4.916400	175.627855
4.917600	175.669096
4.918800	175.709479
4.920000	175.749003
4.921200	175.787669
4.922400	175.825475
4.923600	175.862422
4.924800	175.898509
4.926000	175.933736
4.927200	175.968103
4.928400	176.001609
4.929600	176.034255
4.930800	176.066039
4.932000	176.096962
4.933200	176.127023
4.934400	176.156222
4.935600	176.184560
4.936800	176.212035
4.938000	176.238647
4.939200	176.264397
4.940400	176.289284
4.941600	176.313308
4.942800	176.336469
4.944000	176.358766
4.945200	176.380199
4.946400	176.400768
4.947600	176.420474
4.948800	176.439315
4.950000	176.457292
4.951200	176.474404
4.952400	176.490652
4.953600	176.506035
4.954800	176.520553
4.956000	176.534206
4.957200	176.546994
4.958400	176.558916
4.959600	176.569973
4.960800	176.580165
4.962000	176.589491
4.963200	176.597951
4.964400	176.605546
4.965600	176.612274
4.966800	176.618137
4.968000	176.623134
4.969200	176.627264
4.970400	176.630529
4.971600	176.632927
4.972800	176.634460
4.974000	176.635126
4.975200	176.634925
4.976400	176.633859
4.977600	176.631926
4.978800	176.629127
4.980000	176.625462
4.981200	176.620930
4.982400	176.615532
4.983600	176.609267
4.984800	176.602137
4.986000	176.594140
4.987200	176.585277
4.988400	176.575548
4.989600	176.564952
4.990800	176.553491
4.992000	176.541163
4.993200	176.527970
4.994400	176.513910
4.995600	176.498985
4.996800	176.483194
4.998000	176.466538
4.999200	176.449016
5.000400	176.430628
5.001600	176.411375
5.002800	176.391257
5.004000	176.370274
5.005200	176.348425
5.006400	176.325712
5.007600	176.302134
5.008800	176.277692
5.010000	176.252385
5.011200	176.226214
5.012400	176.199178
5.013600	176.171279
5.014800	176.142516
5.016000	176.112889
5.017200	176.082399
5.018400	176.051045
5.019600	176.018829
5.020800	175.985749
5.022000	175.951807
5.023200	175.917003
5.024400	175.881336
5.025600	175.844808
5.026800	175.807417
5.028000	175.769166
5.029200	175.730053
5.030400	175.690078
5.031600	175.649244
5.032800	175.607548
5.034000	175.564993
5.035200	175.521577
5.036400	175.477302
5.037600	175.432168
5.038800	175.386174
5.040000	175.339322
5.041200	175.291611
5.042400	175.243042
5.043600	175.193615
5.044800	175.143331
5.046000	175.092189
5.047200	175.040191
5.048400	174.987336
5.049600	174.933625
5.050800	174.879058
5.052000	174.823636
5.053200	174.767359
5.054400	174.710226
5.055600	174.652240
5.056800	174.593400
5.058000	174.533706
5.059200	174.473159
5.060400	174.411759
5.061600	174.349507
5.062800	174.286402
5.064000	174.222447
5.065200	174.157640
5.066400	174.091982
5.067600	174.025475
5.068800	173.958117
5.070000	173.889911
5.071200	173.820855
5.072400	173.750951
5.073600	173.680199
5.074800	173.608599
5.076000	173.536153
5.077200	173.462860
5.078400	173.388721
5.079600	173.313736
5.080800	173.237907
5.082000	173.161233
5.083200	173.083715
5.084400	173.005353
5.085600	172.926149
5.086800	172.846102
5.088000	172.765213
5.089200	172.683483
5.090400	172.600912
5.091600	172.517501
5.092800	172.433250
5.094000	172.348160
5.095200	172.262232
5.096400	172.175466
5.097600	172.087862
5.098800	171.999421
5.100000	171.910145
5.101200	171.820033
5.102400	171.729086
5.103600	171.637304
5.104800	171.544689
5.106000	171.451241
5.107200	171.356960
5.108400	171.261847
5.109600	171.165903
5.110800	171.069129
5.112000	170.971525
5.113200	170.873091
5.114400	170.773830
5.115600	170.673740
5.116800	170.572823
5.118000	170.471079
5.119200	170.368510
5.120400	170.265115
5.121600	170.160896
5.122800	170.055854
5.124000	169.949988
5.125200	169.843300
5.126400	169.735791
5.127600	169.627460
5.128800	169.518310
5.130000	169.408340
5.131200	169.297551
5.132400	169.185945
5.133600	169.073522
5.134800	168.960282
5.136000	168.846227
5.137200	168.731357
5.138400	168.615673
5.139600	168.499175
5.140800	168.381865
5.142000	168.263744
5.143200	168.144812
5.144400	168.025070
5.145600	167.904518
5.146800	167.783158
5.148000	167.660991
5.149200	167.538017
5.150400	167.414237
5.151600	167.289651
5.152800	167.164262
5.154000	167.038070
5.155200	166.911074
5.156400	166.783278
5.157600	166.654680
5.158800	166.525283
5.160000	166.395086
5.161200	166.264092
5.162400	166.132300
5.163600	165.999712
5.164800	165.866328
5.166000	165.732150
5.167200	165.597179
5.168400	165.461414
5.169600	165.324858
5.170800	165.187512
5.172000	165.049375
5.173200	164.910449
5.174400	164.770736
5.175600	164.630235
5.176800	164.488948
5.178000	164.346876
5.179200	164.204020
5.180400	164.060381
5.181600	163.915959
5.182800	163.770757
5.184000	163.624774
5.185200	163.478012
5.186400	163.330471
5.187600	163.182154
5.188800	163.033060
5.190000	162.883191
5.191200	162.732548
5.192400	162.581131
5.193600	162.428943
5.194800	162.275983
5.196000	162.122254
5.197200	161.967755
5.198400	161.812489
5.199600	161.656455
5.200800	161.499656
5.202000	161.342092
5.203200	161.183765
5.204400	161.024675
5.205600	160.864823
5.206800	160.704211
5.208000	160.542840
5.209200	160.380710
5.210400	160.217823
5.211600	160.054181
5.212800	159.889783
5.214000	159.724632
5.215200	159.558728
5.216400	159.392072
5.217600	159.224666
5.218800	159.056511
5.220000	158.887608
5.221200	158.717958
5.222400	158.547562
5.223600	158.376422
5.224800	158.204538
5.226000	158.031912
5.227200	157.858544
5.228400	157.684437
5.229600	157.509591
5.230800	157.334008
5.232000	157.157688
5.233200	156.980633
5.234400	156.802844
5.235600	156.624322
5.236800	156.445069
5.238000	156.265086
5.239200	156.084374
5.240400	155.902933
5.241600	155.720766
5.242800	155.537874
5.244000	155.354258
5.245200	155.169919
5.246400	154.984858
5.247600	154.799077
5.248800	154.612577
5.250000	154.425359
5.251200	154.237425
5.252400	154.048775
5.253600	153.859411
5.254800	153.669335
5.256000	153.478547
5.257200	153.287050
5.258400	153.094843
5.259600	152.901929
5.260800	152.708309
5.262000	152.513984
5.263200	152.318956
5.264400	152.123225
5.265600	151.926793
5.266800	151.729662
5.268000	151.531833
5.269200	151.333307
5.270400	151.134086
5.271600	150.934170
5.272800	150.733562
5.274000	150.532262
5.275200	150.330272
5.276400	150.127594
5.277600	149.924228
5.278800	149.720177
5.280000	149.515441
5.281200	149.310021
5.282400	149.103921
5.283600	148.897139
5.284800	148.689679
5.286000	148.481542
5.287200	148.272728
5.288400	148.063239
5.289600	147.853078
5.290800	147.642244
5.292000	147.430741
5.293200	147.218568
5.294400	147.005728
5.295600	146.792221
5.296800	146.578050
5.298000	146.363216
5.299200	146.147720
5.300400	145.931564
5.301600	145.714750
5.302800	145.497277
5.304000	145.279150
5.305200	145.060367
5.306400	144.840932
5.307600	144.620846
5.308800	144.400109
5.310000	144.178725
5.311200	143.956693
5.312400	143.734016
5.313600	143.510695
5.314800	143.286732
5.316000	143.062128
5.317200	142.836885
5.318400	142.611004
5.319600	142.384486
5.320800	142.157334
5.322000	141.929549
5.323200	141.701132
5.324400	141.472085
5.325600	141.242410
5.326800	141.012107
5.328000	140.781180
5.329200	140.549628
5.330400	140.317454
5.331600	140.084659
5.332800	139.851245
5.334000	139.617214
5.335200	139.382566
5.336400	139.147305
5.337600	138.911430
5.338800	138.674944
5.340000	138.437849
5.341200	138.200145
5.342400	137.961836
5.343600	137.722921
5.344800	137.483403
5.346000	137.243284
5.347200	137.002565
5.348400	136.761247
5.349600	136.519333
5.350800	136.276824
5.352000	136.033721
5.353200	135.790026
5.354400	135.545742
5.355600	135.300869
5.356800	135.055409
5.358000	134.809364
5.359200	134.562736
5.360400	134.315525
5.361600	134.067735
5.362800	133.819366
5.364000	133.570420
5.365200	133.320899
5.366400	133.070805
5.367600	132.820139
5.368800	132.568902
5.370000	132.317098
5.371200	132.064726
5.372400	131.811790
5.373600	131.558290
5.374800	131.304229
5.376000	131.049608
5.377200	130.794429
5.378400	130.538693
5.379600	130.282403
5.380800	130.025559
5.382000	129.768164
5.383200	129.510220
5.384400	129.251728
5.385600	128.992690
5.386800	128.733108
5.388000	128.472983
5.389200	128.212317
5.390400	127.951112
5.391600	127.689370
5.392800	127.427092
5.394000	127.164280
5.395200	126.900937
5.396400	126.637063
5.397600	126.372660
5.398800	126.107731
5.400000	125.842277
5.401200	125.576300
5.402400	125.309801
5.403600	125.042783
5.404800	124.775247
5.406000	124.507195
5.407200	124.238628
5.408400	123.969550
5.409600	123.699960
5.410800	123.429862
5.412000	123.159257
5.413200	122.888147
5.414400	122.616533
5.415600	122.344418
5.416800	122.071803
5.418000	121.798690
5.419200	121.525081
5.420400	121.250978
5.421600	120.976383
5.422800	120.701297
5.424000	120.425722
5.425200	120.149660
5.426400	119.873113
5.427600	119.596083
5.428800	119.318572
5.430000	119.040581
5.431200	118.762113
5.432400	118.483168
5.433600	118.203750
5.434800	117.923860
5.436000	117.643499
5.437200	117.362671
5.438400	117.081375
5.439600	116.799616
5.440800	116.517393
5.442000	116.234710
5.443200	115.951568
5.444400	115.667969
5.445600	115.383914
5.446800	115.099407
5.448000	114.814448
5.449200	114.529040
5.450400	114.243184
5.451600	113.956882
5.452800	113.670137
5.454000	113.382950
5.455200	113.095322
5.456400	112.807257
5.457600	112.518756
5.458800	112.229821
5.460000	111.940453
5.461200	111.650655
5.462400	111.360428
5.463600	111.069775
5.464800	110.778698
5.466000	110.487198
5.467200	110.195277
5.468400	109.902937
5.469600	109.610181
5.470800	109.317010
5.472000	109.023426
5.473200	108.729430
5.474400	108.435026
5.475600	108.140215
5.476800	107.844999
5.478000	107.549379
5.479200	107.253358
5.480400	106.956938
5.481600	106.660121
5.482800	106.362908
5.484000	106.065302
5.485200	105.767305
5.486400	105.468918
5.487600	105.170143
5.488800	104.870984
5.490000	104.571440
5.491200	104.271516
5.492400	103.971211
5.493600	103.670529
5.494800	103.369472
5.496000	103.068041
5.497200	102.766238
5.498400	102.464066
5.499600	102.161526
5.500800	101.858621
5.502000	101.555352
5.503200	101.251721
5.504400	100.947731
5.505600	100.643383
5.506800	100.338680
5.508000	100.033623
5.509200	99.728214
5.510400	99.422456
5.511600	99.116350
5.512800	98.809899
5.514000	98.503104
5.515200	98.195967
5.516400	97.888491
5.517600	97.580678
5.518800	97.272529
5.520000	96.964047
5.521200	96.655233
5.522400	96.346090
5.523600	96.036620
5.524800	95.726824
5.526000	95.416705
5.527200	95.106265
5.528400	94.795505
5.529600	94.484428
5.530800	94.173037
5.532000	93.861332
5.533200	93.549316
5.534400	93.236991
5.535600	92.924359
5.536800	92.611422
5.538000	92.298182
5.539200	91.984642
5.540400	91.670802
5.541600	91.356666
5.542800	91.042235
5.544000	90.727512
5.545200	90.412498
5.546400	90.097196
5.547600	89.781607
5.548800	89.465734
5.550000	89.149578
5.551200	88.833142
5.552400	88.516428
5.553600	88.199438
5.554800	87.882174
5.556000	87.564637
5.557200	87.246831
5.558400	86.928757
5.559600	86.610417
5.560800	86.291814
5.562000	85.972949
5.563200	85.653824
5.564400	85.334442
5.565600	85.014804
5.566800	84.694913
5.568000	84.374771
5.569200	84.054379
5.570400	83.733741
5.571600	83.412857
5.572800	83.091731
5.574000	82.770364
5.575200	82.448757
5.576400	82.126915
5.577600	81.804837
5.578800	81.482527
5.580000	81.159987
5.581200	80.837218
5.582400	80.514224
5.583600	80.191005
5.584800	79.867563
5.586000	79.543902
5.587200	79.220023
5.588400	78.895929
5.589600	78.571620
5.590800	78.247100
5.592000	77.922371
5.593200	77.597434
5.594400	77.272292
5.595600	76.946946
5.596800	76.621400
5.598000	76.295654
5.599200	75.969712
5.600400	75.643575
5.601600	75.317245
5.602800	74.990724
5.604000	74.664015
5.605200	74.337120
5.606400	74.010040
5.607600	73.682779
5.608800	73.355337
5.610000	73.027717
5.611200	72.699921
5.612400	72.371951
5.613600	72.043810
5.614800	71.715499
5.616000	71.387021
5.617200	71.058378
5.618400	70.729571
5.619600	70.400603
5.620800	70.071476
5.622000	69.742192
5.623200	69.412754
5.624400	69.083162
5.625600	68.753420
5.626800	68.423530
5.628000	68.093493
5.629200	67.763312
5.630400	67.432989
5.631600	67.102526
5.632800	66.771925
5.634000	66.441188
5.635200	66.110318
5.636400	65.779315
5.637600	65.448184
5.638800	65.116925
5.640000	64.785541
5.641200	64.454033
5.642400	64.122405
5.643600	63.790658
5.644800	63.458794
5.646000	63.126815
5.647200	62.794723
5.648400	62.462522
5.649600	62.130211
5.650800	61.797795
5.652000	61.465274
5.653200	61.132652
5.654400	60.799929
5.655600	60.467109
5.656800	60.134193
5.658000	59.801183
5.659200	59.468082
5.660400	59.134892
5.661600	58.801614
5.662800	58.468252
5.664000	58.134806
5.665200	57.801279
5.666400	57.467673
5.667600	57.133991
5.668800	56.800234
5.670000	56.466405
5.671200	56.132505
5.672400	55.798537
5.673600	55.464503
5.674800	55.130405
5.676000	54.796245
5.677200	54.462025
5.678400	54.127747
5.679600	53.793414
5.680800	53.459027
5.682000	53.124588
5.683200	52.790100
5.684400	52.455566
5.685600	52.120986
5.686800	51.786362
5.688000	51.451698
5.689200	51.116996
5.690400	50.782256
5.691600	50.447482
5.692800	50.112675
5.694000	49.777838
5.695200	49.442973
5.696400	49.108081
5.697600	48.773165
5.698800	48.438228
5.700000	48.103270
5.701200	47.768294
5.702400	47.433303
5.703600	47.098298
5.704800	46.763281
5.706000	46.428255
5.707200	46.093221
5.708400	45.758183
5.709600	45.423141
5.710800	45.088097
5.712000	44.753055
5.713200	44.418016
5.714400	44.082982
5.715600	43.747955
5.716800	43.412938
5.718000	43.077932
5.719200	42.742939
5.720400	42.407962
5.721600	42.073002
5.722800	41.738062
5.724000	41.403144
5.725200	41.068250
5.726400	40.733381
5.727600	40.398541
5.728800	40.063731
5.730000	39.728953
5.731200	39.394209
5.732400	39.059501
5.733600	38.724832
5.734800	38.390203
5.736000	38.055616
5.737200	37.721074
5.738400	37.386579
5.739600	37.052132
5.740800	36.717736
5.742000	36.383393
5.743200	36.049104
5.744400	35.714873
5.745600	35.380700
5.746800	35.046589
5.748000	34.712540
5.749200	34.378557
5.750400	34.044641
5.751600	33.710794
5.752800	33.377018
5.754000	33.043316
5.755200	32.709689
5.756400	32.376139
5.757600	32.042669
5.758800	31.709280
5.760000	31.375974
5.761200	31.042755
5.762400	30.709622
5.763600	30.376580
5.764800	30.043629
5.766000	29.710771
5.767200	29.378010
5.768400	29.045346
5.769600	28.712782
5.770800	28.380319
5.772000	28.047961
5.773200	27.715708
5.774400	27.383563
5.775600	27.051528
5.776800	26.719605
5.778000	26.387796
5.779200	26.056102
5.780400	25.724527
5.781600	25.393071
5.782800	25.061737
5.784000	24.730528
5.785200	24.399444
5.786400	24.068488
5.787600	23.737662
5.788800	23.406968
5.790000	23.076408
5.791200	22.745984
5.792400	22.415698
5.793600	22.085551
5.794800	21.755547
5.796000	21.425686
5.797200	21.095972
5.798400	20.766405
5.799600	20.436988
5.800800	20.107723
5.802000	19.778611
5.803200	19.449656
5.804400	19.120858
5.805600	18.792219
5.806800	18.463743
5.808000	18.135430
5.809200	17.807283
5.810400	17.479303
5.811600	17.151493
5.812800	16.823854
5.814000	16.496388
5.815200	16.169099
5.816400	15.841986
5.817600	15.515053
5.818800	15.188301
5.820000	14.861732
5.821200	14.535348
5.822400	14.209151
5.823600	13.883144
5.824800	13.557327
5.826000	13.231703
5.827200	12.906274
5.828400	12.581041
5.829600	12.256008
5.830800	11.931175
5.832000	11.606544
5.833200	11.282118
5.834400	10.957898
5.835600	10.633887
5.836800	10.310085
5.838000	9.986496
5.839200	9.663120
5.840400	9.339961
5.841600	9.017019
5.842800	8.694297
5.844000	8.371797
5.845200	8.049520
5.846400	7.727469
5.847600	7.405645
5.848800	7.084050
5.850000	6.762686
5.851200	6.441554
5.852400	6.120658
5.853600	5.799999
5.854800	5.479578
5.856000	5.159397
5.857200	4.839459
5.858400	4.519765
5.859600	4.200317
5.860800	3.881116
5.862000	3.562166
5.863200	3.243467
5.864400	2.925022
5.865600	2.606832
5.866800	2.288899
5.868000	1.971225
5.869200	1.653812
5.870400	1.336661
5.871600	1.019776
5.872800	0.703156
5.874000	0.386805
5.875200	0.070724
5.876400	0.245086
5.877600	0.560622
5.878800	0.875882
5.880000	1.190865
5.881200	1.505569
5.882400	1.819991
5.883600	2.134132
5.884800	2.447987
5.886000	2.761556
5.887200	3.074838
5.888400	3.387829
5.889600	3.700528
5.890800	4.012934
5.892000	4.325045
5.893200	4.636858
5.894400	4.948373
5.895600	5.259587
5.896800	5.570498
5.898000	5.881106
5.899200	6.191407
5.900400	6.501400
5.901600	6.811085
5.902800	7.120457
5.904000	7.429517
5.905200	7.738262
5.906400	8.046691
5.907600	8.354801
5.908800	8.662591
5.910000	8.970059
5.911200	9.277204
5.912400	9.584024
5.913600	9.890517
5.914800	10.196680
5.916000	10.502514
5.917200	10.808015
5.918400	11.113183
5.919600	11.418015
5.920800	11.722510
5.922000	12.026665
5.923200	12.330480
5.924400	12.633953
5.925600	12.937081
5.926800	13.239864
5.928000	13.542299
5.929200	13.844385
5.930400	14.146120
5.931600	14.447503
5.932800	14.748531
5.934000	15.049204
5.935200	15.349518
5.936400	15.649474
5.937600	15.949069
5.938800	16.248301
5.940000	16.547169
5.941200	16.845670
5.942400	17.143805
5.943600	17.441570
5.944800	17.738965
5.946000	18.035986
5.947200	18.332634
5.948400	18.628906
5.949600	18.924801
5.950800	19.220317
5.952000	19.515452
5.953200	19.810205
5.954400	20.104574
5.955600	20.398557
5.956800	20.692154
5.958000	20.985361
5.959200	21.278179
5.960400	21.570604
5.961600	21.862636
5.962800	22.154273
5.964000	22.445514
5.965200	22.736356
5.966400	23.026798
5.967600	23.316839
5.968800	23.606477
5.970000	23.895710
5.971200	24.184537
5.972400	24.472957
5.973600	24.760967
5.974800	25.048567
5.976000	25.335754
5.977200	25.622528
5.978400	25.908886
5.979600	26.194827
5.980800	26.480349
5.982000	26.765452
5.983200	27.050133
5.984400	27.334391
5.985600	27.618224
5.986800	27.901631
5.988000	28.184611
5.989200	28.467161
5.990400	28.749281
5.991600	29.030969
5.992800	29.312223
5.994000	29.593042
5.995200	29.873424
5.996400	30.153369
5.997600	30.432874
5.998800	30.711937
