0.000000	1243.270276
0.001200	1243.268903
0.002400	1243.264785
0.003600	1243.257922
0.004800	1243.248313
0.006000	1243.235959
0.007200	1243.220860
0.008400	1243.203016
0.009600	1243.182427
0.010800	1243.159093
0.012000	1243.133014
0.013200	1243.104191
0.014400	1243.072623
0.015600	1243.038311
0.016800	1243.001255
0.018000	1242.961455
0.019200	1242.918911
0.020400	1242.873624
0.021600	1242.825593
0.022800	1242.774819
0.024000	1242.721303
0.025200	1242.665044
0.026400	1242.606042
0.027600	1242.544299
0.028800	1242.479815
0.030000	1242.412589
0.031200	1242.342622
0.032400	1242.269915
0.033600	1242.194468
0.034800	1242.116280
0.036000	1242.035354
0.037200	1241.951689
0.038400	1241.865285
0.039600	1241.776143
0.040800	1241.684263
0.042000	1241.589647
0.043200	1241.492294
0.044400	1241.392204
0.045600	1241.289380
0.046800	1241.183820
0.048000	1241.075525
0.049200	1240.964497
0.050400	1240.850735
0.051600	1240.734241
0.052800	1240.615014
0.054000	1240.493056
0.055200	1240.368367
0.056400	1240.240948
0.057600	1240.110800
0.058800	1239.977922
0.060000	1239.842316
0.061200	1239.703983
0.062400	1239.562922
0.063600	1239.419136
0.064800	1239.272625
0.066000	1239.123389
0.067200	1238.971429
0.068400	1238.816746
0.069600	1238.659341
0.070800	1238.499215
0.072000	1238.336368
0.073200	1238.170802
0.074400	1238.002517
0.075600	1237.831514
0.076800	1237.657794
0.078000	1237.481358
0.079200	1237.302206
0.080400	1237.120341
0.081600	1236.935762
0.082800	1236.748471
0.084000	1236.558468
0.085200	1236.365755
0.086400	1236.170333
0.087600	1235.972202
0.088800	1235.771364
0.090000	1235.567820
0.091200	1235.361571
0.092400	1235.152617
0.093600	1234.940961
0.094800	1234.726603
0.096000	1234.509543
0.097200	1234.289785
0.098400	1234.067327
0.099600	1233.842173
0.100800	1233.614322
0.102000	1233.383776
0.103200	1233.150537
0.104400	1232.914605
0.105600	1232.675982
0.106800	1232.434668
0.108000	1232.190666
0.109200	1231.943977
0.110400	1231.694601
0.111600	1231.442540
0.112800	1231.187796
0.114000	1230.930370
0.115200	1230.670262
0.116400	1230.407475
0.117600	1230.142010
0.118800	1229.873869
0.120000	1229.603052
0.121200	1229.329561
0.122400	1229.053397
0.123600	1228.774563
0.124800	1228.493059
0.126000	1228.208887
0.127200	1227.922048
0.128400	1227.632544
0.129600	1227.340377
0.130800	1227.045548
0.132000	1226.748058
0.133200	1226.447909
0.134400	1226.145103
0.135600	1225.839642
0.136800	1225.531526
0.138000	1225.220758
0.139200	1224.907339
0.140400	1224.591270
0.141600	1224.272555
0.142800	1223.951193
0.144000	1223.627187
0.145200	1223.300539
0.146400	1222.971250
0.147600	1222.639322
0.148800	1222.304757
0.150000	1221.967556
0.151200	1221.627722
0.152400	1221.285256
0.153600	1220.940160
0.154800	1220.592435
0.156000	1220.242085
0.157200	1219.889109
0.158400	1219.533511
0.159600	1219.175292
0.160800	1218.814454
0.162000	1218.451000
0.163200	1218.084930
0.164400	1217.716247
0.165600	1217.344952
0.166800	1216.971049
0.168000	1216.594538
0.169200	1216.215423
0.170400	1215.833703
0.171600	1215.449383
0.172800	1215.062464
0.174000	1214.672947
0.175200	1214.280836
0.176400	1213.886131
0.177600	1213.488835
0.178800	1213.088951
0.180000	1212.686480
0.181200	1212.281425
0.182400	1211.873787
0.183600	1211.463570
0.184800	1211.050774
0.186000	1210.635402
0.187200	1210.217457
0.188400	1209.796940
0.189600	1209.373854
0.190800	1208.948202
0.192000	1208.519984
0.193200	1208.089205
0.194400	1207.655865
0.195600	1207.219968
0.196800	1206.781515
0.198000	1206.340509
0.199200	1205.896953
0.200400	1205.450848
0.201600	1205.002197
0.202800	1204.551002
0.204000	1204.097267
0.205200	1203.640992
0.206400	1203.182181
0.207600	1202.720837
0.208800	1202.256961
0.210000	1201.790556
0.211200	1201.321624
0.212400	1200.850169
0.213600	1200.376192
0.214800	1199.899697
0.216000	1199.420685
0.217200	1198.939159
0.218400	1198.455122
0.219600	1197.968576
0.220800	1197.479525
0.222000	1196.987970
0.223200	1196.493914
0.224400	1195.997360
0.225600	1195.498311
0.226800	1194.996769
0.228000	1194.492737
0.229200	1193.986217
0.230400	1193.477213
0.231600	1192.965727
0.232800	1192.451761
0.234000	1191.935320
0.235200	1191.416404
0.236400	1190.895018
0.237600	1190.371163
0.238800	1189.844843
0.240000	1189.316061
0.241200	1188.784819
0.242400	1188.251120
0.243600	1187.714968
0.244800	1187.176364
0.246000	1186.635312
0.247200	1186.091815
0.248400	1185.545876
0.249600	1184.997497
0.250800	1184.446682
0.252000	1183.893433
0.253200	1183.337754
0.254400	1182.779647
0.255600	1182.219116
0.256800	1181.656163
0.258000	1181.090792
0.259200	1180.523005
0.260400	1179.952806
0.261600	1179.380198
0.262800	1178.805183
0.264000	1178.227766
0.265200	1177.647948
0.266400	1177.065734
0.267600	1176.481125
0.268800	1175.894126
0.270000	1175.304740
0.271200	1174.712969
0.272400	1174.118818
0.273600	1173.522288
0.274800	1172.923384
0.276000	1172.322108
0.277200	1171.718464
0.278400	1171.112455
0.279600	1170.504085
0.280800	1169.893356
0.282000	1169.280271
0.283200	1168.664836
0.284400	1168.047051
0.285600	1167.426922
0.286800	1166.804450
0.288000	1166.179641
0.289200	1165.552496
0.290400	1164.923019
0.291600	1164.291214
0.292800	1163.657085
0.294000	1163.020633
0.295200	1162.381864
0.296400	1161.740780
0.297600	1161.097385
0.298800	1160.451683
0.300000	1159.803676
0.301200	1159.153369
0.302400	1158.500764
0.303600	1157.845866
0.304800	1157.188677
0.306000	1156.529203
0.307200	1155.867445
0.308400	1155.203407
0.309600	1154.537094
0.310800	1153.868509
0.312000	1153.197655
0.313200	1152.524536
0.314400	1151.849156
0.315600	1151.171518
0.316800	1150.491626
0.318000	1149.809483
0.319200	1149.125094
0.320400	1148.438462
0.321600	1147.749590
0.322800	1147.058483
0.324000	1146.365144
0.325200	1145.669577
0.326400	1144.971786
0.327600	1144.271774
0.328800	1143.569545
0.330000	1142.865103
0.331200	1142.158452
0.332400	1141.449596
0.333600	1140.738538
0.334800	1140.025282
0.336000	1139.309832
0.337200	1138.592193
0.338400	1137.872367
0.339600	1137.150359
0.340800	1136.426173
0.342000	1135.699812
0.343200	1134.971281
0.344400	1134.240583
0.345600	1133.507722
0.346800	1132.772703
0.348000	1132.035529
0.349200	1131.296204
0.350400	1130.554732
0.351600	1129.811118
0.352800	1129.065365
0.354000	1128.317477
0.355200	1127.567458
0.356400	1126.815312
0.357600	1126.061044
0.358800	1125.304658
0.360000	1124.546157
0.361200	1123.785545
0.362400	1123.022828
0.363600	1122.258008
0.364800	1121.491090
0.366000	1120.722077
0.367200	1119.950976
0.368400	1119.177788
0.369600	1118.402519
0.370800	1117.625173
0.372000	1116.845753
0.373200	1116.064265
0.374400	1115.280711
0.375600	1114.495098
0.376800	1113.707428
0.378000	1112.917705
0.379200	1112.125935
0.380400	1111.332122
0.381600	1110.536269
0.382800	1109.738380
0.384000	1108.938462
0.385200	1108.136516
0.386400	1107.332549
0.387600	1106.526563
0.388800	1105.718564
0.390000	1104.908556
0.391200	1104.096543
0.392400	1103.282529
0.393600	1102.466520
0.394800	1101.648518
0.396000	1100.828529
0.397200	1100.006557
0.398400	1099.182607
0.399600	1098.356682
0.400800	1097.528787
0.402000	1096.698927
0.403200	1095.867106
0.404400	1095.033329
0.405600	1094.197599
0.406800	1093.359922
0.408000	1092.520302
0.409200	1091.678743
0.410400	1090.835250
0.411600	1089.989828
0.412800	1089.142480
0.414000	1088.293212
0.415200	1087.442027
0.416400	1086.588931
0.417600	1085.733928
0.418800	1084.877023
0.420000	1084.018220
0.421200	1083.157523
0.422400	1082.294937
0.423600	1081.430468
0.424800	1080.564119
0.426000	1079.695895
0.427200	1078.825800
0.428400	1077.953840
0.429600	1077.080018
0.430800	1076.204340
0.432000	1075.326811
0.433200	1074.447434
0.434400	1073.566214
0.435600	1072.683157
0.436800	1071.798266
0.438000	1070.911547
0.439200	1070.023004
0.440400	1069.132642
0.441600	1068.240465
0.442800	1067.346479
0.444000	1066.450687
0.445200	1065.553096
0.446400	1064.653708
0.447600	1063.752530
0.448800	1062.849566
0.450000	1061.944820
0.451200	1061.038298
0.452400	1060.130004
0.453600	1059.219944
0.454800	1058.308120
0.456000	1057.394540
0.457200	1056.479206
0.458400	1055.562125
0.459600	1054.643301
0.460800	1053.722738
0.462000	1052.800442
0.463200	1051.876418
0.464400	1050.950670
0.465600	1050.023202
0.466800	1049.094021
0.468000	1048.163131
0.469200	1047.230536
0.470400	1046.296241
0.471600	1045.360252
0.472800	1044.422573
0.474000	1043.483210
0.475200	1042.542166
0.476400	1041.599447
0.477600	1040.655058
0.478800	1039.709004
0.480000	1038.761290
0.481200	1037.811919
0.482400	1036.860899
0.483600	1035.908233
0.484800	1034.953926
0.486000	1033.997983
0.487200	1033.040410
0.488400	1032.081210
0.489600	1031.120390
0.490800	1030.157954
0.492000	1029.193907
0.493200	1028.228254
0.494400	1027.261000
0.495600	1026.292150
0.496800	1025.321709
0.498000	1024.349682
0.499200	1023.376074
0.500400	1022.400889
0.501600	1021.424134
0.502800	1020.445812
0.504000	1019.465930
0.505200	1018.484491
0.506400	1017.501502
0.507600	1016.516966
0.508800	1015.530890
0.510000	1014.543277
0.511200	1013.554134
0.512400	1012.563465
0.513600	1011.571275
0.514800	1010.577569
0.516000	1009.582352
0.517200	1008.585630
0.518400	1007.587408
0.519600	1006.587690
0.520800	1005.586481
0.522000	1004.583787
0.523200	1003.579613
0.524400	1002.573963
0.525600	1001.566843
0.526800	1000.558259
0.528000	999.548214
0.529200	998.536715
0.530400	997.523765
0.531600	996.509371
0.532800	995.493538
0.534000	994.476270
0.535200	993.457572
0.536400	992.437451
0.537600	991.415910
0.538800	990.392955
0.540000	989.368591
0.541200	988.342824
0.542400	987.315658
0.543600	986.287098
0.544800	985.257150
0.546000	984.225818
0.547200	983.193109
0.548400	982.159026
0.549600	981.123576
0.550800	980.086763
0.552000	979.048592
0.553200	978.009069
0.554400	976.968199
0.555600	975.925986
0.556800	974.882437
0.558000	973.837556
0.559200	972.791348
0.560400	971.743818
0.561600	970.694972
0.562800	969.644815
0.564000	968.593352
0.565200	967.540588
0.566400	966.486528
0.567600	965.431178
0.568800	964.374543
0.570000	963.316627
0.571200	962.257436
0.572400	961.196975
0.573600	960.135250
0.574800	959.072265
0.576000	958.008026
0.577200	956.942537
0.578400	955.875805
0.579600	954.807833
0.580800	953.738629
0.582000	952.668195
0.583200	951.596539
0.584400	950.523664
0.585600	949.449576
0.586800	948.374281
0.588000	947.297783
0.589200	946.220088
0.590400	945.141201
0.591600	944.061126
0.592800	942.979870
0.594000	941.897437
0.595200	940.813833
0.596400	939.729062
0.597600	938.643131
0.598800	937.556043
0.600000	936.467805
0.601200	935.378422
0.602400	934.287898
0.603600	933.196239
0.604800	932.103450
0.606000	931.009536
0.607200	929.914502
0.608400	928.818355
0.609600	927.721098
0.610800	926.622737
0.612000	925.523277
0.613200	924.422724
0.614400	923.321082
0.615600	922.218356
0.616800	921.114553
0.618000	920.009677
0.619200	918.903733
0.620400	917.796726
0.621600	916.688663
0.622800	915.579546
0.624000	914.469383
0.625200	913.358178
0.626400	912.245937
0.627600	911.132664
0.628800	910.018364
0.630000	908.903044
0.631200	907.786707
0.632400	906.669360
0.633600	905.551007
0.634800	904.431653
0.636000	903.311305
0.637200	902.189966
0.638400	901.067642
0.639600	899.944338
0.640800	898.820060
0.642000	897.694812
0.643200	896.568600
0.644400	895.441429
0.645600	894.313304
0.646800	893.184230
0.648000	892.054212
0.649200	890.923256
0.650400	889.791366
0.651600	888.658549
0.652800	887.524808
0.654000	886.390149
0.655200	885.254577
0.656400	884.118098
0.657600	882.980716
0.658800	881.842436
0.660000	880.703265
0.661200	879.563206
0.662400	878.422265
0.663600	877.280448
0.664800	876.137759
0.666000	874.994203
0.667200	873.849785
0.668400	872.704512
0.669600	871.558387
0.670800	870.411416
0.672000	869.263603
0.673200	868.114955
0.674400	866.965477
0.675600	865.815172
0.676800	864.664047
0.678000	863.512106
0.679200	862.359355
0.680400	861.205799
0.681600	860.051442
0.682800	858.896291
0.684000	857.740349
0.685200	856.583623
0.686400	855.426116
0.687600	854.267835
0.688800	853.108784
0.690000	851.948969
0.691200	850.788394
0.692400	849.627064
0.693600	848.464985
0.694800	847.302162
0.696000	846.138600
0.697200	844.974303
0.698400	843.809277
0.699600	842.643527
0.700800	841.477058
0.702000	840.309875
0.703200	839.141983
0.704400	837.973387
0.705600	836.804092
0.706800	835.634104
0.708000	834.463426
0.709200	833.292065
0.710400	832.120025
0.711600	830.947311
0.712800	829.773928
0.714000	828.599882
0.715200	827.425177
0.716400	826.249818
0.717600	825.073811
0.718800	823.897160
0.720000	822.719870
0.721200	821.541947
0.722400	820.363395
0.723600	819.184219
0.724800	818.004425
0.726000	816.824017
0.727200	815.643000
0.728400	814.461379
0.729600	813.279159
0.730800	812.096346
0.732000	810.912944
0.733200	809.728958
0.734400	808.544392
0.735600	807.359253
0.736800	806.173545
0.738000	804.987273
0.739200	803.800442
0.740400	802.613056
0.741600	801.425121
0.742800	800.236642
0.744000	799.047624
0.745200	797.858071
0.746400	796.667988
0.747600	795.477381
0.748800	794.286254
0.750000	793.094612
0.751200	791.902461
0.752400	790.709804
0.753600	789.516648
0.754800	788.322996
0.756000	787.128854
0.757200	785.934226
0.758400	784.739118
0.759600	783.543534
0.760800	782.347480
0.762000	781.150960
0.763200	779.953978
0.764400	778.756541
0.765600	777.558652
0.766800	776.360317
0.768000	775.161541
0.769200	773.962327
0.770400	772.762682
0.771600	771.562610
0.772800	770.362115
0.774000	769.161204
0.775200	767.959879
0.776400	766.758148
0.777600	765.556013
0.778800	764.353480
0.780000	763.150554
0.781200	761.947240
0.782400	760.743542
0.783600	759.539465
0.784800	758.335015
0.786000	757.130195
0.787200	755.925011
0.788400	754.719467
0.789600	753.513569
0.790800	752.307320
0.792000	751.100727
0.793200	749.893793
0.794400	748.686523
0.795600	747.478922
0.796800	746.270995
0.798000	745.062747
0.799200	743.854182
0.800400	742.645305
0.801600	741.436121
0.802800	740.226635
0.804000	739.016851
0.805200	737.806775
0.806400	736.596410
0.807600	735.385761
0.808800	734.174834
0.810000	732.963633
0.811200	731.752163
0.812400	730.540428
0.813600	729.328433
0.814800	728.116183
0.816000	726.903683
0.817200	725.690937
0.818400	724.477950
0.819600	723.264727
0.820800	722.051271
0.822000	720.837589
0.823200	719.623685
0.824400	718.409563
0.825600	717.195228
0.826800	715.980685
0.828000	714.765938
0.829200	713.550992
0.830400	712.335851
0.831600	711.120522
0.832800	709.905007
0.834000	708.689311
0.835200	707.473440
0.836400	706.257398
0.837600	705.041190
0.838800	703.824819
0.840000	702.608292
0.841200	701.391611
0.842400	700.174783
0.843600	698.957812
0.844800	697.740701
0.846000	696.523457
0.847200	695.306083
0.848400	694.088584
0.849600	692.870965
0.850800	691.653230
0.852000	690.435383
0.853200	689.217430
0.854400	687.999376
0.855600	686.781223
0.856800	685.562978
0.858000	684.344645
0.859200	683.126227
0.860400	681.907731
0.861600	680.689160
0.862800	679.470519
0.864000	678.251812
0.865200	677.033045
0.866400	675.814221
0.867600	674.595345
0.868800	673.376421
0.870000	672.157455
0.871200	670.938451
0.872400	669.719413
0.873600	668.500345
0.874800	667.281253
0.876000	666.062140
0.877200	664.843012
0.878400	663.623872
0.879600	662.404726
0.880800	661.185578
0.882000	659.966431
0.883200	658.747292
0.884400	657.528164
0.885600	656.309051
0.886800	655.089959
0.888000	653.870891
0.889200	652.651852
0.890400	651.432847
0.891600	650.213881
0.892800	648.994956
0.894000	647.776079
0.895200	646.557253
0.896400	645.338482
0.897600	644.119773
0.898800	642.901128
0.900000	641.682552
0.901200	640.464049
0.902400	639.245625
0.903600	638.027283
0.904800	636.809029
0.906000	635.590865
0.907200	634.372797
0.908400	633.154830
0.909600	631.936967
0.910800	630.719213
0.912000	629.501572
0.913200	628.284049
0.914400	627.066648
0.915600	625.849374
0.916800	624.632231
0.918000	623.415223
0.919200	622.198354
0.920400	620.981630
0.921600	619.765055
0.922800	618.548632
0.924000	617.332366
0.925200	616.116262
0.926400	614.900323
0.927600	613.684555
0.928800	612.468962
0.930000	611.253547
0.931200	610.038316
0.932400	608.823273
0.933600	607.608421
0.934800	606.393766
0.936000	605.179311
0.937200	603.965061
0.938400	602.751021
0.939600	601.537194
0.940800	600.323585
0.942000	599.110199
0.943200	597.897039
0.944400	596.684109
0.945600	595.471415
0.946800	594.258961
0.948000	593.046750
0.949200	591.834787
0.950400	590.623076
0.951600	589.411622
0.952800	588.200429
0.954000	586.989501
0.955200	585.778843
0.956400	584.568458
0.957600	583.358351
0.958800	582.148527
0.960000	580.938989
0.961200	579.729741
0.962400	578.520789
0.963600	577.312136
0.964800	576.103786
0.966000	574.895744
0.967200	573.688014
0.968400	572.480600
0.969600	571.273507
0.970800	570.066738
0.972000	568.860298
0.973200	567.654192
0.974400	566.448422
0.975600	565.242994
0.976800	564.037912
0.978000	562.833180
0.979200	561.628802
0.980400	560.424782
0.981600	559.221124
0.982800	558.017834
0.984000	556.814914
0.985200	555.612370
0.986400	554.410204
0.987600	553.208422
0.988800	552.007028
0.990000	550.806025
0.991200	549.605419
0.992400	548.405212
0.993600	547.205410
0.994800	546.006016
0.996000	544.807035
0.997200	543.608471
0.998400	542.410327
0.999600	541.212608
1.000800	540.015319
1.002000	538.818462
1.003200	537.622043
1.004400	536.426066
1.005600	535.230534
1.006800	534.035452
1.008000	532.840824
1.009200	531.646653
1.010400	530.452945
1.011600	529.259703
1.012800	528.066931
1.014000	526.874634
1.015200	525.682815
1.016400	524.491478
1.017600	523.300628
1.018800	522.110269
1.020000	520.920405
1.021200	519.731039
1.022400	518.542176
1.023600	517.353820
1.024800	516.165975
1.026000	514.978646
1.027200	513.791835
1.028400	512.605547
1.029600	511.419787
1.030800	510.234558
1.032000	509.049864
1.033200	507.865709
1.034400	506.682098
1.035600	505.499034
1.036800	504.316521
1.038000	503.134564
1.039200	501.953166
1.040400	500.772332
1.041600	499.592064
1.042800	498.412368
1.044000	497.233248
1.045200	496.054707
1.046400	494.876749
1.047600	493.699378
1.048800	492.522599
1.050000	491.346415
1.051200	490.170830
1.052400	488.995848
1.053600	487.821474
1.054800	486.647710
1.056000	485.474562
1.057200	484.302032
1.058400	483.130126
1.059600	481.958846
1.060800	480.788197
1.062000	479.618182
1.063200	478.448806
1.064400	477.280073
1.065600	476.111986
1.066800	474.944549
1.068000	473.777767
1.069200	472.611643
1.070400	471.446180
1.071600	470.281384
1.072800	469.117257
1.074000	467.953804
1.075200	466.791029
1.076400	465.628935
1.077600	464.467526
1.078800	463.306806
1.080000	462.146780
1.081200	460.987450
1.082400	459.828820
1.083600	458.670896
1.084800	457.513679
1.086000	456.357175
1.087200	455.201386
1.088400	454.046318
1.089600	452.891973
1.090800	451.738355
1.092000	450.585469
1.093200	449.433317
1.094400	448.281905
1.095600	447.131234
1.096800	445.981311
1.098000	444.832137
1.099200	443.683717
1.100400	442.536055
1.101600	441.389155
1.102800	440.243019
1.104000	439.097652
1.105200	437.953059
1.106400	436.809241
1.107600	435.666204
1.108800	434.523950
1.110000	433.382484
1.111200	432.241809
1.112400	431.101929
1.113600	429.962848
1.114800	428.824569
1.116000	427.687097
1.117200	426.550434
1.118400	425.414584
1.119600	424.279552
1.120800	423.145340
1.122000	422.011953
1.123200	420.879393
1.124400	419.747666
1.125600	418.616774
1.126800	417.486721
1.128000	416.357510
1.129200	415.229146
1.130400	414.101632
1.131600	412.974971
1.132800	411.849167
1.134000	410.724224
1.135200	409.600145
1.136400	408.476934
1.137600	407.354594
1.138800	406.233130
1.140000	405.112544
1.141200	403.992840
1.142400	402.874022
1.143600	401.756093
1.144800	400.639057
1.146000	399.522917
1.147200	398.407677
1.148400	397.293340
1.149600	396.179910
1.150800	395.067390
1.152000	393.955785
1.153200	392.845096
1.154400	391.735329
1.155600	390.626485
1.156800	389.518570
1.158000	388.411586
1.159200	387.305536
1.160400	386.200425
1.161600	385.096255
1.162800	383.993030
1.164000	382.890754
1.165200	381.789429
1.166400	380.689060
1.167600	379.589649
1.168800	378.491201
1.170000	377.393717
1.171200	376.297203
1.172400	375.201661
1.173600	374.107095
1.174800	373.013507
1.176000	371.920902
1.177200	370.829282
1.178400	369.738652
1.179600	368.649013
1.180800	367.560370
1.182000	366.472727
1.183200	365.386085
1.184400	364.300449
1.185600	363.215822
1.186800	362.132206
1.188000	361.049607
1.189200	359.968025
1.190400	358.887466
1.191600	357.807932
1.192800	356.729426
1.194000	355.651952
1.195200	354.575512
1.196400	353.500111
1.197600	352.425751
1.198800	351.352435
1.200000	350.280167
1.201200	349.208950
1.202400	348.138786
1.203600	347.069680
1.204800	346.001634
1.206000	344.934652
1.207200	343.868736
1.208400	342.803890
1.209600	341.740117
1.210800	340.677419
1.212000	339.615801
1.213200	338.555264
1.214400	337.495813
1.215600	336.437451
1.216800	335.380179
1.218000	334.324002
1.219200	333.268922
1.220400	332.214943
1.221600	331.162068
1.222800	330.110299
1.224000	329.059639
1.225200	328.010092
1.226400	326.961661
1.227600	325.914348
1.228800	324.868156
1.230000	323.823089
1.231200	322.779150
1.232400	321.736340
1.233600	320.694664
1.234800	319.654125
1.236000	318.614724
1.237200	317.576465
1.238400	316.539352
1.239600	315.503386
1.240800	314.468571
1.242000	313.434909
1.243200	312.402404
1.244400	311.371058
1.245600	310.340874
1.246800	309.311855
1.248000	308.284003
1.249200	307.257323
1.250400	306.231815
1.251600	305.207484
1.252800	304.184331
1.254000	303.162361
1.255200	302.141574
1.256400	301.121975
1.257600	300.103566
1.258800	299.086349
1.260000	298.070328
1.261200	297.055504
1.262400	296.041881
1.263600	295.029462
1.264800	294.018249
1.266000	293.008244
1.267200	291.999451
1.268400	290.991872
1.269600	289.985510
1.270800	288.980366
1.272000	287.976445
1.273200	286.973748
1.274400	285.972278
1.275600	284.972038
1.276800	283.973030
1.278000	282.975257
1.279200	281.978721
1.280400	280.983424
1.281600	279.989370
1.282800	278.996561
1.284000	278.005000
1.285200	277.014688
1.286400	276.025628
1.287600	275.037823
1.288800	274.051275
1.290000	273.065987
1.291200	272.081961
1.292400	271.099200
1.293600	270.117705
1.294800	269.137480
1.296000	268.158526
1.297200	267.180847
1.298400	266.204443
1.299600	265.229319
1.300800	264.255476
1.302000	263.282916
1.303200	262.311641
1.304400	261.341655
1.305600	260.372959
1.306800	259.405556
1.308000	258.439448
1.309200	257.474637
1.310400	256.511125
1.311600	255.548915
1.312800	254.588008
1.314000	253.628408
1.315200	252.670116
1.316400	251.713134
1.317600	250.757465
1.318800	249.803111
1.320000	248.850073
1.321200	247.898355
1.322400	246.947958
1.323600	245.998884
1.324800	245.051135
1.326000	244.104714
1.327200	243.159623
1.328400	242.215863
1.329600	241.273437
1.330800	240.332346
1.332000	239.392593
1.333200	238.454180
1.334400	237.517109
1.335600	236.581381
1.336800	235.647000
1.338000	234.713965
1.339200	233.782281
1.340400	232.851948
1.341600	231.922969
1.342800	230.995345
1.344000	230.069078
1.345200	229.144171
1.346400	228.220625
1.347600	227.298442
1.348800	226.377623
1.350000	225.458171
1.351200	224.540088
1.352400	223.623375
1.353600	222.708035
1.354800	221.794068
1.356000	220.881477
1.357200	219.970263
1.358400	219.060429
1.359600	218.151976
1.360800	217.244905
1.362000	216.339219
1.363200	215.434919
1.364400	214.532007
1.365600	213.630484
1.366800	212.730352
1.368000	211.831614
1.369200	210.934270
1.370400	210.038321
1.371600	209.143771
1.372800	208.250620
1.374000	207.358870
1.375200	206.468522
1.376400	205.579579
1.377600	204.692041
1.378800	203.805910
1.380000	202.921188
1.381200	202.037876
1.382400	201.155976
1.383600	200.275489
1.384800	199.396416
1.386000	198.518760
1.387200	197.642522
1.388400	196.767702
1.389600	195.894303
1.390800	195.022326
1.392000	194.151771
1.393200	193.282642
1.394400	192.414939
1.395600	191.548663
1.396800	190.683816
1.398000	189.820399
1.399200	188.958413
1.400400	188.097860
1.401600	187.238741
1.402800	186.381057
1.404000	185.524810
1.405200	184.670001
1.406400	183.816630
1.407600	182.964701
1.408800	182.114212
1.410000	181.265167
1.411200	180.417565
1.412400	179.571408
1.413600	178.726698
1.414800	177.883435
1.416000	177.041621
1.417200	176.201256
1.418400	175.362343
1.419600	174.524881
1.420800	173.688872
1.422000	172.854318
1.423200	172.021219
1.424400	171.189575
1.425600	170.359390
1.426800	169.530662
1.428000	168.703394
1.429200	167.877586
1.430400	167.053240
1.431600	166.230356
1.432800	165.408935
1.434000	164.588979
1.435200	163.770487
1.436400	162.953462
1.437600	162.137904
1.438800	161.323814
1.440000	160.511193
1.441200	159.700041
1.442400	158.890360
1.443600	158.082150
1.444800	157.275413
1.446000	156.470149
1.447200	155.666359
1.448400	154.864043
1.449600	154.063203
1.450800	153.263839
1.452000	152.465953
1.453200	151.669544
1.454400	150.874614
1.455600	150.081163
1.456800	149.289192
1.458000	148.498702
1.459200	147.709693
1.460400	146.922166
1.461600	146.136123
1.462800	145.351562
1.464000	144.568486
1.465200	143.786894
1.466400	143.006788
1.467600	142.228168
1.468800	141.451034
1.470000	140.675387
1.471200	139.901228
1.472400	139.128557
1.473600	138.357376
1.474800	137.587683
1.476000	136.819480
1.477200	136.052768
1.478400	135.287546
1.479600	134.523816
1.480800	133.761578
1.482000	133.000832
1.483200	132.241579
1.484400	131.483818
1.485600	130.727552
1.486800	129.972780
1.488000	129.219502
1.489200	128.467719
1.490400	127.717431
1.491600	126.968638
1.492800	126.221342
1.494000	125.475542
1.495200	124.731238
1.496400	123.988432
1.497600	123.247123
1.498800	122.507311
1.500000	121.768997
1.501200	121.032182
1.502400	120.296865
1.503600	119.563046
1.504800	118.830726
1.506000	118.099906
1.507200	117.370585
1.508400	116.642763
1.509600	115.916441
1.510800	115.191619
1.512000	114.468298
1.513200	113.746476
1.514400	113.026155
1.515600	112.307335
1.516800	111.590015
1.518000	110.874196
1.519200	110.159879
1.520400	109.447062
1.521600	108.735746
1.522800	108.025932
1.524000	107.317619
1.525200	106.610807
1.526400	105.905497
1.527600	105.201688
1.528800	104.499380
1.530000	103.798574
1.531200	103.099270
1.532400	102.401467
1.533600	101.705165
1.534800	101.010365
1.536000	100.317066
1.537200	99.625269
1.538400	98.934973
1.539600	98.246178
1.540800	97.558884
1.542000	96.873091
1.543200	96.188799
1.544400	95.506008
1.545600	94.824718
1.546800	94.144928
1.548000	93.466639
1.549200	92.789850
1.550400	92.114561
1.551600	91.440772
1.552800	90.768482
1.554000	90.097693
1.555200	89.428402
1.556400	88.760611
1.557600	88.094319
1.558800	87.429526
1.560000	86.766231
1.561200	86.104434
1.562400	85.444135
1.563600	84.785334
1.564800	84.128030
1.566000	83.472224
1.567200	82.817914
1.568400	82.165101
1.569600	81.513784
1.570800	80.863962
1.572000	80.215637
1.573200	79.568807
1.574400	78.923471
1.575600	78.279630
1.576800	77.637283
1.578000	76.996430
1.579200	76.357070
1.580400	75.719203
1.581600	75.082829
1.582800	74.447947
1.584000	73.814556
1.585200	73.182657
1.586400	72.552249
1.587600	71.923331
1.588800	71.295903
1.590000	70.669964
1.591200	70.045515
1.592400	69.422554
1.593600	68.801080
1.594800	68.181095
1.596000	67.562596
1.597200	66.945584
1.598400	66.330058
1.599600	65.716017
1.600800	65.103461
1.602000	64.492389
1.603200	63.882801
1.604400	63.274696
1.605600	62.668074
1.606800	62.062934
1.608000	61.459275
1.609200	60.857097
1.610400	60.256400
1.611600	59.657181
1.612800	59.059442
1.614000	58.463181
1.615200	57.868398
1.616400	57.275092
1.617600	56.683262
1.618800	56.092908
1.620000	55.504029
1.621200	54.916625
1.622400	54.330694
1.623600	53.746236
1.624800	53.163250
1.626000	52.581736
1.627200	52.001693
1.628400	51.423120
1.629600	50.846017
1.630800	50.270382
1.632000	49.696215
1.633200	49.123515
1.634400	48.552282
1.635600	47.982514
1.636800	47.414211
1.638000	46.847373
1.639200	46.281997
1.640400	45.718085
1.641600	45.155633
1.642800	44.594643
1.644000	44.035113
1.645200	43.477042
1.646400	42.920430
1.647600	42.365275
1.648800	41.811577
1.650000	41.259335
1.651200	40.708548
1.652400	40.159216
1.653600	39.611336
1.654800	39.064909
1.656000	38.519934
1.657200	37.976410
1.658400	37.434335
1.659600	36.893709
1.660800	36.354531
1.662000	35.816800
1.663200	35.280516
1.664400	34.745676
1.665600	34.212282
1.666800	33.680330
1.668000	33.149821
1.669200	32.620753
1.670400	32.093126
1.671600	31.566939
1.672800	31.042190
1.674000	30.518879
1.675200	29.997004
1.676400	29.476565
1.677600	28.957561
1.678800	28.439991
1.680000	27.923853
1.681200	27.409147
1.682400	26.895872
1.683600	26.384027
1.684800	25.873610
1.686000	25.364621
1.687200	24.857058
1.688400	24.350921
1.689600	23.846208
1.690800	23.342919
1.692000	22.841052
1.693200	22.340607
1.694400	21.841582
1.695600	21.343976
1.696800	20.847789
1.698000	20.353018
1.699200	19.859663
1.700400	19.367724
1.701600	18.877198
1.702800	18.388085
1.704000	17.900383
1.705200	17.414092
1.706400	16.929210
1.707600	16.445736
1.708800	15.963670
1.710000	15.483010
1.711200	15.003754
1.712400	14.525902
1.713600	14.049453
1.714800	13.574405
1.716000	13.100757
1.717200	12.628509
1.718400	12.157658
1.719600	11.688205
1.720800	11.220147
1.722000	10.753483
1.723200	10.288212
1.724400	9.824334
1.725600	9.361847
1.726800	8.900749
1.728000	8.441040
1.729200	7.982717
1.730400	7.525782
1.731600	7.070230
1.732800	6.616063
1.734000	6.163278
1.735200	5.711874
1.736400	5.261850
1.737600	4.813205
1.738800	4.365938
1.740000	3.920046
1.741200	3.475530
1.742400	3.032387
1.743600	2.590617
1.744800	2.150219
1.746000	1.711190
1.747200	1.273530
1.748400	0.837237
1.749600	0.402311
1.750800	0.031251
1.752000	0.463449
1.753200	0.894284
1.754400	1.323759
1.755600	1.751873
1.756800	2.178630
1.758000	2.604029
1.759200	3.028072
1.760400	3.450761
1.761600	3.872096
1.762800	4.292080
1.764000	4.710713
1.765200	5.127996
1.766400	5.543932
1.767600	5.958521
1.768800	6.371765
1.770000	6.783665
1.771200	7.194222
1.772400	7.603438
1.773600	8.011314
1.774800	8.417852
1.776000	8.823052
1.777200	9.226917
1.778400	9.629447
1.779600	10.030643
1.780800	10.430509
1.782000	10.829044
1.783200	11.226249
1.784400	11.622128
1.785600	12.016680
1.786800	12.409907
1.788000	12.801811
1.789200	13.192392
1.790400	13.581653
1.791600	13.969595
1.792800	14.356219
1.794000	14.741527
1.795200	15.125519
1.796400	15.508198
1.797600	15.889565
1.798800	16.269621
1.800000	16.648367
1.801200	17.025806
1.802400	17.401938
1.803600	17.776765
1.804800	18.150289
1.806000	18.522510
1.807200	18.893431
1.808400	19.263052
1.809600	19.631376
1.810800	19.998403
1.812000	20.364136
1.813200	20.728574
1.814400	21.091721
1.815600	21.453578
1.816800	21.814145
1.818000	22.173425
1.819200	22.531418
1.820400	22.888128
1.821600	23.243553
1.822800	23.597698
1.824000	23.950562
1.825200	24.302147
1.826400	24.652456
1.827600	25.001488
1.828800	25.349247
1.830000	25.695733
1.831200	26.040948
1.832400	26.384893
1.833600	26.727570
1.834800	27.068980
1.836000	27.409125
1.837200	27.748007
1.838400	28.085627
1.839600	28.421986
1.840800	28.757087
1.842000	29.090929
1.843200	29.423516
1.844400	29.754849
1.845600	30.084929
1.846800	30.413758
1.848000	30.741337
1.849200	31.067668
1.850400	31.392752
1.851600	31.716591
1.852800	32.039187
1.854000	32.360541
1.855200	32.680655
1.856400	32.999530
1.857600	33.317168
1.858800	33.633570
1.860000	33.948739
1.861200	34.262675
1.862400	34.575380
1.863600	34.886856
1.864800	35.197105
1.866000	35.506127
1.867200	35.813925
1.868400	36.120500
1.869600	36.425855
1.870800	36.729989
1.872000	37.032906
1.873200	37.334606
1.874400	37.635092
1.875600	37.934364
1.876800	38.232425
1.878000	38.529277
1.879200	38.824920
1.880400	39.119356
1.881600	39.412588
1.882800	39.704616
1.884000	39.995443
1.885200	40.285070
1.886400	40.573499
1.887600	40.860731
1.888800	41.146768
1.890000	41.431612
1.891200	41.715264
1.892400	41.997726
1.893600	42.279000
1.894800	42.559087
1.896000	42.837989
1.897200	43.115709
1.898400	43.392246
1.899600	43.667604
1.900800	43.941783
1.902000	44.214786
1.903200	44.486615
1.904400	44.757270
1.905600	45.026754
1.906800	45.295068
1.908000	45.562215
1.909200	45.828195
1.910400	46.093011
1.911600	46.356664
1.912800	46.619156
1.914000	46.880488
1.915200	47.140663
1.916400	47.399682
1.917600	47.657548
1.918800	47.914261
1.920000	48.169823
1.921200	48.424236
1.922400	48.677503
1.923600	48.929624
1.924800	49.180601
1.926000	49.430437
1.927200	49.679133
1.928400	49.926690
1.929600	50.173111
1.930800	50.418397
1.932000	50.662551
1.933200	50.905573
1.934400	51.147466
1.935600	51.388232
1.936800	51.627872
1.938000	51.866387
1.939200	52.103781
1.940400	52.340054
1.941600	52.575209
1.942800	52.809248
1.944000	53.042171
1.945200	53.273981
1.946400	53.504680
1.947600	53.734270
1.948800	53.962752
1.950000	54.190129
1.951200	54.416401
1.952400	54.641572
1.953600	54.865642
1.954800	55.088614
1.956000	55.310490
1.957200	55.531271
1.958400	55.750959
1.959600	55.969557
1.960800	56.187065
1.962000	56.403486
1.963200	56.618822
1.964400	56.833075
1.965600	57.046246
1.966800	57.258337
1.968000	57.469351
1.969200	57.679289
1.970400	57.888153
1.971600	58.095945
1.972800	58.302667
1.974000	58.508321
1.975200	58.712908
1.976400	58.916432
1.977600	59.118892
1.978800	59.320292
1.980000	59.520634
1.981200	59.719919
1.982400	59.918149
1.983600	60.115327
1.984800	60.311454
1.986000	60.506531
1.987200	60.700562
1.988400	60.893548
1.989600	61.085491
1.990800	61.276393
1.992000	61.466256
1.993200	61.655082
1.994400	61.842873
1.995600	62.029630
1.996800	62.215357
1.998000	62.400054
1.999200	62.583724
2.000400	62.766369
2.001600	62.947991
2.002800	63.128591
2.004000	63.308173
2.005200	63.486737
2.006400	63.664286
2.007600	63.840822
2.008800	64.016347
2.010000	64.190862
2.011200	64.364371
2.012400	64.536875
2.013600	64.708376
2.014800	64.878876
2.016000	65.048377
2.017200	65.216881
2.018400	65.384390
2.019600	65.550907
2.020800	65.716433
2.022000	65.880970
2.023200	66.044521
2.024400	66.207087
2.025600	66.368671
2.026800	66.529275
2.028000	66.688900
2.029200	66.847550
2.030400	67.005225
2.031600	67.161928
2.032800	67.317662
2.034000	67.472428
2.035200	67.626228
2.036400	67.779065
2.037600	67.930940
2.038800	68.081856
2.040000	68.231815
2.041200	68.380819
2.042400	68.528869
2.043600	68.675970
2.044800	68.822121
2.046000	68.967326
2.047200	69.111587
2.048400	69.254905
2.049600	69.397284
2.050800	69.538724
2.052000	69.679229
2.053200	69.818800
2.054400	69.957440
2.055600	70.095151
2.056800	70.231934
2.058000	70.367793
2.059200	70.502729
2.060400	70.636745
2.061600	70.769842
2.062800	70.902023
2.064000	71.033291
2.065200	71.163646
2.066400	71.293092
2.067600	71.421631
2.068800	71.549265
2.070000	71.675995
2.071200	71.801826
2.072400	71.926757
2.073600	72.050793
2.074800	72.173935
2.076000	72.296185
2.077200	72.417545
2.078400	72.538018
2.079600	72.657606
2.080800	72.776312
2.082000	72.894137
2.083200	73.011083
2.084400	73.127154
2.085600	73.242351
2.086800	73.356677
2.088000	73.470133
2.089200	73.582722
2.090400	73.694447
2.091600	73.805310
2.092800	73.915312
2.094000	74.024456
2.095200	74.132746
2.096400	74.240181
2.097600	74.346766
2.098800	74.452503
2.100000	74.557393
2.101200	74.661439
2.102400	74.764643
2.103600	74.867008
2.104800	74.968536
2.106000	75.069229
2.107200	75.169090
2.108400	75.268121
2.109600	75.366324
2.110800	75.463701
2.112000	75.560255
2.113200	75.655989
2.114400	75.750904
2.115600	75.845003
2.116800	75.938289
2.118000	76.030763
2.119200	76.122428
2.120400	76.213286
2.121600	76.303340
2.122800	76.392592
2.124000	76.481045
2.125200	76.568700
2.126400	76.655560
2.127600	76.741628
2.128800	76.826906
2.130000	76.911396
2.131200	76.995101
2.132400	77.078023
2.133600	77.160164
2.134800	77.241527
2.136000	77.322114
2.137200	77.401928
2.138400	77.480971
2.139600	77.559245
2.140800	77.636753
2.142000	77.713497
2.143200	77.789480
2.144400	77.864704
2.145600	77.939171
2.146800	78.012885
2.148000	78.085846
2.149200	78.158058
2.150400	78.229523
2.151600	78.300244
2.152800	78.370222
2.154000	78.439461
2.155200	78.507963
2.156400	78.575730
2.157600	78.642764
2.158800	78.709069
2.160000	78.774646
2.161200	78.839498
2.162400	78.903628
2.163600	78.967037
2.164800	79.029729
2.166000	79.091706
2.167200	79.152969
2.168400	79.213522
2.169600	79.273368
2.170800	79.332508
2.172000	79.390944
2.173200	79.448681
2.174400	79.505719
2.175600	79.562062
2.176800	79.617711
2.178000	79.672670
2.179200	79.726940
2.180400	79.780525
2.181600	79.833426
2.182800	79.885646
2.184000	79.937188
2.185200	79.988054
2.186400	80.038247
2.187600	80.087769
2.188800	80.136622
2.190000	80.184809
2.191200	80.232333
2.192400	80.279195
2.193600	80.325399
2.194800	80.370947
2.196000	80.415841
2.197200	80.460084
2.198400	80.503679
2.199600	80.546627
2.200800	80.588931
2.202000	80.630594
2.203200	80.671619
2.204400	80.712007
2.205600	80.751761
2.206800	80.790884
2.208000	80.829378
2.209200	80.867246
2.210400	80.904490
2.211600	80.941113
2.212800	80.977116
2.214000	81.012504
2.215200	81.047277
2.216400	81.081439
2.217600	81.114992
2.218800	81.147939
2.220000	81.180281
2.221200	81.212023
2.222400	81.243165
2.223600	81.273711
2.224800	81.303662
2.226000	81.333022
2.227200	81.361793
2.228400	81.389978
2.229600	81.417579
2.230800	81.444597
2.232000	81.471037
2.233200	81.496900
2.234400	81.522189
2.235600	81.546907
2.236800	81.571055
2.238000	81.594636
2.239200	81.617654
2.240400	81.640109
2.241600	81.662005
2.242800	81.683345
2.244000	81.704130
2.245200	81.724364
2.246400	81.744048
2.247600	81.763185
2.248800	81.781777
2.250000	81.799828
2.251200	81.817340
2.252400	81.834314
2.253600	81.850754
2.254800	81.866662
2.256000	81.882040
2.257200	81.896891
2.258400	81.911217
2.259600	81.925021
2.260800	81.938306
2.262000	81.951073
2.263200	81.963325
2.264400	81.975065
2.265600	81.986295
2.266800	81.997018
2.268000	82.007235
2.269200	82.016950
2.270400	82.026165
2.271600	82.034882
2.272800	82.043104
2.274000	82.050833
2.275200	82.058071
2.276400	82.064822
2.277600	82.071087
2.278800	82.076869
2.280000	82.082171
2.281200	82.086994
2.282400	82.091341
2.283600	82.095215
2.284800	82.098618
2.286000	82.101552
2.287200	82.104021
2.288400	82.106025
2.289600	82.107568
2.290800	82.108653
2.292000	82.109280
2.293200	82.109454
2.294400	82.109176
2.295600	82.108448
2.296800	82.107274
2.298000	82.105655
2.299200	82.103593
2.300400	82.101092
2.301600	82.098154
2.302800	82.094780
2.304000	82.090974
2.305200	82.086737
2.306400	82.082073
2.307600	82.076983
2.308800	82.071469
2.310000	82.065535
2.311200	82.059182
2.312400	82.052413
2.313600	82.045230
2.314800	82.037636
2.316000	82.029632
2.317200	82.021222
2.318400	82.012407
2.319600	82.003189
2.320800	81.993572
2.322000	81.983558
2.323200	81.973148
2.324400	81.962345
2.325600	81.951151
2.326800	81.939569
2.328000	81.927601
2.329200	81.915249
2.330400	81.902516
2.331600	81.889403
2.332800	81.875914
2.334000	81.862050
2.335200	81.847813
2.336400	81.833206
2.337600	81.818232
2.338800	81.802891
2.340000	81.787188
2.341200	81.771123
2.342400	81.754699
2.343600	81.737919
2.344800	81.720784
2.346000	81.703297
2.347200	81.685460
2.348400	81.667275
2.349600	81.648745
2.350800	81.629871
2.352000	81.610656
2.353200	81.591103
2.354400	81.571212
2.355600	81.550987
2.356800	81.530429
2.358000	81.509541
2.359200	81.488325
2.360400	81.466783
2.361600	81.444917
2.362800	81.422730
2.364000	81.400223
2.365200	81.377399
2.366400	81.354260
2.367600	81.330807
2.368800	81.307044
2.370000	81.282972
2.371200	81.258593
2.372400	81.233910
2.373600	81.208924
2.374800	81.183637
2.376000	81.158053
2.377200	81.132172
2.378400	81.105997
2.379600	81.079529
2.380800	81.052772
2.382000	81.025727
2.383200	80.998396
2.384400	80.970781
2.385600	80.942884
2.386800	80.914707
2.388000	80.886253
2.389200	80.857523
2.390400	80.828519
2.391600	80.799243
2.392800	80.769698
2.394000	80.739885
2.395200	80.709806
2.396400	80.679464
2.397600	80.648859
2.398800	80.617995
2.400000	80.586873
2.401200	80.555495
2.402400	80.523864
2.403600	80.491980
2.404800	80.459846
2.406000	80.427464
2.407200	80.394836
2.408400	80.361963
2.409600	80.328849
2.410800	80.295493
2.412000	80.261900
2.413200	80.228069
2.414400	80.194004
2.415600	80.159705
2.416800	80.125176
2.418000	80.090418
2.419200	80.055432
2.420400	80.020220
2.421600	79.984785
2.422800	79.949129
2.424000	79.913252
2.425200	79.877157
2.426400	79.840846
2.427600	79.804320
2.428800	79.767581
2.430000	79.730631
2.431200	79.693473
2.432400	79.656107
2.433600	79.618535
2.434800	79.580759
2.436000	79.542781
2.437200	79.504603
2.438400	79.466226
2.439600	79.427653
2.440800	79.388884
2.442000	79.349922
2.443200	79.310768
2.444400	79.271424
2.445600	79.231891
2.446800	79.192172
2.448000	79.152268
2.449200	79.112181
2.450400	79.071912
2.451600	79.031463
2.452800	78.990836
2.454000	78.950032
2.455200	78.909053
2.456400	78.867901
2.457600	78.826576
2.458800	78.785082
2.460000	78.743419
2.461200	78.701589
2.462400	78.659594
2.463600	78.617435
2.464800	78.575114
2.466000	78.532632
2.467200	78.489991
2.468400	78.447192
2.469600	78.404237
2.470800	78.361128
2.472000	78.317866
2.473200	78.274453
2.474400	78.230890
2.475600	78.187178
2.476800	78.143319
2.478000	78.099315
2.479200	78.055167
2.480400	78.010877
2.481600	77.966446
2.482800	77.921875
2.484000	77.877166
2.485200	77.832320
2.486400	77.787339
2.487600	77.742225
2.488800	77.696978
2.490000	77.651600
2.491200	77.606093
2.492400	77.560458
2.493600	77.514695
2.494800	77.468808
2.496000	77.422796
2.497200	77.376662
2.498400	77.330407
2.499600	77.284032
2.500800	77.237538
2.502000	77.190927
2.503200	77.144200
2.504400	77.097359
2.505600	77.050404
2.506800	77.003337
2.508000	76.956160
2.509200	76.908873
2.510400	76.861479
2.511600	76.813977
2.512800	76.766370
2.514000	76.718658
2.515200	76.670844
2.516400	76.622928
2.517600	76.574911
2.518800	76.526795
2.520000	76.478581
2.521200	76.430270
2.522400	76.381863
2.523600	76.333361
2.524800	76.284767
2.526000	76.236080
2.527200	76.187302
2.528400	76.138435
2.529600	76.089479
2.530800	76.040435
2.532000	75.991305
2.533200	75.942090
2.534400	75.892791
2.535600	75.843409
2.536800	75.793945
2.538000	75.744401
2.539200	75.694777
2.540400	75.645074
2.541600	75.595294
2.542800	75.545437
2.544000	75.495505
2.545200	75.445499
2.546400	75.395420
2.547600	75.345268
2.548800	75.295046
2.550000	75.244753
2.551200	75.194392
2.552400	75.143962
2.553600	75.093466
2.554800	75.042903
2.556000	74.992275
2.557200	74.941584
2.558400	74.890829
2.559600	74.840012
2.560800	74.789134
2.562000	74.738196
2.563200	74.687199
2.564400	74.636143
2.565600	74.585031
2.566800	74.533862
2.568000	74.482637
2.569200	74.431358
2.570400	74.380025
2.571600	74.328640
2.572800	74.277202
2.574000	74.225714
2.575200	74.174176
2.576400	74.122589
2.577600	74.070953
2.578800	74.019270
2.580000	73.967540
2.581200	73.915764
2.582400	73.863944
2.583600	73.812079
2.584800	73.760172
2.586000	73.708222
2.587200	73.656230
2.588400	73.604197
2.589600	73.552125
2.590800	73.500013
2.592000	73.447863
2.593200	73.395675
2.594400	73.343451
2.595600	73.291190
2.596800	73.238894
2.598000	73.186563
2.599200	73.134199
2.600400	73.081802
2.601600	73.029372
2.602800	72.976910
2.604000	72.924418
2.605200	72.871896
2.606400	72.819344
2.607600	72.766763
2.608800	72.714154
2.610000	72.661518
2.611200	72.608856
2.612400	72.556167
2.613600	72.503453
2.614800	72.450714
2.616000	72.397951
2.617200	72.345165
2.618400	72.292357
2.619600	72.239526
2.620800	72.186674
2.622000	72.133801
2.623200	72.080908
2.624400	72.027995
2.625600	71.975064
2.626800	71.922114
2.628000	71.869147
2.629200	71.816162
2.630400	71.763161
2.631600	71.710145
2.632800	71.657112
2.634000	71.604065
2.635200	71.551004
2.636400	71.497930
2.637600	71.444842
2.638800	71.391742
2.640000	71.338629
2.641200	71.285506
2.642400	71.232371
2.643600	71.179226
2.644800	71.126072
2.646000	71.072908
2.647200	71.019735
2.648400	70.966554
2.649600	70.913366
2.650800	70.860170
2.652000	70.806967
2.653200	70.753758
2.654400	70.700543
2.655600	70.647323
2.656800	70.594099
2.658000	70.540870
2.659200	70.487637
2.660400	70.434400
2.661600	70.381161
2.662800	70.327919
2.664000	70.274675
2.665200	70.221430
2.666400	70.168183
2.667600	70.114936
2.668800	70.061688
2.670000	70.008441
2.671200	69.955194
2.672400	69.901948
2.673600	69.848704
2.674800	69.795461
2.676000	69.742220
2.677200	69.688982
2.678400	69.635747
2.679600	69.582516
2.680800	69.529288
2.682000	69.476064
2.683200	69.422845
2.684400	69.369631
2.685600	69.316422
2.686800	69.263219
2.688000	69.210021
2.689200	69.156830
2.690400	69.103646
2.691600	69.050469
2.692800	68.997299
2.694000	68.944137
2.695200	68.890983
2.696400	68.837838
2.697600	68.784701
2.698800	68.731573
2.700000	68.678455
2.701200	68.625347
2.702400	68.572248
2.703600	68.519160
2.704800	68.466082
2.706000	68.413016
2.707200	68.359961
2.708400	68.306917
2.709600	68.253885
2.710800	68.200866
2.712000	68.147859
2.713200	68.094864
2.714400	68.041883
2.715600	67.988915
2.716800	67.935960
2.718000	67.883020
2.719200	67.830093
2.720400	67.777181
2.721600	67.724283
2.722800	67.671401
2.724000	67.618533
2.725200	67.565681
2.726400	67.512845
2.727600	67.460024
2.728800	67.407220
2.730000	67.354432
2.731200	67.301661
2.732400	67.248906
2.733600	67.196169
2.734800	67.143449
2.736000	67.090747
2.737200	67.038062
2.738400	66.985395
2.739600	66.932747
2.740800	66.880117
2.742000	66.827506
2.743200	66.774913
2.744400	66.722340
2.745600	66.669786
2.746800	66.617251
2.748000	66.564736
2.749200	66.512241
2.750400	66.459766
2.751600	66.407312
2.752800	66.354878
2.754000	66.302464
2.755200	66.250072
2.756400	66.197700
2.757600	66.145350
2.758800	66.093021
2.760000	66.040713
2.761200	65.988428
2.762400	65.936164
2.763600	65.883922
2.764800	65.831703
2.766000	65.779506
2.767200	65.727332
2.768400	65.675180
2.769600	65.623051
2.770800	65.570946
2.772000	65.518864
2.773200	65.466805
2.774400	65.414769
2.775600	65.362758
2.776800	65.310770
2.778000	65.258806
2.779200	65.206866
2.780400	65.154951
2.781600	65.103060
2.782800	65.051194
2.784000	64.999352
2.785200	64.947535
2.786400	64.895743
2.787600	64.843976
2.788800	64.792235
2.790000	64.740519
2.791200	64.688828
2.792400	64.637163
2.793600	64.585524
2.794800	64.533910
2.796000	64.482323
2.797200	64.430761
2.798400	64.379226
2.799600	64.327717
2.800800	64.276235
2.802000	64.224779
2.803200	64.173350
2.804400	64.121948
2.805600	64.070572
2.806800	64.019224
2.808000	63.967903
2.809200	63.916609
2.810400	63.865342
2.811600	63.814103
2.812800	63.762891
2.814000	63.711707
2.815200	63.660550
2.816400	63.609421
2.817600	63.558321
2.818800	63.507248
2.820000	63.456203
2.821200	63.405186
2.822400	63.354198
2.823600	63.303238
2.824800	63.252307
2.826000	63.201404
2.827200	63.150529
2.828400	63.099684
2.829600	63.048867
2.830800	62.998079
2.832000	62.947320
2.833200	62.896590
2.834400	62.845888
2.835600	62.795217
2.836800	62.744574
2.838000	62.693961
2.839200	62.643377
2.840400	62.592822
2.841600	62.542297
2.842800	62.491801
2.844000	62.441335
2.845200	62.390899
2.846400	62.340493
2.847600	62.290116
2.848800	62.239770
2.850000	62.189453
2.851200	62.139166
2.852400	62.088910
2.853600	62.038683
2.854800	61.988487
2.856000	61.938320
2.857200	61.888185
2.858400	61.838079
2.859600	61.788004
2.860800	61.737959
2.862000	61.687945
2.863200	61.637961
2.864400	61.588008
2.865600	61.538086
2.866800	61.488194
2.868000	61.438333
2.869200	61.388502
2.870400	61.338702
2.871600	61.288934
2.872800	61.239196
2.874000	61.189489
2.875200	61.139812
2.876400	61.090167
2.877600	61.040553
2.878800	60.990970
2.880000	60.941418
2.881200	60.891896
2.882400	60.842406
2.883600	60.792948
2.884800	60.743520
2.886000	60.694123
2.887200	60.644758
2.888400	60.595424
2.889600	60.546121
2.890800	60.496850
2.892000	60.447609
2.893200	60.398400
2.894400	60.349223
2.895600	60.300076
2.896800	60.250961
2.898000	60.201878
2.899200	60.152825
2.900400	60.103804
2.901600	60.054815
2.902800	60.005856
2.904000	59.956929
2.905200	59.908034
2.906400	59.859170
2.907600	59.810337
2.908800	59.761536
2.910000	59.712766
2.911200	59.664027
2.912400	59.615320
2.913600	59.566644
2.914800	59.517999
2.916000	59.469386
2.917200	59.420804
2.918400	59.372254
2.919600	59.323734
2.920800	59.275246
2.922000	59.226790
2.923200	59.178364
2.924400	59.129970
2.925600	59.081607
2.926800	59.033275
2.928000	58.984974
2.929200	58.936704
2.930400	58.888466
2.931600	58.840258
2.932800	58.792082
2.934000	58.743936
2.935200	58.695822
2.936400	58.647738
2.937600	58.599685
2.938800	58.551663
2.940000	58.503672
2.941200	58.455712
2.942400	58.407782
2.943600	58.359883
2.944800	58.312015
2.946000	58.264177
2.947200	58.216369
2.948400	58.168592
2.949600	58.120846
2.950800	58.073130
2.952000	58.025444
2.953200	57.977788
2.954400	57.930162
2.955600	57.882567
2.956800	57.835001
2.958000	57.787465
2.959200	57.739959
2.960400	57.692483
2.961600	57.645037
2.962800	57.597620
2.964000	57.550233
2.965200	57.502875
2.966400	57.455547
2.967600	57.408248
2.968800	57.360978
2.970000	57.313737
2.971200	57.266525
2.972400	57.219342
2.973600	57.172188
2.974800	57.125063
2.976000	57.077966
2.977200	57.030898
2.978400	56.983858
2.979600	56.936846
2.980800	56.889862
2.982000	56.842907
2.983200	56.795979
2.984400	56.749080
2.985600	56.702207
2.986800	56.655363
2.988000	56.608546
2.989200	56.561756
2.990400	56.514993
2.991600	56.468258
2.992800	56.421549
2.994000	56.374867
2.995200	56.328212
2.996400	56.281583
2.997600	56.234980
2.998800	56.188404
3.000000	56.141853
3.001200	56.095328
3.002400	56.048829
3.003600	56.002356
3.004800	55.955908
3.006000	55.909485
3.007200	55.863087
3.008400	55.816714
3.009600	55.770366
3.010800	55.724042
3.012000	55.677743
3.013200	55.631467
3.014400	55.585216
3.015600	55.538988
3.016800	55.492784
3.018000	55.446603
3.019200	55.400445
3.020400	55.354311
3.021600	55.308199
3.022800	55.262109
3.024000	55.216042
3.025200	55.169997
3.026400	55.123974
3.027600	55.077973
3.028800	55.031992
3.030000	54.986034
3.031200	54.940096
3.032400	54.894179
3.033600	54.848282
3.034800	54.802406
3.036000	54.756550
3.037200	54.710713
3.038400	54.664896
3.039600	54.619098
3.040800	54.573320
3.042000	54.527560
3.043200	54.481818
3.044400	54.436095
3.045600	54.390390
3.046800	54.344702
3.048000	54.299032
3.049200	54.253379
3.050400	54.207743
3.051600	54.162123
3.052800	54.116519
3.054000	54.070932
3.055200	54.025360
3.056400	53.979803
3.057600	53.934262
3.058800	53.888735
3.060000	53.843223
3.061200	53.797724
3.062400	53.752240
3.063600	53.706769
3.064800	53.661311
3.066000	53.615866
3.067200	53.570433
3.068400	53.525013
3.069600	53.479604
3.070800	53.434207
3.072000	53.388820
3.073200	53.343445
3.074400	53.298080
3.075600	53.252725
3.076800	53.207379
3.078000	53.162043
3.079200	53.116715
3.080400	53.071396
3.081600	53.026086
3.082800	52.980783
3.084000	52.935487
3.085200	52.890198
3.086400	52.844916
3.087600	52.799640
3.088800	52.754370
3.090000	52.709105
3.091200	52.663845
3.092400	52.618590
3.093600	52.573338
3.094800	52.528091
3.096000	52.482846
3.097200	52.437605
3.098400	52.392366
3.099600	52.347128
3.100800	52.301892
3.102000	52.256658
3.103200	52.211423
3.104400	52.166189
3.105600	52.120955
3.106800	52.075720
3.108000	52.030483
3.109200	51.985245
3.110400	51.940004
3.111600	51.894761
3.112800	51.849515
3.114000	51.804264
3.115200	51.759010
3.116400	51.713751
3.117600	51.668487
3.118800	51.623217
3.120000	51.577941
3.121200	51.532658
3.122400	51.487368
3.123600	51.442070
3.124800	51.396764
3.126000	51.351449
3.127200	51.306125
3.128400	51.260791
3.129600	51.215446
3.130800	51.170091
3.132000	51.124723
3.133200	51.079344
3.134400	51.033952
3.135600	50.988547
3.136800	50.943128
3.138000	50.897695
3.139200	50.852246
3.140400	50.806783
3.141600	50.761303
3.142800	50.715806
3.144000	50.670292
3.145200	50.624760
3.146400	50.579210
3.147600	50.533640
3.148800	50.488051
3.150000	50.442441
3.151200	50.396810
3.152400	50.351158
3.153600	50.305484
3.154800	50.259787
3.156000	50.214066
3.157200	50.168321
3.158400	50.122551
3.159600	50.076756
3.160800	50.030935
3.162000	49.985087
3.163200	49.939212
3.164400	49.893309
3.165600	49.847377
3.166800	49.801415
3.168000	49.755424
3.169200	49.709402
3.170400	49.663348
3.171600	49.617262
3.172800	49.571144
3.174000	49.524991
3.175200	49.478805
3.176400	49.432584
3.177600	49.386327
3.178800	49.340033
3.180000	49.293703
3.181200	49.247335
3.182400	49.200928
3.183600	49.154482
3.184800	49.107996
3.186000	49.061470
3.187200	49.014901
3.188400	48.968291
3.189600	48.921638
3.190800	48.874941
3.192000	48.828200
3.193200	48.781413
3.194400	48.734580
3.195600	48.687701
3.196800	48.640774
3.198000	48.593799
3.199200	48.546775
3.200400	48.499701
3.201600	48.452576
3.202800	48.405400
3.204000	48.358172
3.205200	48.310890
3.206400	48.263555
3.207600	48.216165
3.208800	48.168720
3.210000	48.121219
3.211200	48.073660
3.212400	48.026044
3.213600	47.978369
3.214800	47.930634
3.216000	47.882839
3.217200	47.834983
3.218400	47.787065
3.219600	47.739084
3.220800	47.691039
3.222000	47.642930
3.223200	47.594756
3.224400	47.546515
3.225600	47.498207
3.226800	47.449831
3.228000	47.401386
3.229200	47.352872
3.230400	47.304287
3.231600	47.255631
3.232800	47.206903
3.234000	47.158101
3.235200	47.109225
3.236400	47.060275
3.237600	47.011248
3.238800	46.962145
3.240000	46.912964
3.241200	46.863705
3.242400	46.814367
3.243600	46.764948
3.244800	46.715448
3.246000	46.665866
3.247200	46.616201
3.248400	46.566452
3.249600	46.516618
3.250800	46.466699
3.252000	46.416692
3.253200	46.366599
3.254400	46.316417
3.255600	46.266145
3.256800	46.215783
3.258000	46.165330
3.259200	46.114785
3.260400	46.064146
3.261600	46.013414
3.262800	45.962586
3.264000	45.911663
3.265200	45.860642
3.266400	45.809524
3.267600	45.758307
3.268800	45.706990
3.270000	45.655573
3.271200	45.604053
3.272400	45.552432
3.273600	45.500706
3.274800	45.448877
3.276000	45.396941
3.277200	45.344900
3.278400	45.292750
3.279600	45.240493
3.280800	45.188126
3.282000	45.135649
3.283200	45.083060
3.284400	45.030359
3.285600	44.977545
3.286800	44.924617
3.288000	44.871574
3.289200	44.818414
3.290400	44.765137
3.291600	44.711742
3.292800	44.658228
3.294000	44.604594
3.295200	44.550839
3.296400	44.496961
3.297600	44.442961
3.298800	44.388836
3.300000	44.334587
3.301200	44.280211
3.302400	44.225708
3.303600	44.171078
3.304800	44.116318
3.306000	44.061428
3.307200	44.006407
3.308400	43.951254
3.309600	43.895969
3.310800	43.840549
3.312000	43.784994
3.313200	43.729303
3.314400	43.673475
3.315600	43.617509
3.316800	43.561404
3.318000	43.505159
3.319200	43.448773
3.320400	43.392245
3.321600	43.335574
3.322800	43.278758
3.324000	43.221798
3.325200	43.164692
3.326400	43.107438
3.327600	43.050037
3.328800	42.992487
3.330000	42.934786
3.331200	42.876935
3.332400	42.818931
3.333600	42.760774
3.334800	42.702463
3.336000	42.643997
3.337200	42.585375
3.338400	42.526596
3.339600	42.467659
3.340800	42.408563
3.342000	42.349306
3.343200	42.289889
3.344400	42.230309
3.345600	42.170567
3.346800	42.110660
3.348000	42.050588
3.349200	41.990350
3.350400	41.929945
3.351600	41.869372
3.352800	41.808630
3.354000	41.747718
3.355200	41.686634
3.356400	41.625379
3.357600	41.563950
3.358800	41.502348
3.360000	41.440570
3.361200	41.378617
3.362400	41.316486
3.363600	41.254178
3.364800	41.191690
3.366000	41.129023
3.367200	41.066174
3.368400	41.003144
3.369600	40.939931
3.370800	40.876534
3.372000	40.812952
3.373200	40.749184
3.374400	40.685229
3.375600	40.621087
3.376800	40.556756
3.378000	40.492235
3.379200	40.427524
3.380400	40.362621
3.381600	40.297525
3.382800	40.232236
3.384000	40.166752
3.385200	40.101073
3.386400	40.035198
3.387600	39.969125
3.388800	39.902854
3.390000	39.836384
3.391200	39.769713
3.392400	39.702841
3.393600	39.635768
3.394800	39.568491
3.396000	39.501010
3.397200	39.433325
3.398400	39.365433
3.399600	39.297335
3.400800	39.229029
3.402000	39.160515
3.403200	39.091792
3.404400	39.022857
3.405600	38.953712
3.406800	38.884354
3.408000	38.814784
3.409200	38.744999
3.410400	38.674999
3.411600	38.604784
3.412800	38.534352
3.414000	38.463702
3.415200	38.392834
3.416400	38.321746
3.417600	38.250438
3.418800	38.178909
3.420000	38.107158
3.421200	38.035184
3.422400	37.962987
3.423600	37.890565
3.424800	37.817917
3.426000	37.745043
3.427200	37.671942
3.428400	37.598613
3.429600	37.525055
3.430800	37.451267
3.432000	37.377249
3.433200	37.303000
3.434400	37.228518
3.435600	37.153803
3.436800	37.078855
3.438000	37.003671
3.439200	36.928253
3.440400	36.852598
3.441600	36.776705
3.442800	36.700575
3.444000	36.624207
3.445200	36.547599
3.446400	36.470750
3.447600	36.393661
3.448800	36.316329
3.450000	36.238755
3.451200	36.160938
3.452400	36.082876
3.453600	36.004570
3.454800	35.926018
3.456000	35.847219
3.457200	35.768174
3.458400	35.688880
3.459600	35.609338
3.460800	35.529546
3.462000	35.449504
3.463200	35.369212
3.464400	35.288667
3.465600	35.207871
3.466800	35.126821
3.468000	35.045518
3.469200	34.963960
3.470400	34.882148
3.471600	34.800079
3.472800	34.717754
3.474000	34.635172
3.475200	34.552331
3.476400	34.469233
3.477600	34.385875
3.478800	34.302257
3.480000	34.218379
3.481200	34.134240
3.482400	34.049838
3.483600	33.965175
3.484800	33.880248
3.486000	33.795058
3.487200	33.709603
3.488400	33.623883
3.489600	33.537898
3.490800	33.451646
3.492000	33.365128
3.493200	33.278342
3.494400	33.191288
3.495600	33.103966
3.496800	33.016375
3.498000	32.928513
3.499200	32.840382
3.500400	32.751980
3.501600	32.663306
3.502800	32.574360
3.504000	32.485142
3.505200	32.395650
3.506400	32.305885
3.507600	32.215846
3.508800	32.125532
3.510000	32.034943
3.511200	31.944078
3.512400	31.852937
3.513600	31.761520
3.514800	31.669825
3.516000	31.577852
3.517200	31.485601
3.518400	31.393071
3.519600	31.300263
3.520800	31.207174
3.522000	31.113806
3.523200	31.020157
3.524400	30.926227
3.525600	30.832016
3.526800	30.737522
3.528000	30.642747
3.529200	30.547688
3.530400	30.452347
3.531600	30.356722
3.532800	30.260812
3.534000	30.164619
3.535200	30.068141
3.536400	29.971377
3.537600	29.874328
3.538800	29.776993
3.540000	29.679372
3.541200	29.581464
3.542400	29.483269
3.543600	29.384787
3.544800	29.286016
3.546000	29.186958
3.547200	29.087611
3.548400	28.987976
3.549600	28.888051
3.550800	28.787838
3.552000	28.687334
3.553200	28.586540
3.554400	28.485456
3.555600	28.384082
3.556800	28.282416
3.558000	28.180460
3.559200	28.078212
3.560400	27.975672
3.561600	27.872840
3.562800	27.769716
3.564000	27.666299
3.565200	27.562590
3.566400	27.458588
3.567600	27.354293
3.568800	27.249704
3.570000	27.144821
3.571200	27.039645
3.572400	26.934174
3.573600	26.828410
3.574800	26.722351
3.576000	26.615997
3.577200	26.509348
3.578400	26.402404
3.579600	26.295166
3.580800	26.187631
3.582000	26.079802
3.583200	25.971676
3.584400	25.863255
3.585600	25.754538
3.586800	25.645525
3.588000	25.536216
3.589200	25.426610
3.590400	25.316708
3.591600	25.206510
3.592800	25.096014
3.594000	24.985222
3.595200	24.874134
3.596400	24.762748
3.597600	24.651065
3.598800	24.539085
3.600000	24.426808
3.601200	24.314234
3.602400	24.201363
3.603600	24.088195
3.604800	23.974729
3.606000	23.860965
3.607200	23.746905
3.608400	23.632546
3.609600	23.517891
3.610800	23.402938
3.612000	23.287688
3.613200	23.172140
3.614400	23.056294
3.615600	22.940151
3.616800	22.823711
3.618000	22.706974
3.619200	22.589939
3.620400	22.472606
3.621600	22.354977
3.622800	22.237050
3.624000	22.118826
3.625200	22.000305
3.626400	21.881487
3.627600	21.762372
3.628800	21.642960
3.630000	21.523251
3.631200	21.403245
3.632400	21.282943
3.633600	21.162344
3.634800	21.041448
3.636000	20.920257
3.637200	20.798769
3.638400	20.676985
3.639600	20.554905
3.640800	20.432529
3.642000	20.309857
3.643200	20.186890
3.644400	20.063628
3.645600	19.940070
3.646800	19.816217
3.648000	19.692069
3.649200	19.567627
3.650400	19.442890
3.651600	19.317858
3.652800	19.192532
3.654000	19.066912
3.655200	18.940999
3.656400	18.814791
3.657600	18.688291
3.658800	18.561497
3.660000	18.434410
3.661200	18.307030
3.662400	18.179358
3.663600	18.051393
3.664800	17.923137
3.666000	17.794588
3.667200	17.665748
3.668400	17.536617
3.669600	17.407195
3.670800	17.277481
3.672000	17.147478
3.673200	17.017184
3.674400	16.886600
3.675600	16.755726
3.676800	16.624563
3.678000	16.493111
3.679200	16.361370
3.680400	16.229340
3.681600	16.097023
3.682800	15.964417
3.684000	15.831524
3.685200	15.698344
3.686400	15.564876
3.687600	15.431122
3.688800	15.297082
3.690000	15.162756
3.691200	15.028144
3.692400	14.893247
3.693600	14.758065
3.694800	14.622599
3.696000	14.486849
3.697200	14.350814
3.698400	14.214496
3.699600	14.077896
3.700800	13.941012
3.702000	13.803847
3.703200	13.666399
3.704400	13.528670
3.705600	13.390659
3.706800	13.252369
3.708000	13.113797
3.709200	12.974946
3.710400	12.835815
3.711600	12.696406
3.712800	12.556717
3.714000	12.416751
3.715200	12.276506
3.716400	12.135984
3.717600	11.995186
3.718800	11.854110
3.720000	11.712759
3.721200	11.571132
3.722400	11.429230
3.723600	11.287053
3.724800	11.144602
3.726000	11.001878
3.727200	10.858880
3.728400	10.715609
3.729600	10.572065
3.730800	10.428250
3.732000	10.284163
3.733200	10.139806
3.734400	9.995178
3.735600	9.850280
3.736800	9.705112
3.738000	9.559676
3.739200	9.413971
3.740400	9.267998
3.741600	9.121758
3.742800	8.975250
3.744000	8.828476
3.745200	8.681437
3.746400	8.534132
3.747600	8.386562
3.748800	8.238727
3.750000	8.090629
3.751200	7.942267
3.752400	7.793643
3.753600	7.644756
3.754800	7.495608
3.756000	7.346198
3.757200	7.196528
3.758400	7.046598
3.759600	6.896408
3.760800	6.745959
3.762000	6.595252
3.763200	6.444287
3.764400	6.293065
3.765600	6.141586
3.766800	5.989851
3.768000	5.837860
3.769200	5.685614
3.770400	5.533113
3.771600	5.380359
3.772800	5.227352
3.774000	5.074091
3.775200	4.920579
3.776400	4.766815
3.777600	4.612800
3.778800	4.458534
3.780000	4.304019
3.781200	4.149255
3.782400	3.994242
3.783600	3.838981
3.784800	3.683472
3.786000	3.527717
3.787200	3.371716
3.788400	3.215469
3.789600	3.058977
3.790800	2.902240
3.792000	2.745260
3.793200	2.588036
3.794400	2.430571
3.795600	2.272863
3.796800	2.114914
3.798000	1.956724
3.799200	1.798294
3.800400	1.639624
3.801600	1.480716
3.802800	1.321570
3.804000	1.162186
3.805200	1.002565
3.806400	0.842708
3.807600	0.682615
3.808800	0.522287
3.810000	0.361725
3.811200	0.200929
3.812400	0.039900
3.813600	0.121361
3.814800	0.282855
3.816000	0.444579
3.817200	0.606534
3.818400	0.768719
3.819600	0.931133
3.820800	1.093776
3.822000	1.256647
3.823200	1.419745
3.824400	1.583069
3.825600	1.746620
3.826800	1.910396
3.828000	2.074396
3.829200	2.238621
3.830400	2.403069
3.831600	2.567739
3.832800	2.732632
3.834000	2.897746
3.835200	3.063081
3.836400	3.228635
3.837600	3.394409
3.838800	3.560402
3.840000	3.726613
3.841200	3.893041
3.842400	4.059686
3.843600	4.226547
3.844800	4.393623
3.846000	4.560914
3.847200	4.728419
3.848400	4.896137
3.849600	5.064068
3.850800	5.232210
3.852000	5.400565
3.853200	5.569129
3.854400	5.737904
3.855600	5.906888
3.856800	6.076081
3.858000	6.245481
3.859200	6.415089
3.860400	6.584903
3.861600	6.754923
3.862800	6.925149
3.864000	7.095579
3.865200	7.266212
3.866400	7.437049
3.867600	7.608088
3.868800	7.779329
3.870000	7.950772
3.871200	8.122414
3.872400	8.294256
3.873600	8.466297
3.874800	8.638537
3.876000	8.810974
3.877200	8.983608
3.878400	9.156439
3.879600	9.329465
3.880800	9.502686
3.882000	9.676101
3.883200	9.849709
3.884400	10.023511
3.885600	10.197504
3.886800	10.371689
3.888000	10.546065
3.889200	10.720631
3.890400	10.895386
3.891600	11.070329
3.892800	11.245461
3.894000	11.420780
3.895200	11.596286
3.896400	11.771977
3.897600	11.947853
3.898800	12.123915
3.900000	12.300159
3.901200	12.476587
3.902400	12.653198
3.903600	12.829990
3.904800	13.006963
3.906000	13.184116
3.907200	13.361449
3.908400	13.538961
3.909600	13.716651
3.910800	13.894518
3.912000	14.072563
3.913200	14.250783
3.914400	14.429179
3.915600	14.607750
3.916800	14.786494
3.918000	14.965412
3.919200	15.144503
3.920400	15.323765
3.921600	15.503199
3.922800	15.682803
3.924000	15.862577
3.925200	16.042520
3.926400	16.222631
3.927600	16.402910
3.928800	16.583356
3.930000	16.763969
3.931200	16.944747
3.932400	17.125689
3.933600	17.306796
3.934800	17.488067
3.936000	17.669500
3.937200	17.851095
3.938400	18.032852
3.939600	18.214769
3.940800	18.396847
3.942000	18.579083
3.943200	18.761478
3.944400	18.944031
3.945600	19.126741
3.946800	19.309607
3.948000	19.492629
3.949200	19.675806
3.950400	19.859138
3.951600	20.042623
3.952800	20.226260
3.954000	20.410050
3.955200	20.593992
3.956400	20.778084
3.957600	20.962326
3.958800	21.146717
3.960000	21.331257
3.961200	21.515945
3.962400	21.700780
3.963600	21.885761
3.964800	22.070889
3.966000	22.256161
3.967200	22.441577
3.968400	22.627138
3.969600	22.812841
3.970800	22.998686
3.972000	23.184672
3.973200	23.370800
3.974400	23.557067
3.975600	23.743474
3.976800	23.930019
3.978000	24.116702
3.979200	24.303522
3.980400	24.490479
3.981600	24.677571
3.982800	24.864799
3.984000	25.052160
3.985200	25.239655
3.986400	25.427283
3.987600	25.615043
3.988800	25.802934
3.990000	25.990956
3.991200	26.179108
3.992400	26.367388
3.993600	26.555798
3.994800	26.744335
3.996000	26.932999
3.997200	27.121789
3.998400	27.310705
3.999600	27.499745
4.000800	27.688910
4.002000	27.878197
4.003200	28.067608
4.004400	28.257140
4.005600	28.446793
4.006800	28.636567
4.008000	28.826460
4.009200	29.016472
4.010400	29.206602
4.011600	29.396850
4.012800	29.587214
4.014000	29.777694
4.015200	29.968290
4.016400	30.158999
4.017600	30.349822
4.018800	30.540759
4.020000	30.731807
4.021200	30.922967
4.022400	31.114237
4.023600	31.305617
4.024800	31.497107
4.026000	31.688705
4.027200	31.880410
4.028400	32.072222
4.029600	32.264140
4.030800	32.456164
4.032000	32.648292
4.033200	32.840524
4.034400	33.032859
4.035600	33.225297
4.036800	33.417835
4.038000	33.610475
4.039200	33.803214
4.040400	33.996053
4.041600	34.188990
4.042800	34.382024
4.044000	34.575156
4.045200	34.768383
4.046400	34.961706
4.047600	35.155123
4.048800	35.348634
4.050000	35.542238
4.051200	35.735934
4.052400	35.929722
4.053600	36.123600
4.054800	36.317567
4.056000	36.511624
4.057200	36.705768
4.058400	36.900000
4.059600	37.094319
4.060800	37.288723
4.062000	37.483213
4.063200	37.677786
4.064400	37.872443
4.065600	38.067182
4.066800	38.262003
4.068000	38.456905
4.069200	38.651887
4.070400	38.846948
4.071600	39.042087
4.072800	39.237304
4.074000	39.432598
4.075200	39.627968
4.076400	39.823413
4.077600	40.018932
4.078800	40.214524
4.080000	40.410189
4.081200	40.605926
4.082400	40.801734
4.083600	40.997612
4.084800	41.193559
4.086000	41.389574
4.087200	41.585657
4.088400	41.781806
4.089600	41.978022
4.090800	42.174302
4.092000	42.370646
4.093200	42.567054
4.094400	42.763524
4.095600	42.960055
4.096800	43.156647
4.098000	43.353299
4.099200	43.550009
4.100400	43.746778
4.101600	43.943603
4.102800	44.140485
4.104000	44.337422
4.105200	44.534413
4.106400	44.731458
4.107600	44.928556
4.108800	45.125705
4.110000	45.322905
4.111200	45.520155
4.112400	45.717454
4.113600	45.914801
4.114800	46.112196
4.116000	46.309636
4.117200	46.507122
4.118400	46.704652
4.119600	46.902226
4.120800	47.099842
4.122000	47.297500
4.123200	47.495199
4.124400	47.692937
4.125600	47.890714
4.126800	48.088529
4.128000	48.286381
4.129200	48.484269
4.130400	48.682192
4.131600	48.880149
4.132800	49.078139
4.134000	49.276161
4.135200	49.474215
4.136400	49.672298
4.137600	49.870411
4.138800	50.068552
4.140000	50.266720
4.141200	50.464915
4.142400	50.663134
4.143600	50.861379
4.144800	51.059646
4.146000	51.257936
4.147200	51.456247
4.148400	51.654578
4.149600	51.852929
4.150800	52.051297
4.152000	52.249684
4.153200	52.448086
4.154400	52.646504
4.155600	52.844935
4.156800	53.043380
4.158000	53.241838
4.159200	53.440306
4.160400	53.638784
4.161600	53.837272
4.162800	54.035767
4.164000	54.234269
4.165200	54.432777
4.166400	54.631290
4.167600	54.829807
4.168800	55.028326
4.170000	55.226847
4.171200	55.425369
4.172400	55.623890
4.173600	55.822410
4.174800	56.020926
4.176000	56.219439
4.177200	56.417948
4.178400	56.616450
4.179600	56.814945
4.180800	57.013432
4.182000	57.211910
4.183200	57.410377
4.184400	57.608833
4.185600	57.807277
4.186800	58.005706
4.188000	58.204121
4.189200	58.402520
4.190400	58.600901
4.191600	58.799265
4.192800	58.997609
4.194000	59.195933
4.195200	59.394235
4.196400	59.592514
4.197600	59.790769
4.198800	59.988999
4.200000	60.187203
4.201200	60.385379
4.202400	60.583527
4.203600	60.781644
4.204800	60.979731
4.206000	61.177786
4.207200	61.375807
4.208400	61.573794
4.209600	61.771745
4.210800	61.969660
4.212000	62.167536
4.213200	62.365373
4.214400	62.563169
4.215600	62.760923
4.216800	62.958635
4.218000	63.156302
4.219200	63.353924
4.220400	63.551499
4.221600	63.749027
4.222800	63.946505
4.224000	64.143933
4.225200	64.341310
4.226400	64.538633
4.227600	64.735903
4.228800	64.933117
4.230000	65.130274
4.231200	65.327374
4.232400	65.524415
4.233600	65.721395
4.234800	65.918313
4.236000	66.115169
4.237200	66.311960
4.238400	66.508686
4.239600	66.705345
4.240800	66.901936
4.242000	67.098458
4.243200	67.294909
4.244400	67.491287
4.245600	67.687593
4.246800	67.883824
4.248000	68.079979
4.249200	68.276057
4.250400	68.472056
4.251600	68.667975
4.252800	68.863814
4.254000	69.059569
4.255200	69.255241
4.256400	69.450827
4.257600	69.646327
4.258800	69.841739
4.260000	70.037062
4.261200	70.232294
4.262400	70.427434
4.263600	70.622480
4.264800	70.817432
4.266000	71.012288
4.267200	71.207047
4.268400	71.401706
4.269600	71.596266
4.270800	71.790723
4.272000	71.985078
4.273200	72.179329
4.274400	72.373473
4.275600	72.567511
4.276800	72.761440
4.278000	72.955258
4.279200	73.148966
4.280400	73.342561
4.281600	73.536041
4.282800	73.729406
4.284000	73.922654
4.285200	74.115784
4.286400	74.308793
4.287600	74.501681
4.288800	74.694447
4.290000	74.887088
4.291200	75.079604
4.292400	75.271993
4.293600	75.464253
4.294800	75.656383
4.296000	75.848382
4.297200	76.040248
4.298400	76.231979
4.299600	76.423575
4.300800	76.615034
4.302000	76.806353
4.303200	76.997533
4.304400	77.188571
4.305600	77.379466
4.306800	77.570216
4.308000	77.760821
4.309200	77.951277
4.310400	78.141585
4.311600	78.331742
4.312800	78.521747
4.314000	78.711599
4.315200	78.901295
4.316400	79.090835
4.317600	79.280217
4.318800	79.469440
4.320000	79.658501
4.321200	79.847400
4.322400	80.036135
4.323600	80.224704
4.324800	80.413106
4.326000	80.601340
4.327200	80.789404
4.328400	80.977296
4.329600	81.165014
4.330800	81.352558
4.332000	81.539926
4.333200	81.727116
4.334400	81.914127
4.335600	82.100957
4.336800	82.287605
4.338000	82.474069
4.339200	82.660347
4.340400	82.846438
4.341600	83.032341
4.342800	83.218054
4.344000	83.403575
4.345200	83.588903
4.346400	83.774036
4.347600	83.958973
4.348800	84.143713
4.350000	84.328252
4.351200	84.512591
4.352400	84.696728
4.353600	84.880660
4.354800	85.064387
4.356000	85.247906
4.357200	85.431217
4.358400	85.614317
4.359600	85.797206
4.360800	85.979881
4.362000	86.162341
4.363200	86.344584
4.364400	86.526609
4.365600	86.708415
4.366800	86.889999
4.368000	87.071360
4.369200	87.252497
4.370400	87.433407
4.371600	87.614090
4.372800	87.794544
4.374000	87.974767
4.375200	88.154757
4.376400	88.334514
4.377600	88.514035
4.378800	88.693319
4.380000	88.872364
4.381200	89.051169
4.382400	89.229732
4.383600	89.408051
4.384800	89.586125
4.386000	89.763953
4.387200	89.941532
4.388400	90.118862
4.389600	90.295940
4.390800	90.472765
4.392000	90.649336
4.393200	90.825650
4.394400	91.001706
4.395600	91.177503
4.396800	91.353040
4.398000	91.528313
4.399200	91.703323
4.400400	91.878066
4.401600	92.052543
4.402800	92.226750
4.404000	92.400687
4.405200	92.574352
4.406400	92.747743
4.407600	92.920859
4.408800	93.093698
4.410000	93.266258
4.411200	93.438539
4.412400	93.610537
4.413600	93.782253
4.414800	93.953684
4.416000	94.124828
4.417200	94.295685
4.418400	94.466252
4.419600	94.636528
4.420800	94.806511
4.422000	94.976200
4.423200	95.145592
4.424400	95.314688
4.425600	95.483484
4.426800	95.651980
4.428000	95.820174
4.429200	95.988064
4.430400	96.155648
4.431600	96.322926
4.432800	96.489895
4.434000	96.656554
4.435200	96.822902
4.436400	96.988936
4.437600	97.154656
4.438800	97.320059
4.440000	97.485145
4.441200	97.649911
4.442400	97.814356
4.443600	97.978478
4.444800	98.142277
4.446000	98.305749
4.447200	98.468895
4.448400	98.631712
4.449600	98.794198
4.450800	98.956353
4.452000	99.118174
4.453200	99.279660
4.454400	99.440810
4.455600	99.601622
4.456800	99.762094
4.458000	99.922226
4.459200	100.082014
4.460400	100.241459
4.461600	100.400557
4.462800	100.559309
4.464000	100.717712
4.465200	100.875765
4.466400	101.033466
4.467600	101.190813
4.468800	101.347806
4.470000	101.504443
4.471200	101.660722
4.472400	101.816641
4.473600	101.972200
4.474800	102.127396
4.476000	102.282229
4.477200	102.436696
4.478400	102.590797
4.479600	102.744529
4.480800	102.897892
4.482000	103.050884
4.483200	103.203502
4.484400	103.355747
4.485600	103.507616
4.486800	103.659108
4.488000	103.810221
4.489200	103.960954
4.490400	104.111306
4.491600	104.261275
4.492800	104.410860
4.494000	104.560058
4.495200	104.708870
4.496400	104.857293
4.497600	105.005325
4.498800	105.152966
4.500000	105.300214
4.501200	105.447068
4.502400	105.593526
4.503600	105.739586
4.504800	105.885248
4.506000	106.030510
4.507200	106.175370
4.508400	106.319827
4.509600	106.463880
4.510800	106.607528
4.512000	106.750768
4.513200	106.893600
4.514400	107.036022
4.515600	107.178032
4.516800	107.319631
4.518000	107.460815
4.519200	107.601584
4.520400	107.741936
4.521600	107.881870
4.522800	108.021385
4.524000	108.160479
4.525200	108.299151
4.526400	108.437399
4.527600	108.575223
4.528800	108.712621
4.530000	108.849591
4.531200	108.986133
4.532400	109.122244
4.533600	109.257924
4.534800	109.393172
4.536000	109.527985
4.537200	109.662364
4.538400	109.796306
4.539600	109.929810
4.540800	110.062874
4.542000	110.195499
4.543200	110.327682
4.544400	110.459422
4.545600	110.590717
4.546800	110.721568
4.548000	110.851971
4.549200	110.981927
4.550400	111.111433
4.551600	111.240489
4.552800	111.369094
4.554000	111.497245
4.555200	111.624943
4.556400	111.752185
4.557600	111.878971
4.558800	112.005298
4.560000	112.131167
4.561200	112.256576
4.562400	112.381524
4.563600	112.506009
4.564800	112.630030
4.566000	112.753587
4.567200	112.876677
4.568400	112.999301
4.569600	113.121456
4.570800	113.243141
4.572000	113.364356
4.573200	113.485099
4.574400	113.605369
4.575600	113.725166
4.576800	113.844487
4.578000	113.963332
4.579200	114.081699
4.580400	114.199588
4.581600	114.316997
4.582800	114.433926
4.584000	114.550373
4.585200	114.666337
4.586400	114.781817
4.587600	114.896812
4.588800	115.011321
4.590000	115.125343
4.591200	115.238877
4.592400	115.351921
4.593600	115.464476
4.594800	115.576539
4.596000	115.688109
4.597200	115.799187
4.598400	115.909769
4.599600	116.019857
4.600800	116.129448
4.602000	116.238542
4.603200	116.347137
4.604400	116.455233
4.605600	116.562828
4.606800	116.669923
4.608000	116.776514
4.609200	116.882603
4.610400	116.988187
4.611600	117.093267
4.612800	117.197840
4.614000	117.301906
4.615200	117.405464
4.616400	117.508512
4.617600	117.611052
4.618800	117.713080
4.620000	117.814597
4.621200	117.915601
4.622400	118.016091
4.623600	118.116067
4.624800	118.215528
4.626000	118.314473
4.627200	118.412901
4.628400	118.510811
4.629600	118.608202
4.630800	118.705073
4.632000	118.801424
4.633200	118.897254
4.634400	118.992562
4.635600	119.087346
4.636800	119.181607
4.638000	119.275343
4.639200	119.368554
4.640400	119.461239
4.641600	119.553396
4.642800	119.645026
4.644000	119.736127
4.645200	119.826699
4.646400	119.916741
4.647600	120.006251
4.648800	120.095230
4.650000	120.183677
4.651200	120.271590
4.652400	120.358970
4.653600	120.445814
4.654800	120.532124
4.656000	120.617897
4.657200	120.703133
4.658400	120.787832
4.659600	120.871992
4.660800	120.955614
4.662000	121.038696
4.663200	121.121237
4.664400	121.203238
4.665600	121.284696
4.666800	121.365612
4.668000	121.445986
4.669200	121.525815
4.670400	121.605100
4.671600	121.683841
4.672800	121.762035
4.674000	121.839683
4.675200	121.916784
4.676400	121.993338
4.677600	122.069344
4.678800	122.144801
4.680000	122.219708
4.681200	122.294066
4.682400	122.367872
4.683600	122.441128
4.684800	122.513832
4.686000	122.585984
4.687200	122.657583
4.688400	122.728628
4.689600	122.799120
4.690800	122.869057
4.692000	122.938439
4.693200	123.007265
4.694400	123.075535
4.695600	123.143248
4.696800	123.210405
4.698000	123.277003
4.699200	123.343043
4.700400	123.408525
4.701600	123.473447
4.702800	123.537810
4.704000	123.601612
4.705200	123.664853
4.706400	123.727534
4.707600	123.789653
4.708800	123.851210
4.710000	123.912204
4.711200	123.972635
4.712400	124.032502
4.713600	124.091806
4.714800	124.150546
4.716000	124.208720
4.717200	124.266330
4.718400	124.323374
4.719600	124.379851
4.720800	124.435763
4.722000	124.491107
4.723200	124.545885
4.724400	124.600094
4.725600	124.653736
4.726800	124.706809
4.728000	124.759314
4.729200	124.811249
4.730400	124.862615
4.731600	124.913411
4.732800	124.963636
4.734000	125.013291
4.735200	125.062375
4.736400	125.110888
4.737600	125.158830
4.738800	125.206199
4.740000	125.252996
4.741200	125.299220
4.742400	125.344872
4.743600	125.389950
4.744800	125.434455
4.746000	125.478386
4.747200	125.521743
4.748400	125.564526
4.749600	125.606734
4.750800	125.648367
4.752000	125.689425
4.753200	125.729907
4.754400	125.769813
4.755600	125.809144
4.756800	125.847898
4.758000	125.886076
4.759200	125.923676
4.760400	125.960700
4.761600	125.997147
4.762800	126.033016
4.764000	126.068307
4.765200	126.103021
4.766400	126.137156
4.767600	126.170713
4.768800	126.203691
4.770000	126.236091
4.771200	126.267911
4.772400	126.299153
4.773600	126.329814
4.774800	126.359897
4.776000	126.389400
4.777200	126.418322
4.778400	126.446665
4.779600	126.474427
4.780800	126.501609
4.782000	126.528211
4.783200	126.554231
4.784400	126.579671
4.785600	126.604529
4.786800	126.628807
4.788000	126.652503
4.789200	126.675617
4.790400	126.698150
4.791600	126.720102
4.792800	126.741471
4.794000	126.762258
4.795200	126.782464
4.796400	126.802087
4.797600	126.821127
4.798800	126.839585
4.800000	126.857461
4.801200	126.874754
4.802400	126.891465
4.803600	126.907592
4.804800	126.923137
4.806000	126.938098
4.807200	126.952477
4.808400	126.966272
4.809600	126.979484
4.810800	126.992113
4.812000	127.004158
4.813200	127.015620
4.814400	127.026499
4.815600	127.036794
4.816800	127.046505
4.818000	127.055633
4.819200	127.064177
4.820400	127.072137
4.821600	127.079514
4.822800	127.086307
4.824000	127.092515
4.825200	127.098140
4.826400	127.103182
4.827600	127.107639
4.828800	127.111512
4.830000	127.114801
4.831200	127.117507
4.832400	127.119628
4.833600	127.121165
4.834800	127.122119
4.836000	127.122488
4.837200	127.122274
4.838400	127.121475
4.839600	127.120092
4.840800	127.118126
4.842000	127.115575
4.843200	127.112441
4.844400	127.108722
4.845600	127.104420
4.846800	127.099534
4.848000	127.094064
4.849200	127.088010
4.850400	127.081372
4.851600	127.074150
4.852800	127.066345
4.854000	127.057956
4.855200	127.048984
4.856400	127.039428
4.857600	127.029288
4.858800	127.018565
4.860000	127.007258
4.861200	126.995368
4.862400	126.982894
4.863600	126.969837
4.864800	126.956197
4.866000	126.941974
4.867200	126.927168
4.868400	126.911779
4.869600	126.895806
4.870800	126.879251
4.872000	126.862113
4.873200	126.844393
4.874400	126.826089
4.875600	126.807203
4.876800	126.787735
4.878000	126.767684
4.879200	126.747051
4.880400	126.725835
4.881600	126.704038
4.882800	126.681658
4.884000	126.658697
4.885200	126.635153
4.886400	126.611028
4.887600	126.586321
4.888800	126.561033
4.890000	126.535163
4.891200	126.508712
4.892400	126.481679
4.893600	126.454066
4.894800	126.425871
4.896000	126.397096
4.897200	126.367740
4.898400	126.337803
4.899600	126.307285
4.900800	126.276187
4.902000	126.244509
4.903200	126.212251
4.904400	126.179413
4.905600	126.145994
4.906800	126.111996
4.908000	126.077419
4.909200	126.042261
4.910400	126.006525
4.911600	125.970209
4.912800	125.933314
4.914000	125.895840
4.915200	125.857787
4.916400	125.819156
4.917600	125.779946
4.918800	125.740157
4.920000	125.699791
4.921200	125.658846
4.922400	125.617323
4.923600	125.575223
4.924800	125.532545
4.926000	125.489289
4.927200	125.445456
4.928400	125.401046
4.929600	125.356059
4.930800	125.310495
4.932000	125.264354
4.933200	125.217637
4.934400	125.170343
4.935600	125.122473
4.936800	125.074027
4.938000	125.025006
4.939200	124.975408
4.940400	124.925235
4.941600	124.874487
4.942800	124.823164
4.944000	124.771265
4.945200	124.718792
4.946400	124.665744
4.947600	124.612122
4.948800	124.557925
4.950000	124.503154
4.951200	124.447810
4.952400	124.391891
4.953600	124.335399
4.954800	124.278334
4.956000	124.220695
4.957200	124.162484
4.958400	124.103700
4.959600	124.044343
4.960800	123.984414
4.962000	123.923912
4.963200	123.862839
4.964400	123.801193
4.965600	123.738976
4.966800	123.676188
4.968000	123.612828
4.969200	123.548898
4.970400	123.484396
4.971600	123.419324
4.972800	123.353682
4.974000	123.287469
4.975200	123.220687
4.976400	123.153334
4.977600	123.085413
4.978800	123.016921
4.980000	122.947861
4.981200	122.878232
4.982400	122.808034
4.983600	122.737267
4.984800	122.665932
4.986000	122.594029
4.987200	122.521559
4.988400	122.448521
4.989600	122.374915
4.990800	122.300742
4.992000	122.226002
4.993200	122.150696
4.994400	122.074823
4.995600	121.998384
4.996800	121.921379
4.998000	121.843808
4.999200	121.765672
5.000400	121.686970
5.001600	121.607703
5.002800	121.527872
5.004000	121.447475
5.005200	121.366515
5.006400	121.284990
5.007600	121.202902
5.008800	121.120250
5.010000	121.037034
5.011200	120.953256
5.012400	120.868914
5.013600	120.784010
5.014800	120.698544
5.016000	120.612515
5.017200	120.525925
5.018400	120.438773
5.019600	120.351060
5.020800	120.262786
5.022000	120.173951
5.023200	120.084555
5.024400	119.994599
5.025600	119.904083
5.026800	119.813008
5.028000	119.721373
5.029200	119.629178
5.030400	119.536425
5.031600	119.443113
5.032800	119.349243
5.034000	119.254815
5.035200	119.159829
5.036400	119.064285
5.037600	118.968185
5.038800	118.871527
5.040000	118.774312
5.041200	118.676542
5.042400	118.578215
5.043600	118.479332
5.044800	118.379894
5.046000	118.279901
5.047200	118.179352
5.048400	118.078250
5.049600	117.976592
5.050800	117.874381
5.052000	117.771616
5.053200	117.668298
5.054400	117.564427
5.055600	117.460003
5.056800	117.355027
5.058000	117.249498
5.059200	117.143418
5.060400	117.036786
5.061600	116.929603
5.062800	116.821870
5.064000	116.713585
5.065200	116.604751
5.066400	116.495367
5.067600	116.385433
5.068800	116.274950
5.070000	116.163918
5.071200	116.052338
5.072400	115.940210
5.073600	115.827534
5.074800	115.714310
5.076000	115.600540
5.077200	115.486222
5.078400	115.371358
5.079600	115.255949
5.080800	115.139993
5.082000	115.023492
5.083200	114.906447
5.084400	114.788857
5.085600	114.670722
5.086800	114.552044
5.088000	114.432822
5.089200	114.313057
5.090400	114.192750
5.091600	114.071900
5.092800	113.950508
5.094000	113.828575
5.095200	113.706101
5.096400	113.583086
5.097600	113.459531
5.098800	113.335435
5.100000	113.210800
5.101200	113.085626
5.102400	112.959914
5.103600	112.833663
5.104800	112.706874
5.106000	112.579548
5.107200	112.451684
5.108400	112.323284
5.109600	112.194348
5.110800	112.064876
5.112000	111.934869
5.113200	111.804327
5.114400	111.673250
5.115600	111.541640
5.116800	111.409495
5.118000	111.276818
5.119200	111.143608
5.120400	111.009866
5.121600	110.875593
5.122800	110.740787
5.124000	110.605452
5.125200	110.469586
5.126400	110.333190
5.127600	110.196264
5.128800	110.058810
5.130000	109.920827
5.131200	109.782317
5.132400	109.643279
5.133600	109.503714
5.134800	109.363622
5.136000	109.223005
5.137200	109.081863
5.138400	108.940195
5.139600	108.798003
5.140800	108.655287
5.142000	108.512048
5.143200	108.368286
5.144400	108.224002
5.145600	108.079196
5.146800	107.933869
5.148000	107.788021
5.149200	107.641653
5.150400	107.494765
5.151600	107.347359
5.152800	107.199434
5.154000	107.050991
5.155200	106.902030
5.156400	106.752553
5.157600	106.602560
5.158800	106.452051
5.160000	106.301028
5.161200	106.149489
5.162400	105.997437
5.163600	105.844872
5.164800	105.691794
5.166000	105.538204
5.167200	105.384102
5.168400	105.229490
5.169600	105.074368
5.170800	104.918736
5.172000	104.762595
5.173200	104.605945
5.174400	104.448788
5.175600	104.291125
5.176800	104.132954
5.178000	103.974278
5.179200	103.815097
5.180400	103.655411
5.181600	103.495222
5.182800	103.334530
5.184000	103.173335
5.185200	103.011638
5.186400	102.849441
5.187600	102.686743
5.188800	102.523545
5.190000	102.359849
5.191200	102.195654
5.192400	102.030961
5.193600	101.865772
5.194800	101.700087
5.196000	101.533906
5.197200	101.367231
5.198400	101.200061
5.199600	101.032399
5.200800	100.864244
5.202000	100.695597
5.203200	100.526459
5.204400	100.356832
5.205600	100.186714
5.206800	100.016108
5.208000	99.845015
5.209200	99.673434
5.210400	99.501366
5.211600	99.328814
5.212800	99.155776
5.214000	98.982255
5.215200	98.808250
5.216400	98.633763
5.217600	98.458795
5.218800	98.283346
5.220000	98.107417
5.221200	97.931009
5.222400	97.754123
5.223600	97.576760
5.224800	97.398920
5.226000	97.220604
5.227200	97.041814
5.228400	96.862550
5.229600	96.682813
5.230800	96.502603
5.232000	96.321923
5.233200	96.140772
5.234400	95.959151
5.235600	95.777062
5.236800	95.594505
5.238000	95.411482
5.239200	95.227993
5.240400	95.044038
5.241600	94.859620
5.242800	94.674739
5.244000	94.489395
5.245200	94.303590
5.246400	94.117325
5.247600	93.930601
5.248800	93.743419
5.250000	93.555779
5.251200	93.367683
5.252400	93.179131
5.253600	92.990125
5.254800	92.800665
5.256000	92.610754
5.257200	92.420390
5.258400	92.229577
5.259600	92.038313
5.260800	91.846602
5.262000	91.654443
5.263200	91.461838
5.264400	91.268788
5.265600	91.075293
5.266800	90.881355
5.268000	90.686975
5.269200	90.492154
5.270400	90.296893
5.271600	90.101193
5.272800	89.905055
5.274000	89.708481
5.275200	89.511471
5.276400	89.314026
5.277600	89.116147
5.278800	88.917837
5.280000	88.719095
5.281200	88.519923
5.282400	88.320322
5.283600	88.120293
5.284800	87.919837
5.286000	87.718956
5.287200	87.517651
5.288400	87.315922
5.289600	87.113771
5.290800	86.911199
5.292000	86.708207
5.293200	86.504797
5.294400	86.300969
5.295600	86.096726
5.296800	85.892067
5.298000	85.686994
5.299200	85.481509
5.300400	85.275612
5.301600	85.069305
5.302800	84.862590
5.304000	84.655466
5.305200	84.447936
5.306400	84.240001
5.307600	84.031662
5.308800	83.822920
5.310000	83.613777
5.311200	83.404234
5.312400	83.194292
5.313600	82.983952
5.314800	82.773216
5.316000	82.562085
5.317200	82.350560
5.318400	82.138642
5.319600	81.926334
5.320800	81.713636
5.322000	81.500549
5.323200	81.287075
5.324400	81.073215
5.325600	80.858971
5.326800	80.644344
5.328000	80.429335
5.329200	80.213946
5.330400	79.998177
5.331600	79.782031
5.332800	79.565508
5.334000	79.348611
5.335200	79.131340
5.336400	78.913697
5.337600	78.695683
5.338800	78.477299
5.340000	78.258548
5.341200	78.039430
5.342400	77.819948
5.343600	77.600101
5.344800	77.379892
5.346000	77.159322
5.347200	76.938393
5.348400	76.717106
5.349600	76.495463
5.350800	76.273464
5.352000	76.051112
5.353200	75.828408
5.354400	75.605353
5.355600	75.381949
5.356800	75.158198
5.358000	74.934100
5.359200	74.709657
5.360400	74.484872
5.361600	74.259744
5.362800	74.034277
5.364000	73.808471
5.365200	73.582328
5.366400	73.355849
5.367600	73.129036
5.368800	72.901891
5.370000	72.674414
5.371200	72.446608
5.372400	72.218475
5.373600	71.990015
5.374800	71.761230
5.376000	71.532122
5.377200	71.302692
5.378400	71.072943
5.379600	70.842874
5.380800	70.612489
5.382000	70.381789
5.383200	70.150775
5.384400	69.919449
5.385600	69.687813
5.386800	69.455867
5.388000	69.223614
5.389200	68.991056
5.390400	68.758194
5.391600	68.525029
5.392800	68.291564
5.394000	68.057799
5.395200	67.823737
5.396400	67.589379
5.397600	67.354727
5.398800	67.119783
5.400000	66.884547
5.401200	66.649023
5.402400	66.413211
5.403600	66.177113
5.404800	65.940731
5.406000	65.704066
5.407200	65.467121
5.408400	65.229897
5.409600	64.992395
5.410800	64.754617
5.412000	64.516566
5.413200	64.278242
5.414400	64.039647
5.415600	63.800784
5.416800	63.561653
5.418000	63.322257
5.419200	63.082598
5.420400	62.842676
5.421600	62.602494
5.422800	62.362054
5.424000	62.121357
5.425200	61.880404
5.426400	61.639199
5.427600	61.397742
5.428800	61.156035
5.430000	60.914080
5.431200	60.671879
5.432400	60.429434
5.433600	60.186746
5.434800	59.943816
5.436000	59.700648
5.437200	59.457242
5.438400	59.213601
5.439600	58.969726
5.440800	58.725618
5.442000	58.481281
5.443200	58.236715
5.444400	57.991922
5.445600	57.746905
5.446800	57.501664
5.448000	57.256203
5.449200	57.010522
5.450400	56.764623
5.451600	56.518508
5.452800	56.272179
5.454000	56.025639
5.455200	55.778888
5.456400	55.531928
5.457600	55.284761
5.458800	55.037390
5.460000	54.789816
5.461200	54.542040
5.462400	54.294065
5.463600	54.045893
5.464800	53.797525
5.466000	53.548963
5.467200	53.300209
5.468400	53.051265
5.469600	52.802132
5.470800	52.552813
5.472000	52.303310
5.473200	52.053623
5.474400	51.803756
5.475600	51.553710
5.476800	51.303487
5.478000	51.053088
5.479200	50.802516
5.480400	50.551772
5.481600	50.300859
5.482800	50.049777
5.484000	49.798530
5.485200	49.547119
5.486400	49.295545
5.487600	49.043811
5.488800	48.791919
5.490000	48.539870
5.491200	48.287666
5.492400	48.035309
5.493600	47.782802
5.494800	47.530145
5.496000	47.277341
5.497200	47.024392
5.498400	46.771299
5.499600	46.518065
5.500800	46.264692
5.502000	46.011180
5.503200	45.757533
5.504400	45.503751
5.505600	45.249838
5.506800	44.995794
5.508000	44.741622
5.509200	44.487323
5.510400	44.232900
5.511600	43.978355
5.512800	43.723688
5.514000	43.468903
5.515200	43.214001
5.516400	42.958983
5.517600	42.703853
5.518800	42.448611
5.520000	42.193260
5.521200	41.937801
5.522400	41.682237
5.523600	41.426569
5.524800	41.170799
5.526000	40.914930
5.527200	40.658962
5.528400	40.402898
5.529600	40.146740
5.530800	39.890489
5.532000	39.634149
5.533200	39.377719
5.534400	39.121203
5.535600	38.864602
5.536800	38.607918
5.538000	38.351153
5.539200	38.094310
5.540400	37.837388
5.541600	37.580392
5.542800	37.323322
5.544000	37.066181
5.545200	36.808970
5.546400	36.551691
5.547600	36.294346
5.548800	36.036937
5.550000	35.779466
5.551200	35.521935
5.552400	35.264345
5.553600	35.006699
5.554800	34.748999
5.556000	34.491245
5.557200	34.233441
5.558400	33.975588
5.559600	33.717687
5.560800	33.459742
5.562000	33.201752
5.563200	32.943722
5.564400	32.685652
5.565600	32.427544
5.566800	32.169400
5.568000	31.911222
5.569200	31.653012
5.570400	31.394771
5.571600	31.136502
5.572800	30.878207
5.574000	30.619886
5.575200	30.361543
5.576400	30.103179
5.577600	29.844795
5.578800	29.586394
5.580000	29.327978
5.581200	29.069548
5.582400	28.811106
5.583600	28.552654
5.584800	28.294193
5.586000	28.035727
5.587200	27.777256
5.588400	27.518782
5.589600	27.260307
5.590800	27.001833
5.592000	26.743362
5.593200	26.484896
5.594400	26.226436
5.595600	25.967984
5.596800	25.709543
5.598000	25.451113
5.599200	25.192697
5.600400	24.934296
5.601600	24.675912
5.602800	24.417548
5.604000	24.159204
5.605200	23.900883
5.606400	23.642586
5.607600	23.384316
5.608800	23.126073
5.610000	22.867861
5.611200	22.609679
5.612400	22.351531
5.613600	22.093419
5.614800	21.835343
5.616000	21.577305
5.617200	21.319308
5.618400	21.061354
5.619600	20.803443
5.620800	20.545577
5.622000	20.287759
5.623200	20.029991
5.624400	19.772273
5.625600	19.514608
5.626800	19.256997
5.628000	18.999442
5.629200	18.741945
5.630400	18.484507
5.631600	18.227131
5.632800	17.969818
5.634000	17.712569
5.635200	17.455387
5.636400	17.198273
5.637600	16.941228
5.638800	16.684256
5.640000	16.427356
5.641200	16.170531
5.642400	15.913783
5.643600	15.657113
5.644800	15.400523
5.646000	15.144015
5.647200	14.887590
5.648400	14.631250
5.649600	14.374997
5.650800	14.118832
5.652000	13.862757
5.653200	13.606773
5.654400	13.350883
5.655600	13.095088
5.656800	12.839389
5.658000	12.583788
5.659200	12.328288
5.660400	12.072888
5.661600	11.817592
5.662800	11.562401
5.664000	11.307316
5.665200	11.052338
5.666400	10.797471
5.667600	10.542714
5.668800	10.288070
5.670000	10.033541
5.671200	9.779127
5.672400	9.524832
5.673600	9.270655
5.674800	9.016599
5.676000	8.762665
5.677200	8.508855
5.678400	8.255170
5.679600	8.001613
5.680800	7.748184
5.682000	7.494885
5.683200	7.241718
5.684400	6.988684
5.685600	6.735784
5.686800	6.483021
5.688000	6.230396
5.689200	5.977910
5.690400	5.725565
5.691600	5.473362
5.692800	5.221304
5.694000	4.969390
5.695200	4.717624
5.696400	4.466006
5.697600	4.214538
5.698800	3.963221
5.700000	3.712058
5.701200	3.461048
5.702400	3.210195
5.703600	2.959499
5.704800	2.708962
5.706000	2.458585
5.707200	2.208369
5.708400	1.958318
5.709600	1.708430
5.710800	1.458709
5.712000	1.209155
5.713200	0.959771
5.714400	0.710557
5.715600	0.461514
5.716800	0.212645
5.718000	0.036049
5.719200	0.284567
5.720400	0.532908
5.721600	0.781069
5.722800	1.029051
5.724000	1.276850
5.725200	1.524466
5.726400	1.771898
5.727600	2.019144
5.728800	2.266202
5.730000	2.513072
5.731200	2.759752
5.732400	3.006240
5.733600	3.252535
5.734800	3.498636
5.736000	3.744542
5.737200	3.990251
5.738400	4.235761
5.739600	4.481072
5.740800	4.726182
5.742000	4.971090
5.743200	5.215794
5.744400	5.460294
5.745600	5.704587
5.746800	5.948672
5.748000	6.192549
5.749200	6.436216
5.750400	6.679671
5.751600	6.922913
5.752800	7.165941
5.754000	7.408754
5.755200	7.651351
5.756400	7.893729
5.757600	8.135888
5.758800	8.377827
5.760000	8.619544
5.761200	8.861038
5.762400	9.102308
5.763600	9.343352
5.764800	9.584169
5.766000	9.824759
5.767200	10.065119
5.768400	10.305248
5.769600	10.545146
5.770800	10.784811
5.772000	11.024242
5.773200	11.263438
5.774400	11.502396
5.775600	11.741117
5.776800	11.979599
5.778000	12.217841
5.779200	12.455841
5.780400	12.693598
5.781600	12.931112
5.782800	13.168381
5.784000	13.405403
5.785200	13.642178
5.786400	13.878705
5.787600	14.114981
5.788800	14.351007
5.790000	14.586780
5.791200	14.822301
5.792400	15.057567
5.793600	15.292577
5.794800	15.527331
5.796000	15.761827
5.797200	15.996063
5.798400	16.230040
5.799600	16.463755
5.800800	16.697208
5.802000	16.930398
5.803200	17.163322
5.804400	17.395981
5.805600	17.628373
5.806800	17.860498
5.808000	18.092352
5.809200	18.323937
5.810400	18.555251
5.811600	18.786291
5.812800	19.017059
5.814000	19.247552
5.815200	19.477769
5.816400	19.707709
5.817600	19.937372
5.818800	20.166755
5.820000	20.395858
5.821200	20.624681
5.822400	20.853221
5.823600	21.081478
5.824800	21.309451
5.826000	21.537138
5.827200	21.764539
5.828400	21.991653
5.829600	22.218478
5.830800	22.445014
5.832000	22.671258
5.833200	22.897212
5.834400	23.122873
5.835600	23.348240
5.836800	23.573312
5.838000	23.798089
5.839200	24.022568
5.840400	24.246751
5.841600	24.470634
5.842800	24.694217
5.844000	24.917500
5.845200	25.140481
5.846400	25.363159
5.847600	25.585533
5.848800	25.807603
5.850000	26.029366
5.851200	26.250823
5.852400	26.471972
5.853600	26.692812
5.854800	26.913343
5.856000	27.133562
5.857200	27.353470
5.858400	27.573065
5.859600	27.792347
5.860800	28.011314
5.862000	28.229965
5.863200	28.448300
5.864400	28.666317
5.865600	28.884015
5.866800	29.101395
5.868000	29.318453
5.869200	29.535191
5.870400	29.751606
5.871600	29.967697
5.872800	30.183465
5.874000	30.398907
5.875200	30.614023
5.876400	30.828812
5.877600	31.043273
5.878800	31.257406
5.880000	31.471208
5.881200	31.684679
5.882400	31.897819
5.883600	32.110626
5.884800	32.323100
5.886000	32.535239
5.887200	32.747043
5.888400	32.958510
5.889600	33.169640
5.890800	33.380432
5.892000	33.590885
5.893200	33.800998
5.894400	34.010770
5.895600	34.220200
5.896800	34.429288
5.898000	34.638032
5.899200	34.846431
5.900400	35.054485
5.901600	35.262193
5.902800	35.469553
5.904000	35.676566
5.905200	35.883229
5.906400	36.089542
5.907600	36.295505
5.908800	36.501116
5.910000	36.706375
5.911200	36.911280
5.912400	37.115831
5.913600	37.320026
5.914800	37.523866
5.916000	37.727349
5.917200	37.930474
5.918400	38.133240
5.919600	38.335646
5.920800	38.537692
5.922000	38.739377
5.923200	38.940700
5.924400	39.141659
5.925600	39.342255
5.926800	39.542486
5.928000	39.742351
5.929200	39.941850
5.930400	40.140981
5.931600	40.339744
5.932800	40.538138
5.934000	40.736162
5.935200	40.933816
5.936400	41.131097
5.937600	41.328006
5.938800	41.524542
5.940000	41.720704
5.941200	41.916490
5.942400	42.111901
5.943600	42.306934
5.944800	42.501590
5.946000	42.695868
5.947200	42.889766
5.948400	43.083285
5.949600	43.276422
5.950800	43.469177
5.952000	43.661550
5.953200	43.853539
5.954400	44.045143
5.955600	44.236363
5.956800	44.427196
5.958000	44.617643
5.959200	44.807702
5.960400	44.997372
5.961600	45.186653
5.962800	45.375543
5.964000	45.564043
5.965200	45.752150
5.966400	45.939865
5.967600	46.127187
5.968800	46.314113
5.970000	46.500645
5.971200	46.686781
5.972400	46.872519
5.973600	47.057860
5.974800	47.242803
5.976000	47.427346
5.977200	47.611489
5.978400	47.795230
5.979600	47.978570
5.980800	48.161507
5.982000	48.344041
5.983200	48.526170
5.984400	48.707895
5.985600	48.889213
5.986800	49.070124
5.988000	49.250628
5.989200	49.430723
5.990400	49.610409
5.991600	49.789685
5.992800	49.968550
5.994000	50.147003
5.995200	50.325044
5.996400	50.502672
5.997600	50.679885
5.998800	50.856683
