#after fit, t=2.3215 for two exponentials... order is zero @ ~x=3.51297!

3.105000	-0.015259	0.001706
3.120000	-0.015073	0.001995
3.135000	-0.014967	0.001665
3.150000	-0.014789	0.001601
3.165000	-0.014375	0.001577
3.180000	-0.014268	0.001123
3.195000	-0.013744	0.001164
3.210000	-0.013302	0.001298
3.225000	-0.012847	0.001223
3.240000	-0.012349	0.001231
3.255000	-0.011675	0.001244
3.270000	-0.011393	0.001183
3.285000	-0.010772	0.001331
3.300000	-0.010507	0.001330
3.315000	-0.009918	0.000831
3.330000	-0.009432	0.001103
3.345000	-0.008959	0.001028
3.360000	-0.008427	0.001075
3.375000	-0.008114	0.001189
3.390000	-0.007535	0.000947
3.405000	-0.007372	0.001094
3.420000	-0.007368	0.000841
3.435000	-0.006580	0.001107
3.450000	-0.006367	0.001091
3.465000	-0.006357	0.001056
3.480000	-0.006007	0.001011
3.495000	-0.006000	0.001073
3.510000	-0.005693	0.000839
3.525000	-0.005439	0.000940
3.540000	-0.005333	0.000946
3.555000	-0.004862	0.000907
3.570000	-0.005025	0.000952
3.585000	-0.004639	0.000734
3.600000	-0.004445	0.000870
3.615000	-0.004523	0.000867
3.630000	-0.004010	0.000836
3.645000	-0.004226	0.000939
3.660000	-0.004258	0.000990
3.675000	-0.004166	0.000931
3.690000	-0.003751	0.000844
3.705000	-0.003708	0.000894
3.720000	-0.003596	0.001154
3.735000	-0.003370	0.001137
3.750000	-0.003411	0.001099
3.765000	-0.003167	0.000792
3.780000	-0.003274	0.000662
3.795000	-0.002981	0.000866
3.810000	-0.003276	0.001121
3.825000	-0.002786	0.000933
3.840000	-0.002855	0.000932
3.855000	-0.003050	0.000788
3.870000	-0.002847	0.001071
3.885000	-0.002930	0.000952
3.900000	-0.002757	0.000925
3.915000	-0.002634	0.001037
3.930000	-0.002534	0.001039
3.945000	-0.002450	0.000881
3.960000	-0.002520	0.000838
3.975000	-0.002518	0.001076
3.990000	-0.002213	0.000700
4.005000	-0.002281	0.000886
4.020000	-0.002124	0.000847
4.035000	-0.002403	0.000839
4.050000	-0.002033	0.000777
4.065000	-0.002208	0.000987
4.080000	-0.001950	0.000805
4.095000	-0.002021	0.000748
4.110000	-0.002205	0.000792
4.125000	-0.002103	0.000854
4.140000	-0.001748	0.000861
4.155000	-0.001944	0.000957
4.170000	-0.001908	0.001098
4.185000	-0.001913	0.000881
4.200000	-0.001720	0.000841
4.215000	-0.001815	0.000881
4.230000	-0.001695	0.000955
4.245000	-0.001724	0.000966
4.260000	-0.001328	0.001033
4.275000	-0.001522	0.000959
4.290000	-0.001610	0.000675
4.305000	-0.001261	0.000921
4.320000	-0.001426	0.000867
4.335000	-0.001503	0.000829
4.350000	-0.001561	0.001008
4.365000	-0.001474	0.000935
4.380000	-0.001284	0.000937
4.395000	-0.001257	0.001015
4.410000	-0.001348	0.000909
4.425000	-0.001387	0.001035
4.440000	-0.001208	0.000839
4.455000	-0.001108	0.000940
4.470000	-0.001268	0.001118
4.485000	-0.001403	0.001021
4.500000	-0.001287	0.000881
4.515000	-0.001385	0.000890
4.530000	-0.001148	0.000985
4.545000	-0.001030	0.000862
4.560000	-0.000802	0.000908
4.575000	-0.000974	0.000899
4.590000	-0.001061	0.001061
4.605000	-0.000881	0.000872
4.620000	-0.001186	0.000869
4.635000	-0.000887	0.001005
4.650000	-0.000810	0.001012
4.665000	-0.000851	0.000899
4.680000	-0.000784	0.000715
4.695000	-0.000840	0.001062
4.710000	-0.000759	0.000690
4.725000	-0.000650	0.001158
4.740000	-0.000687	0.001085
4.755000	-0.000679	0.001064
4.770000	-0.000816	0.000864
4.785000	-0.000922	0.000698
4.800000	-0.001093	0.000987
4.815000	-0.000905	0.001002
4.830000	-0.000731	0.000873
4.845000	-0.000668	0.000816
4.860000	-0.000973	0.000949
4.875000	-0.000800	0.000756
4.890000	-0.001044	0.000982
4.905000	-0.000891	0.000865
4.920000	-0.000888	0.000880
4.935000	-0.001068	0.000880
4.950000	-0.000760	0.000870
4.965000	-0.000660	0.000976
4.980000	-0.000667	0.001123
4.995000	-0.000714	0.000867
5.010000	-0.000687	0.000873
5.025000	-0.000557	0.000893
5.040000	-0.000544	0.000984
5.055000	-0.000568	0.001022
5.070000	-0.000568	0.001050
5.085000	-0.000706	0.000947
5.100000	-0.000729	0.000836
5.115000	-0.000534	0.000978
5.130000	-0.000516	0.000972
5.145000	-0.000562	0.000878
5.160000	-0.000815	0.000972
5.175000	-0.000796	0.000822
5.190000	-0.000551	0.000704
5.205000	-0.000493	0.001028
5.220000	-0.000507	0.000946
5.235000	-0.000426	0.000907
5.250000	-0.000231	0.000903
5.265000	-0.000550	0.000815
5.280000	-0.000398	0.000859
5.295000	-0.000565	0.000883
5.310000	-0.000687	0.000905
5.325000	-0.000436	0.000949
5.340000	-0.000308	0.001095
5.355000	-0.000483	0.001007
5.370000	-0.000663	0.000944
5.385000	-0.000409	0.000800
5.400000	-0.000671	0.001107
5.415000	-0.000708	0.001011
5.430000	-0.000376	0.000897
5.445000	-0.000731	0.001093
5.460000	-0.000940	0.000812
5.475000	-0.000527	0.000679
5.490000	-0.000292	0.000772
5.505000	-0.000561	0.001011
5.520000	-0.000809	0.000909
5.535000	-0.000276	0.001232
5.550000	-0.000289	0.000934
5.565000	-0.000516	0.001122
5.580000	-0.000322	0.000854
5.595000	-0.000307	0.000986
5.610000	-0.000367	0.000991
5.625000	-0.000429	0.001018
5.640000	-0.000301	0.000996
5.655000	-0.000544	0.000943
5.670000	-0.000241	0.000784
5.685000	-0.000508	0.000927
5.700000	-0.000365	0.000866
5.715000	-0.000220	0.000846
5.730000	-0.000257	0.001022
5.745000	-0.000181	0.000950
5.760000	-0.000385	0.000941
5.775000	-0.000098	0.000812
5.790000	-0.000025	0.000936
5.820000	-0.000135	0.000887
5.865000	-0.000127	0.001058
5.880000	-0.000241	0.000715
5.895000	-0.000367	0.001000
5.910000	-0.000540	0.000715
5.925000	-0.000449	0.000866
5.940000	-0.000127	0.000973
5.955000	-0.000251	0.000922
5.970000	-0.000087	0.000774
5.985000	-0.000464	0.000787
6.015000	-0.000247	0.001058
6.030000	-0.000469	0.000784
6.045000	-0.000034	0.000955
6.060000	-0.000204	0.000926
6.075000	-0.000252	0.000917
6.090000	-0.000057	0.000872
6.105000	-0.000527	0.000935
6.120000	-0.000121	0.001069
6.150000	-0.000182	0.000882
6.165000	-0.000013	0.000739
6.180000	-0.000079	0.000862
6.195000	-0.000306	0.000973
6.210000	-0.000032	0.000749
6.255000	-0.000151	0.000933
6.285000	-0.000168	0.000902
6.300000	-0.000060	0.000888
6.315000	-0.000092	0.000754
6.345000	-0.000125	0.001116
6.480000	-0.000023	0.000896
6.510000	-0.000155	0.001043
6.525000	-0.000256	0.000845
6.540000	-0.000496	0.000842
6.555000	-0.000561	0.000852
6.570000	-0.000201	0.000867
6.585000	-0.000171	0.000802
6.600000	-0.000356	0.000913
6.615000	-0.000281	0.000871
6.660000	-0.000103	0.000874
6.675000	-0.000165	0.000979
6.690000	-0.000162	0.000694
6.705000	-0.000170	0.000751
6.720000	-0.000402	0.001060
6.735000	-0.000123	0.000883
6.750000	-0.000329	0.001091
6.780000	-0.000010	0.000984
6.795000	-0.000169	0.000809
6.810000	-0.000306	0.000883
6.825000	-0.000096	0.000898
6.840000	-0.000191	0.001027
6.855000	-0.000150	0.000968
6.885000	-0.000153	0.000734
6.915000	-0.000026	0.000817
6.930000	-0.000170	0.000785
6.945000	-0.000065	0.000922
6.960000	-0.000043	0.000797
6.975000	-0.000101	0.001006
6.990000	-0.000136	0.001037
7.005000	-0.000083	0.000873
7.020000	-0.000424	0.000883
7.035000	-0.000471	0.000984
7.050000	-0.000022	0.000938
7.065000	-0.000367	0.000981
7.080000	-0.000105	0.001102
7.110000	-0.000288	0.000875
7.125000	-0.000270	0.000727
7.170000	-0.000095	0.001106
7.185000	-0.000153	0.000763
7.200000	-0.000309	0.000908
7.245000	-0.000215	0.000813
7.260000	-0.000004	0.000724
7.440000	-0.000056	0.000768
7.515000	-0.000158	0.000692
7.530000	-0.000268	0.000873
7.545000	-0.000329	0.000885
7.560000	-0.000147	0.000972
7.575000	-0.000194	0.000799
7.590000	-0.000154	0.000946
7.605000	-0.000159	0.000844
7.620000	-0.000329	0.000964
7.635000	-0.000262	0.000973
7.650000	-0.000142	0.000843
7.665000	-0.000239	0.000785
7.695000	-0.000095	0.000923
7.710000	-0.000094	0.000669
7.725000	-0.000177	0.000695
7.755000	-0.000031	0.000915
7.770000	-0.000333	0.001055
7.800000	-0.000012	0.000944
7.815000	-0.000073	0.000805
7.890000	-0.000065	0.000921
7.920000	-0.000040	0.001042
7.935000	-0.000073	0.001130
8.010000	-0.000228	0.001049
8.025000	-0.000187	0.000883
8.040000	-0.000088	0.001038
8.085000	-0.000138	0.000783
8.100000	-0.000047	0.001017
8.115000	-0.000084	0.000883
8.130000	-0.000131	0.000976
8.160000	-0.000007	0.001017
8.175000	-0.000091	0.001221
8.190000	-0.000312	0.000944
8.205000	-0.000336	0.000917
8.220000	-0.000151	0.001016
8.235000	-0.000007	0.001132
8.250000	-0.000337	0.000958
8.265000	-0.000024	0.000766
8.280000	-0.000086	0.000770
8.310000	-0.000085	0.000803
8.340000	-0.000144	0.000965
8.355000	-0.000151	0.000815
8.370000	-0.000272	0.001042
8.385000	-0.000113	0.000913
8.400000	-0.000062	0.000855
8.415000	-0.000402	0.000856
8.430000	-0.000140	0.000804
8.460000	-0.000034	0.000911
8.475000	-0.000021	0.000968
8.490000	-0.000249	0.000973
8.505000	-0.000255	0.001014
8.520000	-0.000127	0.000987
8.535000	-0.000146	0.000901
8.550000	-0.000049	0.000798
8.565000	-0.000076	0.000805
8.580000	-0.000399	0.000981
8.595000	-0.000556	0.000820
8.625000	-0.000169	0.000820
8.640000	-0.000206	0.000842
8.655000	-0.000158	0.000999
8.670000	-0.000344	0.000707
8.685000	-0.000265	0.000821
8.730000	-0.000331	0.000902
8.745000	-0.000102	0.001051
8.760000	-0.000495	0.000562
8.775000	-0.000148	0.001005
8.790000	-0.000091	0.000954
8.805000	-0.000102	0.000824
8.820000	-0.000142	0.000819
8.835000	-0.000163	0.000862
8.865000	-0.000008	0.000899
8.880000	-0.000189	0.000996
8.895000	-0.000184	0.000899
8.940000	-0.000305	0.000996
8.955000	-0.000115	0.001000
8.970000	-0.000189	0.000814
8.985000	-0.000035	0.000880
9.000000	-0.000012	0.001011
9.015000	-0.000083	0.001181
9.075000	-0.000063	0.000829
9.090000	-0.000029	0.000666
9.105000	-0.000091	0.000810
9.240000	-0.000170	0.000905
9.330000	-0.000285	0.001000
9.375000	-0.000130	0.000930
9.390000	-0.000059	0.000723
9.405000	-0.000036	0.000996
9.495000	-0.000151	0.001050
9.540000	-0.000423	0.000939
9.585000	-0.000305	0.000860
9.600000	-0.000069	0.000739
9.705000	-0.000033	0.000841
9.720000	-0.000167	0.000995
