0 -0.118306 0.057427
0.015 -0.118747 0.055758
0.03 -0.115710 0.049597
0.045 -0.114585 0.048896
0.06 -0.113521 0.044789
0.075 -0.110341 0.042656
0.09 -0.109790 0.041522
0.105 -0.108769 0.040366
0.12 -0.106380 0.041155
0.135 -0.106492 0.039293
0.15 -0.106532 0.040268
0.165 -0.103657 0.037199
0.18 -0.103306 0.035890
0.195 -0.101871 0.034787
0.21 -0.101624 0.031680
0.225 -0.100008 0.029014
0.24 -0.098362 0.027685
0.255 -0.096397 0.025811
0.27 -0.095138 0.025569
0.285 -0.092692 0.024596
0.3 -0.091938 0.023175
0.315 -0.089475 0.022412
0.33 -0.086916 0.019920
0.345 -0.085100 0.018099
0.36 -0.082114 0.015964
0.375 -0.080749 0.014888
0.39 -0.078552 0.013735
0.405 -0.075933 0.013221
0.42 -0.073502 0.012355
0.435 -0.070483 0.012145
0.45 -0.067615 0.011551
0.465 -0.066005 0.011485
0.48 -0.062923 0.011112
0.495 -0.059560 0.010490
0.51 -0.056333 0.010259
0.525 -0.053676 0.010140
0.54 -0.050845 0.009201
0.555 -0.047789 0.009302
0.57 -0.044710 0.009350
0.585 -0.041550 0.009180
0.6 -0.037918 0.009235
0.615 -0.034192 0.008671
0.63 -0.030818 0.008934
0.645 -0.027930 0.008593
0.66 -0.024683 0.008799
0.675 -0.021939 0.009101
0.69 -0.018998 0.008803
0.705 -0.015839 0.008390
0.72 -0.012771 0.008537
0.735 -0.009912 0.007941
0.75 -0.006500 0.008407
0.765 -0.004298 0.008072
0.78 -0.000987 0.007935
