-10.986500	0.000000	0.000000	0.000000	0.000000	999.979809	1.866988	995.554382	1.928411
-10.965000	0.000000	0.000000	0.000000	0.000000	999.741687	1.658027	995.385369	1.655764
-10.943500	0.000000	0.000000	0.000000	0.000000	1000.002074	1.714592	995.606850	1.700127
-10.922000	0.000000	0.000000	0.000000	0.000000	999.637235	2.053782	995.263262	2.049802
-10.900500	0.000000	0.000000	0.000000	0.000000	999.654526	1.901367	995.247047	1.664447
-10.879000	0.000000	0.000000	0.000000	0.000000	999.565025	1.708782	995.247033	1.365550
-10.857500	0.000000	0.000000	0.000000	0.000000	999.845386	2.125692	995.465197	1.912555
-10.836000	0.000000	0.000000	0.000000	0.000000	999.720237	1.822585	995.308351	1.595811
-10.814500	0.000000	0.000000	0.000000	0.000000	1000.152490	2.465939	995.786648	2.415521
-10.793000	0.000000	0.000000	0.000000	0.000000	999.899173	2.713406	995.535140	2.387262
-10.771500	0.000000	0.000000	0.000000	0.000000	999.759542	2.125620	995.369771	1.908309
-10.750000	0.000000	0.000000	0.000000	0.000000	999.609214	1.914807	995.198540	2.042790
-10.728500	0.000000	0.000000	0.000000	0.000000	1000.423613	1.845722	996.009364	2.060236
-10.707000	0.000000	0.000000	0.000000	0.000000	999.947072	1.993093	995.546238	1.891612
-10.685500	0.000000	0.000000	0.000000	0.000000	999.473456	1.696214	995.063529	1.723648
-10.664000	0.000000	0.000000	0.000000	0.000000	999.460962	1.776244	995.067476	1.792617
-10.642500	0.000000	0.000000	0.000000	0.000000	999.461515	2.138688	995.036646	2.140453
-10.621000	0.000000	0.000000	0.000000	0.000000	999.882719	1.782307	995.525533	1.625803
-10.599500	0.000000	0.000000	0.000000	0.000000	999.730743	2.303027	995.346996	2.353094
-10.578000	0.000000	0.000000	0.000000	0.000000	999.402431	2.080877	994.986958	1.782581
-10.556500	0.000000	0.000000	0.000000	0.000000	1000.151456	2.294810	995.686948	2.018581
-10.535000	0.000000	0.000000	0.000000	0.000000	1000.699901	1.997992	996.240496	1.670272
-10.513500	0.000000	0.000000	0.000000	0.000000	1000.592742	1.774722	996.155927	1.666257
-10.492000	0.000000	0.000000	0.000000	0.000000	999.409409	1.804413	994.892211	1.668690
-10.470500	0.000000	0.000000	0.000000	0.000000	999.863688	1.575103	995.332326	1.508564
-10.449000	0.000000	0.000000	0.000000	0.000000	999.949151	1.841373	995.435682	1.511400
-10.427500	0.000000	0.000000	0.000000	0.000000	999.713084	1.701332	995.196324	1.767524
-10.406000	0.000000	0.000000	0.000000	0.000000	999.667635	1.826179	995.147481	1.609006
-10.384500	0.000000	0.000000	0.000000	0.000000	999.776842	1.711891	995.275855	1.610832
-10.363000	0.000000	0.000000	0.000000	0.000000	999.335616	1.795893	994.795578	1.476715
-10.341500	0.000000	0.000000	0.000000	0.000000	999.596383	2.343232	995.031856	2.206399
-10.320000	0.000000	0.000000	0.000000	0.000000	999.955728	1.874195	995.441261	2.084580
-10.298500	0.000000	0.000000	0.000000	0.000000	999.766957	1.695693	995.289553	1.672039
-10.277000	0.000000	0.000000	0.000000	0.000000	999.534029	1.631260	995.020057	1.547973
-10.255500	0.000000	0.000000	0.000000	0.000000	999.670860	2.207033	995.161734	2.111101
-10.234000	0.000000	0.000000	0.000000	0.000000	999.675025	1.519990	995.171716	1.210512
-10.212500	0.000000	0.000000	0.000000	0.000000	999.887415	2.087228	995.414379	2.106383
-10.191000	0.000000	0.000000	0.000000	0.000000	999.789024	2.036488	995.301779	1.769793
-10.169500	0.000000	0.000000	0.000000	0.000000	1001.142135	1.795145	996.641913	1.876539
-10.148000	0.000000	0.000000	0.000000	0.000000	999.761010	1.756398	995.294893	1.355242
-10.126500	0.000000	0.000000	0.000000	0.000000	999.868082	1.575761	995.437613	1.397020
-10.105000	0.000000	0.000000	0.000000	0.000000	1000.090675	1.479187	995.639594	1.412741
-10.083500	0.000000	0.000000	0.000000	0.000000	999.505729	1.512652	995.155071	1.512667
-10.062000	0.000000	0.000000	0.000000	0.000000	999.959377	2.091526	995.503739	1.985933
-10.040500	0.000000	0.000000	0.000000	0.000000	1000.374345	1.600164	995.938319	1.672424
-10.019000	0.000000	0.000000	0.000000	0.000000	999.490482	1.974687	995.067989	1.792319
-9.997500	0.000000	0.000000	0.000000	0.000000	1000.101811	2.091062	995.667845	1.837859
-9.976000	0.000000	0.000000	0.000000	0.000000	999.643011	2.025957	995.243049	2.074405
-9.954500	0.000000	0.000000	0.000000	0.000000	999.748481	2.605282	995.286770	2.146611
-9.933000	0.000000	0.000000	0.000000	0.000000	999.845027	2.309568	995.438688	2.279649
-9.911500	0.000000	0.000000	0.000000	0.000000	999.759161	1.807789	995.349478	1.669776
-9.890000	0.000000	0.000000	0.000000	0.000000	999.820944	2.270420	995.406334	2.103217
-9.868500	0.000000	0.000000	0.000000	0.000000	999.477740	1.563910	995.122627	1.697873
-9.847000	0.000000	0.000000	0.000000	0.000000	1000.131835	2.180336	995.792701	1.852539
-9.825500	0.000000	0.000000	0.000000	0.000000	999.800580	2.052234	995.462492	1.956699
-9.804000	0.000000	0.000000	0.000000	0.000000	1000.003071	1.549407	995.640975	1.471356
-9.782500	0.000000	0.000000	0.000000	0.000000	999.468029	1.798388	995.108352	1.874480
-9.761000	0.000000	0.000000	0.000000	0.000000	999.930460	2.170070	995.515522	2.229639
-9.739500	0.000000	0.000000	0.000000	0.000000	1000.243378	1.976800	995.854650	1.892927
-9.718000	0.000000	0.000000	0.000000	0.000000	999.312026	1.735091	994.940513	1.879186
-9.696500	0.000000	0.000000	0.000000	0.000000	999.646670	1.606708	995.263070	1.487735
-9.675000	0.000000	0.000000	0.000000	0.000000	1000.122092	1.938730	995.747042	1.829995
-9.653500	0.000000	0.000000	0.000000	0.000000	999.308275	1.838135	994.912046	1.651355
-9.632000	0.000000	0.000000	0.000000	0.000000	999.832750	1.907489	995.513354	2.060013
-9.610500	0.000000	0.000000	0.000000	0.000000	999.062561	2.407757	994.686117	2.021032
-9.589000	0.000000	0.000000	0.000000	0.000000	999.758791	1.726281	995.414912	1.596886
-9.567500	0.000000	0.000000	0.000000	0.000000	999.372164	1.769320	995.046029	1.722863
-9.546000	0.000000	0.000000	0.000000	0.000000	1000.173945	2.015764	995.864106	1.895263
-9.524500	0.000000	0.000000	0.000000	0.000000	999.554814	1.302725	995.235342	1.642736
-9.503000	0.000000	0.000000	0.000000	0.000000	999.315962	2.286290	994.995766	2.147726
-9.481500	0.000000	0.000000	0.000000	0.000000	999.483537	1.550316	995.149774	1.533015
-9.460000	0.000000	0.000000	0.000000	0.000000	999.594061	2.283348	995.313402	2.091279
-9.438500	0.000000	0.000000	0.000000	0.000000	1000.130626	1.963008	995.847506	2.001085
-9.417000	0.000000	0.000000	0.000000	0.000000	999.467166	1.723085	995.286146	1.628531
-9.395500	0.000000	0.000000	0.000000	0.000000	999.637094	2.242283	995.404704	2.222570
-9.374000	0.000000	0.000000	0.000000	0.000000	999.711033	2.011669	995.462161	1.670957
-9.352500	0.000000	0.000000	0.000000	0.000000	999.177703	2.339564	994.929344	1.837461
-9.331000	0.000000	0.000000	0.000000	0.000000	999.718785	2.244247	995.461127	1.998732
-9.309500	0.000000	0.000000	0.000000	0.000000	999.994551	2.010845	995.729496	2.146078
-9.288000	0.000000	0.000000	0.000000	0.000000	999.527659	2.540445	995.266335	2.511832
-9.266500	0.000000	0.000000	0.000000	0.000000	999.562835	2.226138	995.354156	2.026925
-9.245000	0.000000	0.000000	0.000000	0.000000	998.761969	1.982332	994.516141	2.034658
-9.223500	0.000000	0.000000	0.000000	0.000000	999.472989	1.660715	995.193471	1.717099
-9.202000	0.000000	0.000000	0.000000	0.000000	999.806297	1.831897	995.465361	1.698082
-9.180500	0.000000	0.000000	0.000000	0.000000	999.480466	2.079991	995.186598	1.899638
-9.159000	0.000000	0.000000	0.000000	0.000000	999.596028	1.913348	995.340381	2.118343
-9.137500	0.000000	0.000000	0.000000	0.000000	999.770745	1.741707	995.433185	1.760249
-9.116000	0.000000	0.000000	0.000000	0.000000	1000.060063	1.891545	995.724114	1.535983
-9.094500	0.000000	0.000000	0.000000	0.000000	999.515266	2.466175	995.152990	2.109558
-9.073000	0.000000	0.000000	0.000000	0.000000	1000.274702	1.716420	995.938812	1.815302
-9.051500	0.000000	0.000000	0.000000	0.000000	1000.098090	1.807581	995.691355	1.659555
-9.030000	0.000000	0.000000	0.000000	0.000000	999.515881	1.792807	995.105646	1.776876
-9.008500	0.000000	0.000000	0.000000	0.000000	999.537825	1.887591	995.200441	1.878032
-8.987000	0.000000	0.000000	0.000000	0.000000	999.357541	2.324608	995.016680	2.241595
-8.965500	0.000000	0.000000	0.000000	0.000000	999.846943	2.106162	995.541925	2.088516
-8.944000	0.000000	0.000000	0.000000	0.000000	999.501374	2.057496	995.235315	1.824484
-8.922500	0.000000	0.000000	0.000000	0.000000	999.644535	2.019199	995.340446	2.128216
-8.901000	0.000000	0.000000	0.000000	0.000000	999.182642	1.932815	994.902199	2.139996
-8.879500	0.000000	0.000000	0.000000	0.000000	999.849001	1.660123	995.556369	1.501820
-8.858000	0.000000	0.000000	0.000000	0.000000	999.432531	2.277462	995.166251	2.099263
-8.836500	0.000000	0.000000	0.000000	0.000000	999.767458	2.015537	995.406029	1.935058
-8.815000	0.000000	0.000000	0.000000	0.000000	999.761346	1.530158	995.450162	1.750821
-8.793500	0.000000	0.000000	0.000000	0.000000	999.671347	1.700489	995.295367	1.621842
-8.772000	0.000000	0.000000	0.000000	0.000000	999.809161	1.778422	995.403755	1.514692
-8.750500	0.000000	0.000000	0.000000	0.000000	999.400504	1.740235	995.041689	1.519318
-8.729000	0.000000	0.000000	0.000000	0.000000	1000.158098	2.113007	995.750072	1.814362
-8.707500	0.000000	0.000000	0.000000	0.000000	999.514970	1.968515	995.122477	1.872407
-8.686000	0.000000	0.000000	0.000000	0.000000	999.571618	2.215774	995.215843	1.722218
-8.664500	0.000000	0.000000	0.000000	0.000000	999.840614	2.141647	995.485617	2.212515
-8.643000	0.000000	0.000000	0.000000	0.000000	999.626490	2.035679	995.257314	2.032703
-8.621500	0.000000	0.000000	0.000000	0.000000	999.454555	2.495745	995.144741	2.389901
-8.600000	0.000000	0.000000	0.000000	0.000000	999.155886	1.887072	994.873987	1.852714
-8.578500	0.000000	0.000000	0.000000	0.000000	999.769097	1.658596	995.338813	1.730424
-8.557000	0.000000	0.000000	0.000000	0.000000	1000.008079	2.210211	995.715065	2.198345
-8.535500	0.000000	0.000000	0.000000	0.000000	999.747119	2.140499	995.381531	2.036898
-8.514000	0.000000	0.000000	0.000000	0.000000	999.615438	1.743804	995.257983	1.671633
-8.492500	0.000000	0.000000	0.000000	0.000000	999.857842	1.887398	995.552812	1.705161
-8.471000	0.000000	0.000000	0.000000	0.000000	999.436265	2.054581	995.064758	1.999584
-8.449500	0.000000	0.000000	0.000000	0.000000	999.342043	1.972636	995.017947	1.960512
-8.428000	0.000000	0.000000	0.000000	0.000000	999.812714	1.934615	995.401366	1.772891
-8.406500	0.000000	0.000000	0.000000	0.000000	999.292422	1.773377	994.934391	1.518229
-8.385000	0.000000	0.000000	0.000000	0.000000	999.754560	2.535053	995.369431	2.038574
-8.363500	0.000000	0.000000	0.000000	0.000000	999.614951	2.025772	995.171318	1.756791
-8.342000	0.000000	0.000000	0.000000	0.000000	1000.001856	2.218196	995.600242	2.113125
-8.320500	0.000000	0.000000	0.000000	0.000000	999.852662	1.975766	995.516871	2.045685
-8.299000	0.000000	0.000000	0.000000	0.000000	999.656712	1.864895	995.248711	1.940131
-8.277500	0.000000	0.000000	0.000000	0.000000	999.180098	1.726183	994.825774	1.415473
-8.256000	0.000000	0.000000	0.000000	0.000000	999.467470	1.645364	995.087429	1.702509
-8.234500	0.000000	0.000000	0.000000	0.000000	999.381607	1.811473	994.987506	1.614954
-8.213000	0.000000	0.000000	0.000000	0.000000	999.658289	1.652519	995.378318	1.728815
-8.191500	0.000000	0.000000	0.000000	0.000000	999.933704	1.987368	995.623406	1.743324
-8.170000	0.000000	0.000000	0.000000	0.000000	999.758317	1.978974	995.489555	1.924799
-8.148500	0.000000	0.000000	0.000000	0.000000	999.815709	1.829865	995.578830	1.811618
-8.127000	0.000000	0.000000	0.000000	0.000000	999.837890	1.900949	995.605829	1.833578
-8.105500	0.000000	0.000000	0.000000	0.000000	999.988469	1.712994	995.750093	1.701152
-8.084000	0.000000	0.000000	0.000000	0.000000	999.484699	2.091704	995.244201	1.960998
-8.062500	0.000000	0.000000	0.000000	0.000000	999.522250	2.246073	995.234103	1.968634
-8.041000	0.000000	0.000000	0.000000	0.000000	999.661248	1.673740	995.399459	1.647243
-8.019500	0.000000	0.000000	0.000000	0.000000	999.363307	2.343675	995.112554	2.381195
-7.998000	0.000000	0.000000	0.000000	0.000000	999.399377	1.845605	995.053178	1.635263
-7.976500	0.000000	0.000000	0.000000	0.000000	998.981307	1.762090	994.595439	1.680551
-7.955000	0.000000	0.000000	0.000000	0.000000	999.765663	1.761715	995.442298	1.501418
-7.933500	0.000000	0.000000	0.000000	0.000000	998.931253	2.200183	994.596192	2.168694
-7.912000	0.000000	0.000000	0.000000	0.000000	999.989292	2.131100	995.681171	1.966547
-7.890500	0.000000	0.000000	0.000000	0.000000	999.741568	2.041365	995.351445	2.153929
-7.869000	0.000000	0.000000	0.000000	0.000000	999.702556	1.899768	995.318144	1.887944
-7.847500	0.000000	0.000000	0.000000	0.000000	998.952396	1.883090	994.599602	1.803638
-7.826000	0.000000	0.000000	0.000000	0.000000	999.941733	1.958152	995.590351	1.695817
-7.804500	0.000000	0.000000	0.000000	0.000000	999.616714	2.278798	995.301674	1.924172
-7.783000	0.000000	0.000000	0.000000	0.000000	999.552843	1.716956	995.195288	1.587921
-7.761500	0.000000	0.000000	0.000000	0.000000	999.813179	2.035846	995.465708	1.995234
-7.740000	0.000000	0.000000	0.000000	0.000000	999.962364	2.015640	995.622284	1.835611
-7.718500	0.000000	0.000000	0.000000	0.000000	1000.110412	2.100585	995.792621	1.983985
-7.697000	0.000000	0.000000	0.000000	0.000000	1000.330080	1.869783	996.054633	1.891316
-7.675500	0.000000	0.000000	0.000000	0.000000	999.612667	2.113020	995.294877	2.067977
-7.654000	0.000000	0.000000	0.000000	0.000000	999.297892	1.954742	995.011264	2.157782
-7.632500	0.000000	0.000000	0.000000	0.000000	999.438671	1.624943	995.087757	1.429246
-7.611000	0.000000	0.000000	0.000000	0.000000	999.041375	2.331475	994.740118	2.098100
-7.589500	0.000000	0.000000	0.000000	0.000000	999.712246	2.104491	995.441783	1.897886
-7.568000	0.000000	0.000000	0.000000	0.000000	999.357862	1.842772	995.023086	1.602048
-7.546500	0.000000	0.000000	0.000000	0.000000	999.187613	1.818161	994.962725	1.828092
-7.525000	0.000000	0.000000	0.000000	0.000000	999.551566	2.374764	995.250152	2.300762
-7.503500	0.000000	0.000000	0.000000	0.000000	999.234566	1.813276	994.946904	1.808475
-7.482000	0.000000	0.000000	0.000000	0.000000	999.322945	1.639555	995.060311	1.710929
-7.460500	0.000000	0.000000	0.000000	0.000000	1000.259146	1.434181	995.953524	1.383375
-7.439000	0.000000	0.000000	0.000000	0.000000	999.910207	2.019533	995.678222	1.722343
-7.417500	0.000000	0.000000	0.000000	0.000000	999.884066	1.890890	995.699765	1.831028
-7.396000	0.000000	0.000000	0.000000	0.000000	999.714709	1.784641	995.530418	1.558060
-7.374500	0.000000	0.000000	0.000000	0.000000	999.937177	1.975112	995.727469	1.584686
-7.353000	0.000000	0.000000	0.000000	0.000000	999.371743	2.380017	995.168814	2.322714
-7.331500	0.000000	0.000000	0.000000	0.000000	999.171366	1.987226	995.013711	1.708592
-7.310000	0.000000	0.000000	0.000000	0.000000	999.918929	2.438796	995.739417	2.256137
-7.288500	0.000000	0.000000	0.000000	0.000000	1000.199638	1.842004	996.014879	1.799025
-7.267000	0.000000	0.000000	0.000000	0.000000	999.195162	1.841696	995.100357	1.858362
-7.245500	0.000000	0.000000	0.000000	0.000000	999.886893	1.603212	995.729938	1.783638
-7.224000	0.000000	0.000000	0.000000	0.000000	999.845693	1.934826	995.686120	1.861780
-7.202500	0.000000	0.000000	0.000000	0.000000	999.239483	1.931840	995.068899	1.827079
-7.181000	0.000000	0.000000	0.000000	0.000000	999.301428	1.893537	995.123410	1.644813
-7.159500	0.000000	0.000000	0.000000	0.000000	999.807764	1.856993	995.624828	1.795050
-7.138000	0.000000	0.000000	0.000000	0.000000	998.685197	1.702294	994.550572	1.514773
-7.116500	0.000000	0.000000	0.000000	0.000000	999.908021	2.015814	995.761788	1.679936
-7.095000	0.000000	0.000000	0.000000	0.000000	999.516531	2.399073	995.347470	2.139671
-7.073500	0.000000	0.000000	0.000000	0.000000	999.538532	2.135039	995.355102	1.915937
-7.052000	0.000000	0.000000	0.000000	0.000000	999.802747	2.129368	995.684151	1.932266
-7.030500	0.000000	0.000000	0.000000	0.000000	998.921775	1.984165	994.763745	1.969443
-7.009000	0.000000	0.000000	0.000000	0.000000	999.730543	2.203533	995.535511	2.368907
-6.987500	0.000000	0.000000	0.000000	0.000000	999.934628	2.010583	995.757151	1.627085
-6.966000	0.000000	0.000000	0.000000	0.000000	999.918413	1.532666	995.734034	1.395343
-6.944500	0.000000	0.000000	0.000000	0.000000	1000.107149	2.108783	995.945895	1.954502
-6.923000	0.000000	0.000000	0.000000	0.000000	999.699078	2.087461	995.466387	2.066584
-6.901500	0.000000	0.000000	0.000000	0.000000	999.798552	1.727871	995.542909	1.971645
-6.880000	0.000000	0.000000	0.000000	0.000000	1000.318588	1.783630	996.104003	1.958247
-6.858500	0.000000	0.000000	0.000000	0.000000	999.578566	1.983388	995.382613	2.119096
-6.837000	0.000000	0.000000	0.000000	0.000000	999.324466	2.358131	995.123654	2.179349
-6.815500	0.000000	0.000000	0.000000	0.000000	999.430066	2.274504	995.266004	2.027485
-6.794000	0.000000	0.000000	0.000000	0.000000	999.294239	2.214315	995.087774	2.197093
-6.772500	0.000000	0.000000	0.000000	0.000000	999.416254	1.783493	995.175583	1.849342
-6.751000	0.000000	0.000000	0.000000	0.000000	999.592267	1.799341	995.324318	1.431331
-6.729500	0.000000	0.000000	0.000000	0.000000	999.516988	2.037833	995.295887	1.986341
-6.708000	0.000000	0.000000	0.000000	0.000000	1000.002335	2.108598	995.657867	1.903183
-6.686500	0.000000	0.000000	0.000000	0.000000	999.491525	2.707754	995.169946	2.607856
-6.665000	0.000000	0.000000	0.000000	0.000000	999.812271	1.459309	995.502422	1.366699
-6.643500	0.000000	0.000000	0.000000	0.000000	999.746363	2.006242	995.483698	1.859739
-6.622000	0.000000	0.000000	0.000000	0.000000	1000.066065	1.734269	995.701718	1.571531
-6.600500	0.000000	0.000000	0.000000	0.000000	999.818753	2.059350	995.515313	2.131396
-6.579000	0.000000	0.000000	0.000000	0.000000	999.757914	1.757125	995.467890	1.815361
-6.557500	0.000000	0.000000	0.000000	0.000000	999.260244	1.789987	995.006897	1.728764
-6.536000	0.000000	0.000000	0.000000	0.000000	999.320132	1.844791	995.012945	1.724787
-6.514500	0.000000	0.000000	0.000000	0.000000	1000.336493	2.204300	996.015480	2.147429
-6.493000	0.000000	0.000000	0.000000	0.000000	1000.019796	2.045311	995.668856	1.819578
-6.471500	0.000000	0.000000	0.000000	0.000000	999.797633	1.713367	995.511152	1.466392
-6.450000	0.000000	0.000000	0.000000	0.000000	999.961874	1.745109	995.662446	1.673370
-6.428500	0.000000	0.000000	0.000000	0.000000	999.959406	1.576008	995.619554	1.671561
-6.407000	0.000000	0.000000	0.000000	0.000000	999.357992	1.568244	995.033910	1.621744
-6.385500	0.000000	0.000000	0.000000	0.000000	999.842674	2.126115	995.588909	2.003119
-6.364000	0.000000	0.000000	0.000000	0.000000	999.138578	1.539741	994.877027	1.548738
-6.342500	0.000000	0.000000	0.000000	0.000000	999.974434	1.965618	995.682536	1.939795
-6.321000	0.000000	0.000000	0.000000	0.000000	1000.180024	1.635977	995.846164	1.290934
-6.299500	0.000000	0.000000	0.000000	0.000000	999.468695	1.777623	995.154620	1.742715
-6.278000	0.000000	0.000000	0.000000	0.000000	999.566368	1.980065	995.283044	1.632238
-6.256500	0.000000	0.000000	0.000000	0.000000	999.750875	1.607986	995.414398	1.506916
-6.235000	0.000000	0.000000	0.000000	0.000000	999.848197	1.645177	995.541932	1.749324
-6.213500	0.000000	0.000000	0.000000	0.000000	999.335528	2.084992	995.033432	2.106649
-6.192000	0.000000	0.000000	0.000000	0.000000	999.840144	1.977949	995.532008	1.718791
-6.170500	0.000000	0.000000	0.000000	0.000000	999.647115	1.540667	995.329424	1.632328
-6.149000	0.000000	0.000000	0.000000	0.000000	999.623560	2.393286	995.287677	2.165845
-6.127500	0.000000	0.000000	0.000000	0.000000	999.971901	2.209025	995.520764	1.955830
-6.106000	0.000000	0.000000	0.000000	0.000000	999.952596	1.687541	995.530438	1.423385
-6.084500	0.000000	0.000000	0.000000	0.000000	999.923477	2.029861	995.457566	2.005500
-6.063000	0.000000	0.000000	0.000000	0.000000	999.216177	1.837847	994.783301	1.669500
-6.041500	0.000000	0.000000	0.000000	0.000000	999.698597	2.149530	995.183438	2.157092
-6.020000	0.000000	0.000000	0.000000	0.000000	1000.086198	2.276251	995.586675	2.305072
-5.998500	0.000000	0.000000	0.000000	0.000000	999.438932	1.791398	994.869556	1.751680
-5.977000	0.000000	0.000000	0.000000	0.000000	1000.088266	1.293446	995.582978	1.273235
-5.955500	0.000000	0.000000	0.000000	0.000000	999.457062	1.705163	994.953142	1.627613
-5.934000	0.000000	0.000000	0.000000	0.000000	999.045002	1.682052	994.571854	1.575825
-5.912500	0.000000	0.000000	0.000000	0.000000	999.461974	1.797087	994.961231	1.596832
-5.891000	0.000000	0.000000	0.000000	0.000000	999.910225	1.775843	995.409384	1.798532
-5.869500	0.000000	0.000000	0.000000	0.000000	999.765560	2.012122	995.283250	1.975744
-5.848000	0.000000	0.000000	0.000000	0.000000	999.567010	2.072502	995.137417	1.699129
-5.826500	0.000000	0.000000	0.000000	0.000000	999.666491	1.965177	995.175287	1.886265
-5.805000	0.000000	0.000000	0.000000	0.000000	999.472071	1.998708	994.946953	1.811315
-5.783500	0.000000	0.000000	0.000000	0.000000	1000.046010	1.572244	995.508681	1.560001
-5.762000	0.000000	0.000000	0.000000	0.000000	999.787501	2.322264	995.252333	2.106163
-5.740500	0.000000	0.000000	0.000000	0.000000	999.825980	1.858899	995.268840	2.075978
-5.719000	0.000000	0.000000	0.000000	0.000000	999.877053	1.820059	995.375677	1.946746
-5.697500	0.000000	0.000000	0.000000	0.000000	999.444061	1.550909	994.818026	1.408080
-5.676000	0.000000	0.000000	0.000000	0.000000	999.465274	2.518557	994.852260	2.368456
-5.654500	0.000000	0.000000	0.000000	0.000000	998.811722	1.685244	994.143143	1.694819
-5.633000	0.000000	0.000000	0.000000	0.000000	999.748477	1.905001	995.089151	2.092142
-5.611500	0.000000	0.000000	0.000000	0.000000	1000.375573	1.639493	995.654853	1.694294
-5.590000	0.000000	0.000000	0.000000	0.000000	1000.096396	1.910081	995.350305	1.803130
-5.568500	0.000000	0.000000	0.000000	0.000000	999.737171	1.807450	994.975392	1.992320
-5.547000	0.000000	0.000000	0.000000	0.000000	999.896707	2.181678	995.088956	1.942872
-5.525500	0.000000	0.000000	0.000000	0.000000	999.570107	2.245087	994.756347	2.138366
-5.504000	0.000000	0.000000	0.000000	0.000000	999.997038	1.826359	995.095475	1.703071
-5.482500	0.000000	0.000000	0.000000	0.000000	999.830147	1.837579	994.939691	1.883800
-5.461000	0.000000	0.000000	0.000000	0.000000	999.463635	1.937309	994.444099	2.032062
-5.439500	0.000000	0.000000	0.000000	0.000000	1000.337012	1.900414	995.344309	1.922743
-5.418000	0.000000	0.000000	0.000000	0.000000	1000.097723	1.987319	995.086530	1.891875
-5.396500	0.000000	0.000000	0.000000	0.000000	1000.401611	1.629876	995.295807	1.623211
-5.375000	0.000000	0.000000	0.000000	0.000000	999.872469	2.041225	994.767131	1.972037
-5.353500	0.000000	0.000000	0.000000	0.000000	999.592450	1.997089	994.511077	1.926321
-5.332000	0.000000	0.000000	0.000000	0.000000	1000.106546	2.037385	994.971803	1.981028
-5.310500	0.000000	0.000000	0.000000	0.000000	1000.179950	1.832999	995.061916	1.868785
-5.289000	0.000000	0.000000	0.000000	0.000000	1000.093156	1.952640	994.937125	1.865766
-5.267500	0.000000	0.000000	0.000000	0.000000	1000.153507	1.887317	995.060250	1.912455
-5.246000	0.000000	0.000000	0.000000	0.000000	1000.345986	1.518963	995.233135	1.496318
-5.224500	0.000000	0.000000	0.000000	0.000000	1000.139558	2.222561	994.997579	2.257479
-5.203000	0.000000	0.000000	0.000000	0.000000	999.509442	1.923914	994.324758	1.692499
-5.181500	0.000000	0.000000	0.000000	0.000000	1000.237667	2.429401	995.090667	2.356519
-5.160000	0.000000	0.000000	0.000000	0.000000	1000.192931	1.548581	995.005151	1.322315
-5.138500	0.000000	0.000000	0.000000	0.000000	999.970815	1.604577	994.854956	1.631078
-5.117000	0.000000	0.000000	0.000000	0.000000	1000.045500	2.052077	994.940882	2.108639
-5.095500	0.000000	0.000000	0.000000	0.000000	999.894755	1.949460	994.746884	1.641466
-5.074000	0.000000	0.000000	0.000000	0.000000	999.320370	2.305695	994.158155	2.256587
-5.052500	0.000000	0.000000	0.000000	0.000000	1000.190724	2.246403	995.005797	2.059965
-5.031000	0.000000	0.000000	0.000000	0.000000	999.891356	2.099292	994.796199	1.857268
-5.009500	0.000000	0.000000	0.000000	0.000000	999.881834	2.084736	994.736056	2.126152
-4.988000	0.000000	0.000000	0.000000	0.000000	999.804531	1.564814	994.606622	1.402497
-4.966500	0.000000	0.000000	0.000000	0.000000	999.260133	1.928352	994.133848	1.756938
-4.945000	0.000000	0.000000	0.000000	0.000000	1000.271479	1.538116	995.049482	1.501387
-4.923500	0.000000	0.000000	0.000000	0.000000	1000.398431	1.827993	995.108648	1.846691
-4.902000	0.000000	0.000000	0.000000	0.000000	1000.108933	2.023522	994.876677	2.179813
-4.880500	0.000000	0.000000	0.000000	0.000000	999.730912	1.861401	994.499111	1.862901
-4.859000	0.000000	0.000000	0.000000	0.000000	999.601518	2.068229	994.360485	2.004956
-4.837500	0.000000	0.000000	0.000000	0.000000	1000.341649	1.633187	995.082653	1.489402
-4.816000	0.000000	0.000000	0.000000	0.000000	999.964642	2.060476	994.644731	1.803650
-4.794500	0.000000	0.000000	0.000000	0.000000	999.983611	2.059575	994.658056	1.966057
-4.773000	0.000000	0.000000	0.000000	0.000000	999.719297	1.902186	994.385338	1.747083
-4.751500	0.000000	0.000000	0.000000	0.000000	1000.044942	2.341640	994.685288	2.232724
-4.730000	0.000000	0.000000	0.000000	0.000000	999.378266	1.695807	994.012462	1.707904
-4.708500	0.000000	0.000000	0.000000	0.000000	999.985886	1.810199	994.595439	1.922422
-4.687000	0.000000	0.000000	0.000000	0.000000	1000.074266	1.914373	994.671579	1.806391
-4.665500	0.000000	0.000000	0.000000	0.000000	1000.351909	1.639472	994.878029	1.661936
-4.644000	0.000000	0.000000	0.000000	0.000000	999.849925	1.193322	994.359868	1.255427
-4.622500	0.000000	0.000000	0.000000	0.000000	1000.236178	2.121449	994.693356	2.132357
-4.601000	0.000000	0.000000	0.000000	0.000000	1000.054474	1.904709	994.385684	1.837473
-4.579500	0.000000	0.000000	0.000000	0.000000	999.996923	1.962048	994.234269	1.890075
-4.558000	0.000000	0.000000	0.000000	0.000000	999.736393	2.234460	994.018008	2.118509
-4.536500	0.000000	0.000000	0.000000	0.000000	1000.323104	1.802957	994.559522	1.653872
-4.515000	0.000000	0.000000	0.000000	0.000000	1000.034946	1.518126	994.196988	1.235520
-4.493500	0.000000	0.000000	0.000000	0.000000	1000.007289	2.414912	994.240457	2.198362
-4.472000	0.000000	0.000000	0.000000	0.000000	999.434481	1.978262	993.542338	1.738043
-4.450500	0.000000	0.000000	0.000000	0.000000	999.986178	2.080774	994.112046	2.164803
-4.429000	0.000000	0.000000	0.000000	0.000000	1000.360577	1.381428	994.383767	1.552394
-4.407500	0.000000	0.000000	0.000000	0.000000	1000.052226	1.418746	994.022943	1.467975
-4.386000	0.000000	0.000000	0.000000	0.000000	1000.247375	2.051980	994.157112	2.231960
-4.364500	0.000000	0.000000	0.000000	0.000000	999.814491	1.961484	993.681425	1.720635
-4.343000	0.000000	0.000000	0.000000	0.000000	1000.711559	1.517569	994.492488	1.616511
-4.321500	0.000000	0.000000	0.000000	0.000000	1000.645934	2.082618	994.411117	1.713777
-4.300000	0.000000	0.000000	0.000000	0.000000	999.936024	2.040530	993.661977	1.742849
-4.278500	0.000000	0.000000	0.000000	0.000000	1000.421096	1.942901	994.048047	1.760254
-4.257000	0.000000	0.000000	0.000000	0.000000	1000.735493	1.832200	994.309383	1.859444
-4.235500	0.000000	0.000000	0.000000	0.000000	1000.720124	2.075260	994.226497	2.003903
-4.214000	0.000000	0.000000	0.000000	0.000000	999.942249	1.866521	993.360961	1.733539
-4.192500	0.000000	0.000000	0.000000	0.000000	999.727394	1.690583	993.106014	1.634983
-4.171000	0.000000	0.000000	0.000000	0.000000	1000.108085	1.716639	993.426368	1.702312
-4.149500	0.000000	0.000000	0.000000	0.000000	1000.753968	2.108183	993.950198	2.006432
-4.128000	0.000000	0.000000	0.000000	0.000000	1000.335135	1.888626	993.436570	1.841508
-4.106500	0.000000	0.000000	0.000000	0.000000	1000.561127	1.677504	993.663071	1.665435
-4.085000	0.000000	0.000000	0.000000	0.000000	1000.609166	2.063526	993.641937	1.914501
-4.063500	0.000000	0.000000	0.000000	0.000000	1000.597800	2.397121	993.534495	2.194831
-4.042000	0.000000	0.000000	0.000000	0.000000	1000.278690	2.138004	993.122531	2.223170
-4.020500	0.000000	0.000000	0.000000	0.000000	1000.821588	1.801454	993.524104	1.652955
-3.999000	0.000000	0.000000	0.000000	0.000000	1000.403953	2.301665	993.083884	2.065316
-3.977500	0.000000	0.000000	0.000000	0.000000	1001.085357	2.157904	993.690012	2.107997
-3.956000	0.000000	0.000000	0.000000	0.000000	1000.405131	2.258040	992.953037	2.038825
-3.934500	0.000000	0.000000	0.000000	0.000000	1000.617096	2.083944	992.957781	1.994825
-3.913000	0.000000	0.000000	0.000000	0.000000	1000.671752	1.727141	992.907543	1.617577
-3.891500	0.000000	0.000000	0.000000	0.000000	1001.051934	1.859957	993.138808	1.900012
-3.870000	0.000000	0.000000	0.000000	0.000000	1000.582679	1.940846	992.509362	1.876138
-3.848500	0.000000	0.000000	0.000000	0.000000	1001.086712	2.705111	992.820132	2.388908
-3.827000	0.000000	0.000000	0.000000	0.000000	1000.500877	2.403578	992.045498	2.181214
-3.805500	0.000000	0.000000	0.000000	0.000000	1000.934803	1.885156	992.242338	1.988555
-3.784000	0.000000	0.000000	0.000000	0.000000	1001.078827	2.252386	992.274431	1.947241
-3.762500	0.000000	0.000000	0.000000	0.000000	1001.191024	2.105624	992.113797	1.974087
-3.741000	0.000000	0.000000	0.000000	0.000000	1001.285299	1.714279	992.096150	1.670355
-3.719500	0.000000	0.000000	0.000000	0.000000	1001.382282	2.111871	991.912395	2.069264
-3.698000	0.000000	0.000000	0.000000	0.000000	1002.020694	2.173229	992.321165	2.326421
-3.676500	0.000000	0.000000	0.000000	0.000000	1001.937927	1.617340	991.973290	1.625242
-3.655000	0.000000	0.000000	0.000000	0.000000	1002.025059	1.784867	991.763787	1.506846
-3.633500	0.000000	0.000000	0.000000	0.000000	1002.154350	1.720169	991.560168	1.788908
-3.612000	0.000000	0.000000	0.000000	0.000000	1001.656925	1.816890	990.745089	1.866095
-3.590500	0.000000	0.000000	0.000000	0.000000	1002.127179	1.533073	990.989368	1.186954
-3.569000	0.000165	0.000887	0.000000	0.000000	1002.614753	2.246656	991.141356	1.779692
-3.547500	0.000230	0.001238	0.000000	0.000000	1002.816157	2.393895	990.881680	2.364919
-3.526000	0.001137	0.005464	0.000000	0.000000	1002.596135	2.154079	990.202807	1.841864
-3.504500	0.001413	0.007291	0.000000	0.000000	1002.721409	1.744953	989.858427	1.892935
-3.483000	0.001182	0.004077	0.000000	0.000000	1002.822647	2.032782	989.580181	1.674500
-3.461500	0.002599	0.006816	0.000000	0.000000	1003.155431	1.834796	989.461527	1.890003
-3.440000	0.004119	0.011033	0.000000	0.000000	1003.287871	2.150894	988.975942	1.942454
-3.418500	0.009621	0.026877	0.000000	0.000000	1003.856106	2.140046	989.061071	1.804171
-3.397000	0.013280	0.026203	0.000000	0.000000	1004.903029	2.130952	989.511905	2.080996
-3.375500	0.024457	0.043461	0.000000	0.000000	1004.338974	2.012500	988.396249	2.224737
-3.354000	0.045565	0.073238	0.000000	0.000000	1004.832595	2.087585	988.165712	1.797182
-3.332500	0.075106	0.117080	0.000000	0.000000	1005.397339	1.782087	988.108729	1.953329
-3.311000	0.120846	0.179590	0.000000	0.000000	1005.601101	1.806073	987.363206	2.206999
-3.289500	0.188283	0.274220	0.000000	0.000000	1006.390656	2.615624	987.515990	2.211243
-3.268000	0.282959	0.365885	0.000000	0.000000	1005.922688	2.007997	986.131715	1.973248
-3.246500	0.407441	0.502332	0.000000	0.000000	1006.209693	1.719635	985.620550	2.164417
-3.225000	0.617884	0.707075	0.000000	0.000000	1006.686139	1.956220	985.224933	2.665727
-3.203500	0.901159	0.920495	0.000000	0.000000	1006.903499	2.506253	984.421389	3.074672
-3.182000	1.228312	1.178649	0.000000	0.000000	1007.074210	2.935320	983.610985	3.658635
-3.160500	1.721417	1.566280	0.000000	0.000000	1006.803382	2.733205	982.158259	3.337970
-3.139000	2.336011	1.986531	0.000000	0.000000	1006.748998	3.668136	981.165919	4.409989
-3.117500	3.153596	2.527661	0.000000	0.000000	1006.353157	2.890049	979.393311	4.595043
-3.096000	4.257804	3.205233	0.000000	0.000000	1005.599450	3.539981	977.428029	4.927568
-3.074500	5.522971	3.900756	0.000000	0.000000	1004.748405	3.597798	975.338343	5.431025
-3.053000	7.098914	4.710407	0.000000	0.000000	1004.365827	3.986682	973.600773	5.807798
-3.031500	9.082272	5.519800	0.000000	0.000000	1003.084868	5.196123	970.977587	7.359620
-3.010000	11.447366	6.542084	0.000000	0.000000	1001.490459	5.721823	968.059164	8.247539
-2.988500	14.259570	7.423486	0.000000	0.000000	998.809554	6.586679	963.836539	9.137848
-2.967000	17.600231	8.561234	0.000000	0.000000	997.282710	8.014768	960.920866	10.588174
-2.945500	21.574314	9.802457	0.000000	0.000000	993.562074	8.591897	955.871804	11.221264
-2.924000	26.222300	10.993686	0.000124	0.000667	989.724063	8.988272	950.789589	11.679861
-2.902500	31.591622	12.454645	0.000401	0.001572	985.538787	9.855779	945.114622	12.405347
-2.881000	37.901950	13.814395	0.000859	0.004537	979.271592	10.998717	937.591366	13.434072
-2.859500	44.955253	15.394540	0.002044	0.008864	973.882454	11.988355	931.256685	14.509142
-2.838000	52.911938	16.875803	0.003032	0.011877	966.196143	12.875206	922.709654	15.054871
-2.816500	62.339200	18.626395	0.004191	0.014866	958.655904	15.225491	914.408492	17.220645
-2.795000	72.859663	20.471786	0.006430	0.023456	949.715147	16.995400	905.009816	18.256155
-2.773500	84.537305	22.691210	0.009863	0.035594	940.040278	18.194908	895.061896	19.664690
-2.752000	97.751608	24.920298	0.013076	0.048080	928.693591	20.311595	883.677858	21.063121
-2.730500	112.114825	27.293822	0.017869	0.062189	917.211020	22.579696	871.926745	23.066474
-2.709000	128.319923	29.700323	0.021451	0.070558	904.086221	24.389754	859.127089	24.215218
-2.687500	146.405534	32.409341	0.033523	0.104376	890.149627	26.148659	845.625499	25.676315
-2.666000	165.573293	35.283029	0.042445	0.122381	874.607933	26.986642	831.022989	26.058584
-2.644500	186.882319	38.683170	0.053683	0.147289	859.515377	29.271124	816.863571	28.011382
-2.623000	209.901165	42.252850	0.076008	0.189736	841.997339	31.820219	800.652178	30.163319
-2.601500	234.316464	45.575891	0.100738	0.226039	823.440036	33.147438	783.435937	31.461056
-2.580000	260.146679	48.593957	0.126786	0.267811	804.836458	35.331256	766.213522	33.013309
-2.558500	287.933965	51.917212	0.174423	0.330476	786.558405	36.248759	749.029142	33.848871
-2.537000	317.405595	54.672369	0.226179	0.398019	766.251265	38.116960	730.269364	35.548526
-2.515500	348.055201	58.330111	0.282796	0.485880	745.555333	38.828075	711.313944	36.429869
-2.494000	379.163452	61.081496	0.344188	0.528697	725.096373	39.692493	692.295756	37.698807
-2.472500	412.120292	63.980858	0.435570	0.622026	705.411592	38.431221	674.065766	36.902937
-2.451000	446.254392	66.098564	0.554720	0.730946	686.086933	37.992238	655.710978	37.001715
-2.429500	481.056266	68.001867	0.688103	0.803963	666.314871	37.276464	637.151893	36.554550
-2.408000	517.546135	68.879705	0.880846	0.929903	647.035661	36.528418	618.556892	36.047622
-2.386500	553.912261	70.312475	1.129039	1.057578	628.990428	35.623762	600.954313	35.252418
-2.365000	590.786762	71.019228	1.392403	1.171019	610.451768	35.184265	583.020719	35.167979
-2.343500	628.169736	69.984658	1.760265	1.361505	592.687575	34.330852	565.170521	34.513083
-2.322000	664.704233	69.314384	2.251296	1.590615	575.143096	33.167849	547.711813	33.369901
-2.300500	701.089464	67.692836	2.888625	1.894841	558.325007	32.722233	530.541561	32.857020
-2.279000	737.952340	66.806899	3.684755	2.226181	541.634353	32.213667	513.258190	32.099218
-2.257500	772.321223	65.890478	4.638489	2.667438	526.232595	31.715306	496.981516	31.747502
-2.236000	806.834444	63.821825	5.942092	3.222698	510.878673	31.321295	480.516121	31.184429
-2.214500	839.739479	61.832872	7.476473	3.907230	495.456297	31.331006	463.898595	31.374525
-2.193000	870.139531	59.742059	9.447767	4.728788	481.662706	30.962465	448.532137	30.931088
-2.171500	898.910795	57.569712	11.901556	5.727007	467.650843	30.213576	433.237446	30.621143
-2.150000	924.671344	55.164360	14.646657	6.778399	453.909646	29.131969	418.189304	29.684866
-2.128500	948.552395	50.807258	18.179774	8.028135	440.197729	29.054113	403.441586	29.690235
-2.107000	968.410439	46.930897	22.447154	9.566551	427.901459	27.714742	389.894335	28.816968
-2.085500	985.622276	42.122368	27.251455	11.062517	415.554549	27.054451	376.465473	28.602008
-2.064000	999.909211	36.967373	33.029859	12.771566	402.581809	26.876915	362.542013	28.424898
-2.042500	1010.670586	33.115749	39.709840	14.637309	390.023351	26.401239	349.278905	27.850841
-2.021000	1018.689543	28.471650	47.256697	16.403804	377.178424	26.031364	335.790652	27.674412
-1.999500	1023.806253	26.157638	55.856955	18.343815	364.395687	26.263982	322.669472	27.823793
-1.978000	1025.738803	24.264659	65.665317	20.341524	350.730748	26.638939	309.021902	27.807169
-1.956500	1024.898139	25.224098	76.643748	22.419182	336.839378	27.022699	295.401509	28.071647
-1.935000	1021.000787	26.188150	89.071096	24.742349	323.179192	26.961608	282.373453	27.824535
-1.913500	1013.838509	29.036260	102.758552	26.862032	309.400647	27.561950	269.309562	27.818780
-1.892000	1004.998900	31.037425	117.792952	29.198431	294.912656	28.048545	255.918413	27.796404
-1.870500	993.530228	34.130771	134.534540	31.353903	280.790532	28.417679	242.801170	27.542973
-1.849000	978.875425	36.422689	152.838769	33.776375	266.352419	28.894946	229.484909	27.502295
-1.827500	961.209991	38.724967	172.684774	35.950814	251.777600	28.747543	216.550042	26.828601
-1.806000	941.082271	40.655928	193.724540	37.783103	237.255983	28.935851	203.437278	26.405388
-1.784500	918.144193	43.746449	216.394550	39.870146	222.333587	29.275835	190.317580	26.507396
-1.763000	892.503254	45.197197	240.098279	41.452521	207.681067	28.597729	177.442339	25.574383
-1.741500	863.969608	46.844621	265.271501	43.298498	192.928938	28.374324	164.485661	24.980226
-1.720000	833.445557	49.903498	291.576937	44.134656	178.626212	28.406362	151.672445	24.889619
-1.698500	800.460599	52.798544	318.921320	45.432688	164.733194	27.520422	139.483084	23.950214
-1.677000	764.579317	55.380222	346.475486	46.026918	151.088811	26.616114	127.322994	23.263656
-1.655500	727.015212	59.047644	375.294337	47.330919	138.024740	25.183129	115.945452	22.090637
-1.634000	689.321509	61.662905	404.172775	47.728938	125.423924	24.212282	104.866262	21.218437
-1.612500	650.112269	64.483600	434.262887	48.283203	113.584331	22.995585	94.694078	20.265090
-1.591000	610.737580	66.608342	462.837843	48.079851	102.452801	21.608966	85.139412	18.993300
-1.569500	569.797094	67.587902	492.201413	48.559015	92.056958	20.314830	76.184841	17.767942
-1.548000	529.585317	68.167665	520.953332	47.780917	82.093646	18.922262	68.036731	16.598022
-1.526500	489.161456	68.032945	548.701823	46.815700	72.702765	17.459581	60.259016	15.298354
-1.505000	448.816344	67.003043	576.483517	45.857160	64.325043	16.215501	53.469640	14.070118
-1.483500	409.902871	66.339517	603.134314	44.191437	56.866587	14.828808	47.340166	12.729941
-1.462000	371.378566	64.612124	629.129754	42.776453	49.726019	13.516430	41.568881	11.472559
-1.440500	334.088178	62.209963	653.494247	40.789135	43.525756	12.434004	36.517719	10.389442
-1.419000	298.214275	59.877141	676.588090	38.622374	37.842781	11.347505	31.718551	9.328044
-1.397500	264.490590	56.772666	698.568218	36.936747	32.698952	10.163068	27.427605	8.271504
-1.376000	233.349881	53.443679	718.547196	34.970236	28.060137	9.126813	23.571201	7.385091
-1.354500	204.195546	49.783456	736.480736	32.883341	23.995935	8.061464	20.163560	6.425025
-1.333000	177.562073	46.898854	753.633393	30.716917	20.482127	7.027922	17.255805	5.605629
-1.311500	153.239623	43.371332	768.976368	28.378220	17.459025	6.270197	14.689317	4.912720
-1.290000	131.428352	40.324082	783.604922	26.857478	14.842055	5.570263	12.476764	4.276628
-1.268500	112.322878	37.493519	796.742331	24.531049	12.567260	4.989755	10.560112	3.774644
-1.247000	95.547567	34.182663	808.066644	22.739184	10.569308	4.535941	8.872524	3.369624
-1.225500	80.822832	31.741953	817.682149	20.148508	8.910495	4.108525	7.526096	3.057110
-1.204000	68.096419	28.699232	826.770849	18.595015	7.412341	3.697316	6.294657	2.755298
-1.182500	57.258397	25.893686	833.780763	16.819948	6.076232	3.289543	5.208339	2.469407
-1.161000	48.078704	23.126673	841.025280	14.818490	4.968263	2.942027	4.266531	2.221300
-1.139500	40.141138	20.520198	845.603570	14.189326	4.048458	2.618797	3.517743	1.977267
-1.118000	33.544179	18.424722	849.273408	11.941614	3.222819	2.344591	2.806031	1.743093
-1.096500	28.178458	16.486236	852.326349	10.975538	2.573459	2.076595	2.270562	1.591405
-1.075000	23.561496	14.640190	855.459352	9.796029	2.067557	1.892799	1.856401	1.503823
-1.053500	19.679779	12.887018	857.515609	8.263043	1.610095	1.645595	1.470294	1.363616
-1.032000	16.353545	11.563630	858.973352	8.384863	1.257868	1.510970	1.155116	1.269363
-1.010500	13.350296	10.294032	860.626219	8.017838	0.970545	1.336841	0.906498	1.179267
-0.989000	10.916050	9.104135	860.304485	6.278691	0.748077	1.112253	0.708687	1.006015
-0.967500	8.767520	8.046377	862.006445	6.481652	0.555745	0.879279	0.539946	0.836962
-0.946000	6.947080	7.030157	862.390822	5.508562	0.440754	0.761566	0.433317	0.737518
-0.924500	5.461521	6.289007	861.643187	5.718608	0.317368	0.583635	0.314981	0.574657
-0.903000	4.258938	5.439590	861.426708	5.319810	0.226330	0.441765	0.226156	0.441214
-0.881500	3.278198	4.714500	861.412663	5.311733	0.157568	0.308634	0.157568	0.308634
-0.860000	2.476155	4.036493	859.965888	4.631435	0.100339	0.202896	0.100339	0.202896
-0.838500	1.897317	3.443748	859.437314	4.783328	0.071192	0.141119	0.071192	0.141119
-0.817000	1.417717	2.884692	858.376985	4.507035	0.040584	0.079451	0.040584	0.079451
-0.795500	1.060941	2.342755	857.222502	4.595690	0.023667	0.041638	0.023667	0.041638
-0.774000	0.778528	1.880555	856.558661	4.398067	0.013424	0.024466	0.013424	0.024466
-0.752500	0.541221	1.437185	854.183070	4.020919	0.006604	0.012621	0.006604	0.012621
-0.731000	0.369586	1.043723	853.411221	4.108149	0.003910	0.007881	0.003910	0.007881
-0.709500	0.245577	0.752534	852.117396	3.473015	0.002242	0.006502	0.002242	0.006502
-0.688000	0.158624	0.519641	850.741465	3.626221	0.000893	0.002307	0.000893	0.002307
-0.666500	0.092540	0.307301	849.754967	3.351288	0.000914	0.003656	0.000914	0.003656
-0.645000	0.050444	0.181813	847.894708	3.372268	0.000339	0.001151	0.000339	0.001151
-0.623500	0.027187	0.094590	845.534240	3.715281	0.000072	0.000000	0.000072	0.000000
-0.602000	0.014830	0.054772	843.913065	3.347703	0.000050	0.000000	0.000050	0.000000
-0.580500	0.005286	0.019876	842.011339	3.283964	0.000000	0.000000	0.000000	0.000000
-0.559000	0.001988	0.007455	839.296412	3.529271	0.000000	0.000000	0.000000	0.000000
-0.537500	0.000794	0.003814	836.522521	4.537604	0.000000	0.000000	0.000000	0.000000
-0.516000	0.000159	0.000856	833.684509	4.653450	0.000000	0.000000	0.000000	0.000000
-0.494500	0.000109	0.000588	829.862924	5.918386	0.000000	0.000000	0.000000	0.000000
-0.473000	0.000000	0.000000	826.474232	6.991384	0.000000	0.000000	0.000000	0.000000
-0.451500	0.000000	0.000000	821.683468	7.898728	0.000000	0.000000	0.000000	0.000000
-0.430000	0.000000	0.000000	817.133909	8.982077	0.000000	0.000000	0.000000	0.000000
-0.408500	0.000000	0.000000	810.441791	9.259113	0.000000	0.000000	0.000000	0.000000
-0.387000	0.000000	0.000000	804.275934	10.773166	0.000000	0.000000	0.000000	0.000000
-0.365500	0.000000	0.000000	797.160967	11.426964	0.000000	0.000000	0.000000	0.000000
-0.344000	0.000000	0.000000	790.319399	11.679013	0.000000	0.000000	0.000000	0.000000
-0.322500	0.000000	0.000000	781.835334	12.004177	0.000000	0.000000	0.000000	0.000000
-0.301000	0.000000	0.000000	772.732374	11.536085	0.000000	0.000000	0.000000	0.000000
-0.279500	0.000000	0.000000	762.410219	11.450282	0.000000	0.000000	0.000000	0.000000
-0.258000	0.000000	0.000000	752.837417	10.967336	0.000000	0.000000	0.000000	0.000000
-0.236500	0.000000	0.000000	743.011332	10.778165	0.000000	0.000000	0.000000	0.000000
-0.215000	0.000000	0.000000	733.348711	11.109871	0.000000	0.000000	0.000000	0.000000
-0.193500	0.000000	0.000000	723.877787	10.338345	0.000000	0.000000	0.000000	0.000000
-0.172000	0.000000	0.000000	714.510671	9.926759	0.000000	0.000000	0.000000	0.000000
-0.150500	0.000000	0.000000	705.360966	10.465703	0.000000	0.000000	0.000000	0.000000
-0.129000	0.000000	0.000000	697.240600	11.491167	0.000000	0.000000	0.000000	0.000000
-0.107500	0.000000	0.000000	691.007424	10.719053	0.000000	0.000000	0.000000	0.000000
-0.086000	0.000000	0.000000	684.785671	11.837884	0.000000	0.000000	0.000000	0.000000
-0.064500	0.000000	0.000000	680.432134	11.903546	0.000000	0.000000	0.000000	0.000000
-0.043000	0.000000	0.000000	676.990503	11.887472	0.000000	0.000000	0.000000	0.000000
-0.021500	0.000000	0.000000	675.236240	12.004960	0.000000	0.000000	0.000000	0.000000
0.000000	0.000000	0.000000	674.350018	11.840495	0.000000	0.000000	0.000000	0.000000
0.021500	0.000000	0.000000	676.943024	11.385320	0.000000	0.000000	0.000000	0.000000
0.043000	0.000000	0.000000	679.032022	10.846396	0.000000	0.000000	0.000000	0.000000
0.064500	0.000000	0.000000	682.735740	10.068960	0.000000	0.000000	0.000000	0.000000
0.086000	0.000000	0.000000	687.761285	9.437244	0.000000	0.000000	0.000000	0.000000
0.107500	0.000000	0.000000	694.402591	8.522866	0.000000	0.000000	0.000000	0.000000
0.129000	0.000000	0.000000	700.616336	8.429015	0.000000	0.000000	0.000000	0.000000
0.150500	0.000000	0.000000	709.144651	9.116425	0.000000	0.000000	0.000000	0.000000
0.172000	0.000000	0.000000	718.160094	9.539080	0.000000	0.000000	0.000000	0.000000
0.193500	0.000000	0.000000	727.234132	10.179788	0.000000	0.000000	0.000000	0.000000
0.215000	0.000000	0.000000	736.155879	10.909077	0.000000	0.000000	0.000000	0.000000
0.236500	0.000000	0.000000	745.909349	12.238850	0.000000	0.000000	0.000000	0.000000
0.258000	0.000000	0.000000	755.240917	12.989144	0.000000	0.000000	0.000000	0.000000
0.279500	0.000000	0.000000	764.681654	13.155598	0.000009	0.000000	0.000009	0.000000
0.301000	0.000000	0.000000	773.105439	13.644701	0.000000	0.000000	0.000000	0.000000
0.322500	0.000000	0.000000	781.730822	14.015951	0.000147	0.000791	0.000147	0.000791
0.344000	0.000149	0.000800	789.441037	13.569891	0.000031	0.000000	0.000031	0.000000
0.365500	0.000000	0.000000	796.716188	13.167212	0.000046	0.000000	0.000046	0.000000
0.387000	0.000898	0.003713	803.284197	11.905931	0.000062	0.000335	0.000062	0.000335
0.408500	0.002091	0.007931	809.427663	10.968431	0.000179	0.000831	0.000179	0.000831
0.430000	0.003992	0.013158	815.497938	9.423507	0.000355	0.001369	0.000355	0.001369
0.451500	0.007459	0.021971	820.145557	9.168949	0.000939	0.004749	0.000939	0.004749
0.473000	0.019872	0.058785	825.665609	8.214837	0.000892	0.003432	0.000892	0.003432
0.494500	0.042464	0.107884	829.674514	7.947931	0.001200	0.003561	0.001200	0.003561
0.516000	0.069200	0.170595	833.805778	6.955932	0.003176	0.011019	0.003176	0.011019
0.537500	0.130293	0.297561	837.137876	6.939162	0.004297	0.014392	0.004297	0.014392
0.559000	0.189247	0.398987	839.837414	6.778291	0.007892	0.029076	0.007892	0.029076
0.580500	0.281476	0.514975	842.687493	6.371703	0.014514	0.060158	0.014514	0.060158
0.602000	0.401758	0.679675	844.503179	6.151251	0.024231	0.091246	0.024231	0.091246
0.623500	0.539049	0.844477	847.097269	6.195986	0.033943	0.106282	0.033943	0.106282
0.645000	0.738805	1.031221	848.615024	6.557587	0.053074	0.144957	0.053074	0.144957
0.666500	0.979488	1.236006	850.682062	5.439830	0.075929	0.196766	0.075929	0.196766
0.688000	1.298206	1.491004	851.908949	5.720960	0.108518	0.215314	0.108518	0.215314
0.709500	1.668358	1.747752	853.602293	5.523063	0.147179	0.241335	0.147179	0.241335
0.731000	2.140126	2.084540	854.548214	5.280067	0.214544	0.311840	0.214544	0.311840
0.752500	2.683557	2.418918	854.834606	5.251150	0.280492	0.380028	0.280492	0.380028
0.774000	3.267604	2.749900	856.328697	4.867290	0.372724	0.485130	0.372724	0.485130
0.795500	3.938846	3.147287	856.926112	4.322505	0.481015	0.596557	0.481015	0.596557
0.817000	4.674776	3.518161	856.970066	3.688755	0.604806	0.713318	0.604806	0.713318
0.838500	5.493266	3.913946	857.344045	3.808426	0.739874	0.829238	0.739874	0.829238
0.860000	6.385095	4.307677	857.201211	3.694724	0.872679	0.911704	0.872679	0.911704
0.881500	7.467134	4.690810	857.668796	4.071592	1.023681	1.029849	1.023681	1.029849
0.903000	8.750170	5.172163	856.998898	3.960289	1.208456	1.148055	1.208456	1.148055
0.924500	10.257375	5.765666	857.143041	4.534193	1.385443	1.257042	1.385443	1.257042
0.946000	12.207337	6.460412	855.906371	5.078517	1.570324	1.354481	1.570324	1.354481
0.967500	14.376073	7.206679	854.771657	5.584698	1.777413	1.456468	1.777413	1.456468
0.989000	17.017890	8.253600	853.205128	6.093054	1.975913	1.528271	1.975888	1.528286
1.010500	20.243570	9.350576	851.854792	6.532632	2.186740	1.682759	2.185745	1.682874
1.032000	24.045922	10.613111	850.259449	6.767867	2.462887	1.768582	2.458472	1.768183
1.053500	28.442037	12.290623	847.406309	7.943338	2.731438	1.878794	2.725558	1.877842
1.075000	33.755955	13.967954	844.656942	8.567394	3.077340	2.089619	3.063680	2.084760
1.096500	39.750734	15.587357	841.222242	9.399422	3.492866	2.278293	3.466958	2.271632
1.118000	46.838450	17.185027	838.390602	10.272870	3.929971	2.582657	3.886928	2.573945
1.139500	54.634808	18.639333	834.266281	11.216482	4.540961	2.897564	4.467349	2.868068
1.161000	63.571799	20.109198	828.994394	12.643602	5.289984	3.237576	5.171478	3.172119
1.182500	73.528083	21.410429	823.460339	13.655808	6.254067	3.753353	6.076687	3.661442
1.204000	84.982821	22.612615	815.721972	14.071462	7.435764	4.219765	7.179354	4.055371
1.225500	97.481461	23.812531	808.125945	15.325425	8.846395	4.744674	8.476555	4.480364
1.247000	111.564594	24.732668	799.638691	16.353509	10.504317	5.151465	10.005107	4.800349
1.268500	127.305007	25.722446	789.316312	17.837706	12.517897	5.541574	11.820341	5.049817
1.290000	144.288697	27.045639	778.310813	18.771501	14.997055	6.029213	14.103623	5.446260
1.311500	163.311167	28.500543	765.505552	19.917187	17.808042	6.466689	16.676260	5.769432
1.333000	184.120694	29.712069	751.308471	21.548673	21.168267	6.933465	19.774178	6.155495
1.354500	206.849828	31.345253	735.744760	22.731800	25.094908	7.494406	23.382176	6.641238
1.376000	231.463188	33.525597	719.452227	23.300468	29.584094	8.101667	27.437251	7.242208
1.397500	258.150504	35.911639	700.750859	25.249066	34.705873	8.889416	32.043739	7.960906
1.419000	286.811489	38.987397	680.858187	27.505379	40.446183	9.867367	37.152570	8.866104
1.440500	318.011434	41.347573	659.589883	29.426536	46.963978	10.632849	42.847611	9.538031
1.462000	350.649722	44.711931	637.378154	31.751696	53.899400	11.374124	48.878044	10.208151
1.483500	385.835897	48.265559	613.561379	34.187710	61.583606	12.246503	55.368058	10.986952
1.505000	422.360112	51.839215	588.074961	35.624823	69.869204	12.889705	62.247852	11.537026
1.526500	460.610703	55.506922	562.026046	37.448450	78.758417	13.509506	69.453963	11.968976
1.548000	500.265296	58.763623	534.804007	38.581941	88.422362	14.226474	77.391894	12.504395
1.569500	539.811813	60.576177	506.477813	39.934462	98.356786	14.949159	85.183246	12.865144
1.591000	580.424573	62.136941	477.860405	40.359227	108.684556	15.553622	93.307777	13.019656
1.612500	621.549377	62.510960	449.058485	40.484950	119.606272	16.271976	101.795936	13.217396
1.634000	661.761911	61.812705	419.588955	40.545900	131.009445	16.887016	110.578891	13.276225
1.655500	702.484094	60.843555	390.638982	40.833361	142.663262	17.381911	119.452357	13.431573
1.677000	741.332406	59.609165	361.891293	40.753299	154.896937	17.958573	128.768177	13.596850
1.698500	778.477186	57.174771	333.594037	39.669263	167.349251	18.143251	138.311447	13.573045
1.720000	814.808010	55.619269	305.523501	39.367454	180.133167	18.792210	148.166706	14.037393
1.741500	848.877029	53.470355	278.569184	38.118306	192.842958	18.717017	158.097060	14.109384
1.763000	879.888185	51.635609	252.644543	36.994308	206.001054	19.014757	168.627674	14.490226
1.784500	907.625971	48.616895	228.007990	36.124391	219.336321	19.581176	179.701788	15.112305
1.806000	932.885614	46.506124	205.093226	34.692672	232.672877	19.640770	190.988477	15.552665
1.827500	955.665915	44.354954	182.867126	33.540834	246.148496	20.128310	202.900576	16.710535
1.849000	974.925195	42.722422	162.314477	31.872728	259.589415	20.227824	215.618865	17.542393
1.870500	990.561957	39.837835	143.524961	30.430579	272.416336	20.353166	228.120063	18.358797
1.892000	1003.187261	38.318563	125.808820	28.429276	285.731280	21.156753	241.801401	19.636596
1.913500	1012.788606	35.090321	109.869101	26.686025	298.261209	21.529999	255.103369	20.780218
1.935000	1018.301438	32.933111	95.352609	24.730715	311.703633	21.517766	269.664493	21.362871
1.956500	1020.936327	29.650526	81.873174	22.786425	323.949113	22.117744	283.324984	22.510249
1.978000	1021.457524	27.846629	70.175456	20.819119	336.973884	22.414925	297.994326	23.538116
1.999500	1017.398715	26.507813	59.923238	18.723615	348.989272	22.094630	311.724087	23.711938
2.021000	1011.533113	25.341437	50.680267	17.078300	361.854968	22.718083	326.450744	24.544099
2.042500	1002.575444	25.459262	42.870740	15.178411	374.426661	23.329880	340.733940	25.485563
2.064000	989.668993	26.256565	36.031382	13.656542	387.668855	22.656724	355.477221	24.809820
2.085500	975.809174	29.039656	30.058123	12.168921	400.630732	23.476692	370.001430	25.804379
2.107000	960.049299	31.189248	25.045395	10.722057	413.762650	23.444550	384.606161	25.664584
2.128500	940.962409	33.430029	20.724263	9.241985	427.153646	23.249018	399.432312	25.572818
2.150000	919.819169	35.136636	17.027184	8.039457	441.540334	23.053359	415.005850	25.324232
2.171500	896.677757	37.572809	13.903533	6.752400	455.379230	22.889253	429.940633	25.156305
2.193000	870.712703	40.161958	11.345980	5.894537	469.183035	22.774773	444.751340	24.839234
2.214500	843.023028	43.198756	9.154570	4.971862	483.828707	22.795351	460.138047	24.718903
2.236000	813.410118	46.150441	7.283647	4.098639	499.632685	23.524312	476.370667	25.028808
2.257500	782.197252	48.826819	5.806986	3.385051	514.568947	23.763545	491.802398	25.155843
2.279000	749.488142	51.247287	4.593730	2.789553	531.227087	24.780863	508.590618	25.870149
2.300500	715.505662	54.384390	3.587821	2.296613	548.406326	25.654355	525.726090	26.472027
2.322000	680.872659	56.598066	2.786173	1.848853	566.058070	27.199512	543.264226	27.526053
2.343500	645.839402	58.750594	2.114051	1.535537	583.948555	28.063714	560.723567	28.146163
2.365000	609.113933	61.227274	1.600527	1.204051	602.516953	28.799316	578.666733	28.786090
2.386500	572.504100	61.729067	1.218112	1.000363	621.881542	28.777607	597.360979	28.601127
2.408000	535.172659	62.569395	0.915766	0.802938	640.871111	30.169716	615.431464	29.819458
2.429500	497.668770	61.754195	0.681060	0.649616	660.022721	30.150616	633.770647	29.686348
2.451000	461.485780	61.030361	0.490069	0.530007	679.804221	31.683803	652.659488	30.793155
2.472500	425.844193	60.393505	0.360497	0.415682	699.797942	32.583408	671.618160	31.408973
2.494000	390.656609	58.688130	0.249551	0.303682	719.413670	33.071586	690.265144	31.765625
2.515500	357.233078	56.809101	0.168218	0.233756	739.568475	33.603993	709.131009	32.019346
2.537000	325.439640	54.726945	0.114694	0.175642	759.674315	33.793999	728.041213	32.266611
2.558500	294.929372	52.187346	0.071624	0.110958	779.382027	34.176227	746.520528	32.340429
2.580000	266.489952	49.719778	0.045665	0.074536	798.740096	33.035650	764.570555	31.471829
2.601500	239.452776	46.781720	0.031692	0.059761	817.913943	32.332009	782.577393	30.975940
2.623000	214.578280	44.259305	0.019137	0.036103	836.283296	31.432527	800.032088	30.162735
2.644500	190.920767	41.650369	0.011392	0.019950	854.141635	30.454505	816.914862	29.356007
2.666000	169.096495	38.962621	0.008370	0.016175	869.847925	29.155143	832.022127	28.034104
2.687500	149.418926	35.965506	0.003765	0.007341	885.646364	28.601695	847.435100	27.706450
2.709000	131.254673	33.330776	0.002137	0.004560	901.438138	26.252948	862.677573	25.665397
2.730500	114.947562	30.528691	0.001130	0.002753	914.343975	24.539208	875.368281	24.064869
2.752000	100.020930	27.715914	0.000133	0.000716	927.145627	22.593134	888.381236	22.181438
2.773500	86.576531	25.263259	0.000000	0.000000	936.929578	20.677917	898.466490	20.353932
2.795000	74.576509	22.937939	0.000322	0.001217	947.486863	18.732787	909.186114	18.445239
2.816500	63.590235	20.361029	0.000076	0.000408	956.095221	16.888833	917.965189	16.977883
2.838000	53.826022	18.163335	0.000000	0.000000	964.126753	14.773161	926.527517	15.147988
2.859500	45.111577	15.662304	0.000000	0.000000	971.143020	13.986246	934.529322	14.281602
2.881000	37.619991	13.573781	0.000000	0.000000	977.413821	12.265776	941.306044	12.530155
2.902500	31.061514	11.606251	0.000000	0.000000	982.570247	11.269879	947.298464	11.680543
2.924000	25.440497	9.973045	0.000000	0.000000	987.282496	9.401358	952.975947	9.999079
2.945500	20.485208	8.449150	0.000000	0.000000	991.744404	8.771681	958.236621	9.518377
2.967000	16.443809	7.163347	0.000000	0.000000	995.168973	7.331904	962.478404	8.158514
2.988500	13.009709	5.961139	0.000000	0.000000	997.949293	5.837760	966.280143	6.974034
3.010000	10.396147	5.121634	0.000000	0.000000	1001.053451	5.388984	970.399565	6.561233
3.031500	8.149129	4.345573	0.000000	0.000000	1002.877347	4.122272	973.297941	5.431503
3.053000	6.409854	3.734914	0.000000	0.000000	1004.966630	3.321384	976.492114	4.355670
3.074500	4.952294	3.160220	0.000000	0.000000	1005.570404	2.878077	978.139285	3.962683
3.096000	3.836461	2.689490	0.000000	0.000000	1006.426802	2.673344	980.086482	3.775864
3.117500	2.998643	2.250998	0.000000	0.000000	1006.838820	2.649801	981.639539	3.673908
3.139000	2.277912	1.886885	0.000000	0.000000	1007.475333	2.156521	983.203835	3.063712
3.160500	1.779559	1.617608	0.000000	0.000000	1006.759742	1.948061	983.519198	2.502682
3.182000	1.343383	1.368994	0.000000	0.000000	1007.208856	2.620500	984.939937	2.825034
3.203500	0.987169	1.103886	0.000000	0.000000	1006.533180	2.111989	985.332440	2.764852
3.225000	0.773655	0.966801	0.000000	0.000000	1006.485016	2.280551	986.281688	2.317876
3.246500	0.612647	0.804939	0.000000	0.000000	1005.577886	1.419156	986.246176	1.980708
3.268000	0.477243	0.692357	0.000000	0.000000	1005.294040	2.443300	986.909235	2.341587
3.289500	0.349537	0.543549	0.000000	0.000000	1004.611052	1.983467	986.954450	2.254885
3.311000	0.276776	0.474686	0.000000	0.000000	1004.504596	2.252300	987.580265	2.238496
3.332500	0.208420	0.397596	0.000000	0.000000	1004.503498	1.945139	988.053513	2.007792
3.354000	0.153771	0.322006	0.000000	0.000000	1003.615791	2.003638	987.944386	2.217300
3.375500	0.123560	0.282973	0.000000	0.000000	1003.734194	1.681062	988.688344	1.673113
3.397000	0.083116	0.213205	0.000000	0.000000	1004.090380	2.114200	989.610573	1.780793
3.418500	0.064960	0.184604	0.000000	0.000000	1003.781507	1.823154	989.801169	1.883576
3.440000	0.048028	0.145276	0.000000	0.000000	1002.775952	2.341631	989.327872	2.155037
3.461500	0.033680	0.102023	0.000000	0.000000	1002.632507	2.598869	989.784444	2.330968
3.483000	0.022005	0.071361	0.000000	0.000000	1003.369172	2.107664	990.814870	1.884326
3.504500	0.016664	0.057829	0.000000	0.000000	1002.815505	2.481749	990.810787	2.096617
3.526000	0.010321	0.040250	0.000000	0.000000	1002.376848	1.540810	990.678323	1.362274
3.547500	0.006773	0.022978	0.000000	0.000000	1002.381630	2.095600	991.087465	1.883358
3.569000	0.003706	0.016301	0.000000	0.000000	1002.222688	1.981139	991.301942	1.922441
3.590500	0.001526	0.006131	0.000000	0.000000	1002.395909	2.157001	991.882405	2.352054
3.612000	0.001521	0.007048	0.000000	0.000000	1001.868815	2.295269	991.593960	2.294994
3.633500	0.000390	0.002103	0.000000	0.000000	1001.416369	1.483620	991.285763	1.633299
3.655000	0.000000	0.000000	0.000000	0.000000	1001.307067	1.581654	991.501050	1.981646
3.676500	0.000138	0.000743	0.000000	0.000000	1001.698248	1.983004	992.037885	2.142675
3.698000	0.000000	0.000000	0.000000	0.000000	1000.697106	1.956280	991.258308	1.625860
3.719500	0.000000	0.000000	0.000000	0.000000	1001.192479	2.086455	991.943734	1.982258
3.741000	0.000000	0.000000	0.000000	0.000000	1001.100946	1.710381	992.119127	1.710081
3.762500	0.000000	0.000000	0.000000	0.000000	1001.210109	2.021382	992.488690	2.209837
3.784000	0.000000	0.000000	0.000000	0.000000	1000.955766	1.975686	992.354171	1.730066
3.805500	0.000000	0.000000	0.000000	0.000000	1001.037467	1.655553	992.617093	1.698236
3.827000	0.000000	0.000000	0.000000	0.000000	1001.015114	1.644433	992.785782	1.573234
3.848500	0.000000	0.000000	0.000000	0.000000	1000.034319	2.024450	991.946143	1.898454
3.870000	0.000000	0.000000	0.000000	0.000000	1001.307275	1.831019	993.210693	1.917035
3.891500	0.000000	0.000000	0.000000	0.000000	1001.087666	1.946533	993.178998	1.825362
3.913000	0.000000	0.000000	0.000000	0.000000	1001.088092	2.081947	993.370902	1.836826
3.934500	0.000000	0.000000	0.000000	0.000000	1001.099200	1.702013	993.435191	1.806270
3.956000	0.000000	0.000000	0.000000	0.000000	1001.051057	1.664887	993.592722	1.597457
3.977500	0.000000	0.000000	0.000000	0.000000	1000.414688	1.589676	993.087150	1.523774
3.999000	0.000000	0.000000	0.000000	0.000000	1000.843653	1.751414	993.573593	1.686309
4.020500	0.000000	0.000000	0.000000	0.000000	999.716361	1.633409	992.684186	1.412850
4.042000	0.000000	0.000000	0.000000	0.000000	999.907847	1.769998	992.902639	1.688582
4.063500	0.000000	0.000000	0.000000	0.000000	999.888535	2.374914	993.027741	1.812469
4.085000	0.000000	0.000000	0.000000	0.000000	1000.306404	2.269281	993.529704	1.992791
4.106500	0.000000	0.000000	0.000000	0.000000	1000.308720	1.787130	993.631942	1.972526
4.128000	0.000000	0.000000	0.000000	0.000000	1000.132963	1.666465	993.502022	1.561757
4.149500	0.000000	0.000000	0.000000	0.000000	1000.479732	1.602767	993.937603	1.590678
4.171000	0.000000	0.000000	0.000000	0.000000	1000.759238	1.800632	994.306156	1.730897
4.192500	0.000000	0.000000	0.000000	0.000000	999.955889	2.231169	993.565729	2.221758
4.214000	0.000000	0.000000	0.000000	0.000000	1000.554892	1.592207	994.242131	1.479384
4.235500	0.000000	0.000000	0.000000	0.000000	1000.096427	1.915890	993.928456	1.791229
4.257000	0.000000	0.000000	0.000000	0.000000	1000.302569	2.128649	994.136557	1.868952
4.278500	0.000000	0.000000	0.000000	0.000000	999.718550	1.434170	993.622243	1.462682
4.300000	0.000000	0.000000	0.000000	0.000000	999.763098	2.310720	993.797034	2.163830
4.321500	0.000000	0.000000	0.000000	0.000000	1000.502523	1.981631	994.498511	2.065385
4.343000	0.000000	0.000000	0.000000	0.000000	1000.125275	1.568056	994.171721	1.521620
4.364500	0.000000	0.000000	0.000000	0.000000	1000.155260	1.769797	994.307045	1.559343
4.386000	0.000000	0.000000	0.000000	0.000000	1000.086035	2.197580	994.216485	2.009094
4.407500	0.000000	0.000000	0.000000	0.000000	999.707527	2.005348	993.883767	1.762901
4.429000	0.000000	0.000000	0.000000	0.000000	999.798056	2.096149	993.988803	1.968760
4.450500	0.000000	0.000000	0.000000	0.000000	999.400867	1.996692	993.720086	1.748162
4.472000	0.000000	0.000000	0.000000	0.000000	999.871656	1.957892	994.234506	2.011576
4.493500	0.000000	0.000000	0.000000	0.000000	999.716910	1.747199	994.029859	1.519082
4.515000	0.000000	0.000000	0.000000	0.000000	1000.012770	1.921457	994.312968	1.954186
4.536500	0.000000	0.000000	0.000000	0.000000	1000.445011	1.707013	994.873049	1.743532
4.558000	0.000000	0.000000	0.000000	0.000000	1000.299366	1.956210	994.734431	1.945146
4.579500	0.000000	0.000000	0.000000	0.000000	1000.186935	2.402563	994.721998	1.939124
4.601000	0.000000	0.000000	0.000000	0.000000	1000.002561	2.271253	994.459908	2.209325
4.622500	0.000000	0.000000	0.000000	0.000000	1000.373149	2.108521	994.827020	1.990728
4.644000	0.000000	0.000000	0.000000	0.000000	999.608941	1.922071	994.164506	1.677281
4.665500	0.000000	0.000000	0.000000	0.000000	1000.322035	2.115199	994.853225	1.855461
4.687000	0.000000	0.000000	0.000000	0.000000	1000.164965	1.942374	994.746384	2.032338
4.708500	0.000000	0.000000	0.000000	0.000000	1000.054340	1.912367	994.717675	1.631597
4.730000	0.000000	0.000000	0.000000	0.000000	1000.089397	1.865456	994.794113	1.884044
4.751500	0.000000	0.000000	0.000000	0.000000	1000.364728	2.209255	995.129273	2.005443
4.773000	0.000000	0.000000	0.000000	0.000000	999.421295	2.189122	994.213113	1.949451
4.794500	0.000000	0.000000	0.000000	0.000000	1000.046175	1.827477	994.895648	1.801469
4.816000	0.000000	0.000000	0.000000	0.000000	999.379928	2.235945	994.282787	2.169970
4.837500	0.000000	0.000000	0.000000	0.000000	999.621637	1.914255	994.461068	1.635751
4.859000	0.000000	0.000000	0.000000	0.000000	999.585538	2.086107	994.453809	2.013136
4.880500	0.000000	0.000000	0.000000	0.000000	999.621880	1.821823	994.543859	1.471719
4.902000	0.000000	0.000000	0.000000	0.000000	1000.169158	1.442103	995.146994	1.454586
4.923500	0.000000	0.000000	0.000000	0.000000	1000.136456	1.876704	995.114904	1.785911
4.945000	0.000000	0.000000	0.000000	0.000000	1000.423953	1.836381	995.355649	1.822159
4.966500	0.000000	0.000000	0.000000	0.000000	999.956866	1.853183	994.924235	1.510928
4.988000	0.000000	0.000000	0.000000	0.000000	1000.230446	2.138366	995.187989	2.154904
5.009500	0.000000	0.000000	0.000000	0.000000	999.848397	1.946681	994.805129	1.464355
5.031000	0.000000	0.000000	0.000000	0.000000	999.686931	1.926586	994.615162	2.107715
5.052500	0.000000	0.000000	0.000000	0.000000	999.709844	1.952038	994.703801	2.016083
5.074000	0.000000	0.000000	0.000000	0.000000	999.493954	1.652245	994.539783	1.526691
5.095500	0.000000	0.000000	0.000000	0.000000	999.829604	2.194634	994.854309	2.009282
5.117000	0.000000	0.000000	0.000000	0.000000	1000.331743	2.437327	995.392617	2.133028
5.138500	0.000000	0.000000	0.000000	0.000000	999.555261	1.967917	994.649407	1.648822
5.160000	0.000000	0.000000	0.000000	0.000000	1000.751078	1.949871	995.910696	1.882641
5.181500	0.000000	0.000000	0.000000	0.000000	999.516196	2.363900	994.624473	2.127238
5.203000	0.000000	0.000000	0.000000	0.000000	999.096706	1.520073	994.208243	1.475717
5.224500	0.000000	0.000000	0.000000	0.000000	1000.023090	2.439720	995.147631	2.118641
5.246000	0.000000	0.000000	0.000000	0.000000	999.471483	2.391874	994.660831	2.030338
5.267500	0.000000	0.000000	0.000000	0.000000	1000.217767	2.262595	995.418479	1.820147
5.289000	0.000000	0.000000	0.000000	0.000000	1000.169954	2.201647	995.421969	2.085228
5.310500	0.000000	0.000000	0.000000	0.000000	999.858508	1.701583	995.130837	1.875264
5.332000	0.000000	0.000000	0.000000	0.000000	1000.068247	1.759640	995.301859	1.670430
5.353500	0.000000	0.000000	0.000000	0.000000	999.883797	1.566597	995.116466	1.718365
5.375000	0.000000	0.000000	0.000000	0.000000	999.140029	2.166635	994.418373	2.023790
5.396500	0.000000	0.000000	0.000000	0.000000	999.752059	1.781196	995.127136	1.817767
5.418000	0.000000	0.000000	0.000000	0.000000	999.314755	1.864217	994.614136	1.676952
5.439500	0.000000	0.000000	0.000000	0.000000	999.718524	1.858514	995.042713	1.571418
5.461000	0.000000	0.000000	0.000000	0.000000	999.816809	1.784418	995.152943	1.634370
5.482500	0.000000	0.000000	0.000000	0.000000	999.777411	1.808014	995.090167	1.573024
5.504000	0.000000	0.000000	0.000000	0.000000	1000.099215	2.144883	995.404870	1.826068
5.525500	0.000000	0.000000	0.000000	0.000000	1000.193454	1.915281	995.657338	1.795319
5.547000	0.000000	0.000000	0.000000	0.000000	1000.149609	1.810704	995.572229	1.757547
5.568500	0.000000	0.000000	0.000000	0.000000	999.833390	2.366130	995.255475	2.192880
5.590000	0.000000	0.000000	0.000000	0.000000	999.691530	2.249121	995.198326	2.034911
5.611500	0.000000	0.000000	0.000000	0.000000	999.968096	1.997082	995.431485	1.973838
5.633000	0.000000	0.000000	0.000000	0.000000	999.285750	1.630826	994.729635	1.804884
5.654500	0.000000	0.000000	0.000000	0.000000	999.753462	2.365613	995.152398	2.331458
5.676000	0.000000	0.000000	0.000000	0.000000	999.412185	1.893727	994.921009	1.764098
5.697500	0.000000	0.000000	0.000000	0.000000	999.613166	2.132997	995.085235	2.015660
5.719000	0.000000	0.000000	0.000000	0.000000	999.628920	2.195269	995.079057	2.134179
5.740500	0.000000	0.000000	0.000000	0.000000	999.734512	1.890255	995.260067	1.784251
5.762000	0.000000	0.000000	0.000000	0.000000	999.993031	2.150134	995.570274	1.961266
5.783500	0.000000	0.000000	0.000000	0.000000	999.526670	1.673556	995.127900	1.618406
5.805000	0.000000	0.000000	0.000000	0.000000	999.808514	2.020149	995.445366	1.828359
5.826500	0.000000	0.000000	0.000000	0.000000	999.639710	2.054109	995.269610	1.949639
5.848000	0.000000	0.000000	0.000000	0.000000	999.963067	2.042366	995.614176	1.781350
5.869500	0.000000	0.000000	0.000000	0.000000	1000.067968	2.201153	995.720449	2.055491
5.891000	0.000000	0.000000	0.000000	0.000000	999.697363	1.777885	995.380224	1.840801
5.912500	0.000000	0.000000	0.000000	0.000000	999.494759	1.695366	995.123153	1.604366
5.934000	0.000000	0.000000	0.000000	0.000000	999.607455	2.053026	995.260155	2.022177
5.955500	0.000000	0.000000	0.000000	0.000000	999.180272	2.018663	994.882056	2.156630
5.977000	0.000000	0.000000	0.000000	0.000000	999.447830	2.092849	995.125439	2.276767
5.998500	0.000000	0.000000	0.000000	0.000000	999.098518	1.880830	994.820971	1.787691
6.020000	0.000000	0.000000	0.000000	0.000000	999.092635	1.446827	994.791887	1.629367
6.041500	0.000000	0.000000	0.000000	0.000000	1000.107087	1.648985	995.721346	1.530937
6.063000	0.000000	0.000000	0.000000	0.000000	1000.008725	2.250389	995.667752	1.932079
6.084500	0.000000	0.000000	0.000000	0.000000	999.614406	2.275203	995.304366	2.264082
6.106000	0.000000	0.000000	0.000000	0.000000	999.679596	1.919296	995.368021	1.864887
6.127500	0.000000	0.000000	0.000000	0.000000	999.253767	1.894094	994.907254	1.545925
6.149000	0.000000	0.000000	0.000000	0.000000	999.718218	2.076931	995.307918	2.092180
6.170500	0.000000	0.000000	0.000000	0.000000	999.388293	2.427011	994.969158	2.176462
6.192000	0.000000	0.000000	0.000000	0.000000	998.969024	1.902619	994.521957	1.777142
6.213500	0.000000	0.000000	0.000000	0.000000	999.566464	2.000926	995.153483	1.767617
6.235000	0.000000	0.000000	0.000000	0.000000	999.657589	1.943824	995.282045	1.625538
6.256500	0.000000	0.000000	0.000000	0.000000	999.644287	2.102927	995.294031	2.074457
6.278000	0.000000	0.000000	0.000000	0.000000	999.820142	2.061305	995.493924	1.840360
6.299500	0.000000	0.000000	0.000000	0.000000	1000.434313	1.680524	996.068102	1.616172
6.321000	0.000000	0.000000	0.000000	0.000000	1000.112803	1.813167	995.690596	1.866921
6.342500	0.000000	0.000000	0.000000	0.000000	1000.323956	2.259105	995.886599	2.301832
6.364000	0.000000	0.000000	0.000000	0.000000	999.750900	1.778129	995.332506	1.842169
6.385500	0.000000	0.000000	0.000000	0.000000	999.750955	1.817635	995.337987	1.952095
6.407000	0.000000	0.000000	0.000000	0.000000	999.441007	2.092408	995.036674	2.098923
6.428500	0.000000	0.000000	0.000000	0.000000	999.348326	1.929451	994.927502	1.453193
6.450000	0.000000	0.000000	0.000000	0.000000	999.065671	2.120962	994.667577	1.876642
6.471500	0.000000	0.000000	0.000000	0.000000	999.621423	1.908257	995.185646	1.746858
6.493000	0.000000	0.000000	0.000000	0.000000	999.985824	2.453630	995.501994	2.260358
6.514500	0.000000	0.000000	0.000000	0.000000	999.520771	1.877463	995.038495	1.683579
6.536000	0.000000	0.000000	0.000000	0.000000	999.828772	1.465960	995.377968	1.298361
6.557500	0.000000	0.000000	0.000000	0.000000	999.504184	1.879365	995.125033	1.653245
6.579000	0.000000	0.000000	0.000000	0.000000	999.746094	1.951718	995.395100	1.934074
6.600500	0.000000	0.000000	0.000000	0.000000	999.495387	2.099107	995.123458	1.785844
6.622000	0.000000	0.000000	0.000000	0.000000	999.666898	1.933125	995.278518	2.086734
6.643500	0.000000	0.000000	0.000000	0.000000	999.711342	2.050346	995.390765	2.213621
6.665000	0.000000	0.000000	0.000000	0.000000	999.971368	1.896933	995.632132	1.911817
6.686500	0.000000	0.000000	0.000000	0.000000	998.971953	1.895393	994.650572	1.834794
6.708000	0.000000	0.000000	0.000000	0.000000	1000.454621	1.687132	996.173644	1.663564
6.729500	0.000000	0.000000	0.000000	0.000000	999.460191	1.732085	995.093720	1.906391
6.751000	0.000000	0.000000	0.000000	0.000000	999.698385	2.286654	995.339353	2.047140
6.772500	0.000000	0.000000	0.000000	0.000000	999.044956	2.069046	994.704074	1.897570
6.794000	0.000000	0.000000	0.000000	0.000000	1000.094722	1.926362	995.743201	1.761005
6.815500	0.000000	0.000000	0.000000	0.000000	999.396010	2.165994	995.024109	1.996419
6.837000	0.000000	0.000000	0.000000	0.000000	999.641138	1.758456	995.209333	1.724686
6.858500	0.000000	0.000000	0.000000	0.000000	999.384873	1.866828	994.975355	1.755203
6.880000	0.000000	0.000000	0.000000	0.000000	999.893718	1.835314	995.535268	1.705603
6.901500	0.000000	0.000000	0.000000	0.000000	999.711374	1.606043	995.259588	1.438950
6.923000	0.000000	0.000000	0.000000	0.000000	999.271571	1.618398	994.840885	1.707980
6.944500	0.000000	0.000000	0.000000	0.000000	999.748938	1.970856	995.307406	1.797781
6.966000	0.000000	0.000000	0.000000	0.000000	999.841004	2.256643	995.431770	2.203879
6.987500	0.000000	0.000000	0.000000	0.000000	999.505883	1.948992	995.144785	2.018373
7.009000	0.000000	0.000000	0.000000	0.000000	999.559367	2.060227	995.189846	1.749603
7.030500	0.000000	0.000000	0.000000	0.000000	999.395944	1.757782	995.072928	1.785900
7.052000	0.000000	0.000000	0.000000	0.000000	999.279184	1.921290	994.926696	1.955591
7.073500	0.000000	0.000000	0.000000	0.000000	1000.078715	1.573998	995.725286	1.435689
7.095000	0.000000	0.000000	0.000000	0.000000	999.645291	1.603628	995.338457	1.317383
7.116500	0.000000	0.000000	0.000000	0.000000	999.911162	1.620709	995.551837	1.488040
7.138000	0.000000	0.000000	0.000000	0.000000	1000.494745	2.327437	996.108281	2.085341
7.159500	0.000000	0.000000	0.000000	0.000000	999.693139	2.117899	995.322402	2.058412
7.181000	0.000000	0.000000	0.000000	0.000000	999.895884	2.047185	995.548126	1.915045
7.202500	0.000000	0.000000	0.000000	0.000000	999.361321	1.953636	995.037580	1.747649
7.224000	0.000000	0.000000	0.000000	0.000000	1000.487465	1.670456	996.150916	1.536388
7.245500	0.000000	0.000000	0.000000	0.000000	999.229527	2.005399	994.974277	1.840755
7.267000	0.000000	0.000000	0.000000	0.000000	999.284317	1.427650	995.073427	1.178731
7.288500	0.000000	0.000000	0.000000	0.000000	999.454683	1.705319	995.196003	1.598000
7.310000	0.000000	0.000000	0.000000	0.000000	999.190534	1.709306	994.939301	1.579247
7.331500	0.000000	0.000000	0.000000	0.000000	999.487479	1.831090	995.212321	1.468032
7.353000	0.000000	0.000000	0.000000	0.000000	999.299784	2.069992	995.062197	1.914053
7.374500	0.000000	0.000000	0.000000	0.000000	999.581410	1.972786	995.310097	1.845261
7.396000	0.000000	0.000000	0.000000	0.000000	1000.066982	1.845408	995.694569	1.626004
7.417500	0.000000	0.000000	0.000000	0.000000	999.234938	1.958664	994.901790	1.525315
7.439000	0.000000	0.000000	0.000000	0.000000	1000.182741	1.832604	995.916237	1.838548
7.460500	0.000000	0.000000	0.000000	0.000000	999.685794	2.678132	995.463308	2.406670
7.482000	0.000000	0.000000	0.000000	0.000000	999.579649	1.759473	995.313568	1.954485
7.503500	0.000000	0.000000	0.000000	0.000000	999.860484	2.109496	995.543550	1.987542
7.525000	0.000000	0.000000	0.000000	0.000000	1000.175483	2.081740	995.879959	2.032145
7.546500	0.000000	0.000000	0.000000	0.000000	999.636184	1.968886	995.408118	1.801410
7.568000	0.000000	0.000000	0.000000	0.000000	999.476345	1.899989	995.263912	1.689863
7.589500	0.000000	0.000000	0.000000	0.000000	1000.026736	1.888533	995.822227	1.711429
7.611000	0.000000	0.000000	0.000000	0.000000	999.668528	1.645005	995.417313	1.481491
7.632500	0.000000	0.000000	0.000000	0.000000	999.480078	1.952142	995.243497	1.790330
7.654000	0.000000	0.000000	0.000000	0.000000	999.539370	2.046793	995.296391	1.933154
7.675500	0.000000	0.000000	0.000000	0.000000	999.408420	1.956655	995.195454	2.040417
7.697000	0.000000	0.000000	0.000000	0.000000	999.623856	1.911514	995.357353	2.108442
7.718500	0.000000	0.000000	0.000000	0.000000	999.357122	1.874128	995.130678	1.685483
7.740000	0.000000	0.000000	0.000000	0.000000	999.404006	1.886497	995.117978	1.810228
7.761500	0.000000	0.000000	0.000000	0.000000	999.638113	2.323018	995.326507	2.110302
7.783000	0.000000	0.000000	0.000000	0.000000	999.655833	1.982168	995.371526	1.639970
7.804500	0.000000	0.000000	0.000000	0.000000	1000.544130	1.990102	996.177700	1.856245
7.826000	0.000000	0.000000	0.000000	0.000000	999.599785	2.445864	995.271591	2.145523
7.847500	0.000000	0.000000	0.000000	0.000000	999.463962	2.009200	995.111213	1.782021
7.869000	0.000000	0.000000	0.000000	0.000000	999.348231	2.312666	994.937295	2.297162
7.890500	0.000000	0.000000	0.000000	0.000000	999.699227	2.073535	995.345987	1.910919
7.912000	0.000000	0.000000	0.000000	0.000000	999.167439	1.771985	994.766620	1.579853
7.933500	0.000000	0.000000	0.000000	0.000000	999.701645	2.356807	995.356380	2.114935
7.955000	0.000000	0.000000	0.000000	0.000000	999.895183	2.120930	995.567180	2.076063
7.976500	0.000000	0.000000	0.000000	0.000000	999.720714	1.640050	995.384139	1.491850
7.998000	0.000000	0.000000	0.000000	0.000000	1000.204764	2.191768	995.858129	2.051467
8.019500	0.000000	0.000000	0.000000	0.000000	1000.772402	2.064753	996.354681	1.843462
8.041000	0.000000	0.000000	0.000000	0.000000	999.583200	2.172662	995.161416	2.015234
8.062500	0.000000	0.000000	0.000000	0.000000	1000.252892	2.110836	995.839170	2.186593
8.084000	0.000000	0.000000	0.000000	0.000000	999.601517	2.252465	995.149577	1.871141
8.105500	0.000000	0.000000	0.000000	0.000000	999.481540	1.696628	995.021260	1.755380
8.127000	0.000000	0.000000	0.000000	0.000000	998.970542	2.256372	994.523485	2.090494
8.148500	0.000000	0.000000	0.000000	0.000000	999.850132	2.191745	995.424792	1.850963
8.170000	0.000000	0.000000	0.000000	0.000000	999.957023	2.250151	995.514746	2.163274
8.191500	0.000000	0.000000	0.000000	0.000000	999.660386	1.787527	995.274968	1.874680
8.213000	0.000000	0.000000	0.000000	0.000000	999.578350	1.841810	995.160538	1.719187
8.234500	0.000000	0.000000	0.000000	0.000000	999.725172	1.798921	995.337170	1.754565
8.256000	0.000000	0.000000	0.000000	0.000000	999.248297	2.031139	994.822272	1.780471
8.277500	0.000000	0.000000	0.000000	0.000000	999.888057	1.651062	995.454410	1.726377
8.299000	0.000000	0.000000	0.000000	0.000000	1000.017875	1.803592	995.643736	1.523011
8.320500	0.000000	0.000000	0.000000	0.000000	998.607485	7.827073	994.206348	7.628590
8.342000	0.000000	0.000000	0.000000	0.000000	966.412924	179.471318	962.136779	178.672912
8.363500	0.000000	0.000000	0.000000	0.000000	966.694322	179.521567	962.344922	178.715175
8.385000	0.000000	0.000000	0.000000	0.000000	966.593406	179.502015	962.252643	178.693644
8.406500	0.000000	0.000000	0.000000	0.000000	966.345125	179.455306	962.068932	178.658319
8.428000	0.000000	0.000000	0.000000	0.000000	966.193177	179.427991	961.921874	178.630862
8.449500	0.000000	0.000000	0.000000	0.000000	966.461183	179.480486	962.183257	178.687202
8.471000	0.000000	0.000000	0.000000	0.000000	954.280382	188.778930	950.135298	187.951300
8.492500	0.000000	0.000000	0.000000	0.000000	904.525428	286.671235	900.622968	285.457211
8.514000	0.000000	0.000000	0.000000	0.000000	873.649936	323.880042	869.872285	322.460153
8.535500	0.000000	0.000000	0.000000	0.000000	808.867235	383.470966	805.371326	381.816262
8.557000	0.000000	0.000000	0.000000	0.000000	773.830803	406.395490	770.466838	404.656461
8.578500	0.000000	0.000000	0.000000	0.000000	717.227111	437.922504	714.135153	436.034936
8.600000	0.000000	0.000000	0.000000	0.000000	580.100387	466.667342	577.573295	464.627208
8.621500	0.000000	0.000000	0.000000	0.000000	438.484556	490.798246	436.598281	488.687193
8.643000	0.000000	0.000000	0.000000	0.000000	423.542244	486.589081	421.701195	484.471946
8.664500	0.000000	0.000000	0.000000	0.000000	332.722535	465.138374	331.308833	463.166594
8.686000	0.000000	0.000000	0.000000	0.000000	248.997095	420.099273	247.987086	418.406875
8.707500	0.000000	0.000000	0.000000	0.000000	233.471708	423.205988	232.531890	421.501431
8.729000	0.000000	0.000000	0.000000	0.000000	214.080840	400.343087	213.177274	398.623643
8.750500	0.000000	0.000000	0.000000	0.000000	155.144892	350.212733	154.468195	348.652338
8.772000	0.000000	0.000000	0.000000	0.000000	95.728914	277.493711	95.251161	276.078505
8.793500	0.000000	0.000000	0.000000	0.000000	66.557832	249.036605	66.209811	247.734486
8.815000	0.000000	0.000000	0.000000	0.000000	66.529334	248.929973	66.182316	247.631610
8.836500	0.000000	0.000000	0.000000	0.000000	65.694194	245.834360	65.341277	244.511486
8.858000	0.000000	0.000000	0.000000	0.000000	33.267157	179.149124	33.058582	178.025912
8.879500	0.000000	0.000000	0.000000	0.000000	33.363958	179.670413	33.154858	178.544374
8.901000	0.000000	0.000000	0.000000	0.000000	33.299598	179.323824	33.091542	178.203406
8.922500	0.000000	0.000000	0.000000	0.000000	33.397407	179.850543	33.198490	178.779342
8.944000	0.000000	0.000000	0.000000	0.000000	33.392773	179.825587	33.202027	178.798390
8.965500	0.000000	0.000000	0.000000	0.000000	33.414093	179.940398	33.214823	178.867295
8.987000	0.000000	0.000000	0.000000	0.000000	33.357351	179.634834	33.160849	178.576635
9.008500	0.000000	0.000000	0.000000	0.000000	6.839647	36.832624	6.798273	36.609820
9.030000	0.000000	0.000000	0.000000	0.000000	0.000000	0.000000	0.000000	0.000000
9.051500	0.000000	0.000000	0.000000	0.000000	0.000000	0.000000	0.000000	0.000000
9.073000	0.000000	0.000000	0.000000	0.000000	0.000000	0.000000	0.000000	0.000000
9.094500	0.000000	0.000000	0.000000	0.000000	0.000000	0.000000	0.000000	0.000000
9.116000	0.000000	0.000000	0.000000	0.000000	0.000000	0.000000	0.000000	0.000000
9.137500	0.000000	0.000000	0.000000	0.000000	0.000000	0.000000	0.000000	0.000000
9.159000	0.000000	0.000000	0.000000	0.000000	0.000000	0.000000	0.000000	0.000000
9.180500	0.000000	0.000000	0.000000	0.000000	0.000000	0.000000	0.000000	0.000000
9.202000	0.000000	0.000000	0.000000	0.000000	0.000000	0.000000	0.000000	0.000000
9.223500	0.000000	0.000000	0.000000	0.000000	0.000000	0.000000	0.000000	0.000000
9.245000	0.000000	0.000000	0.000000	0.000000	0.000000	0.000000	0.000000	0.000000
9.266500	0.000000	0.000000	0.000000	0.000000	0.000000	0.000000	0.000000	0.000000
9.288000	0.000000	0.000000	0.000000	0.000000	0.000000	0.000000	0.000000	0.000000
9.309500	0.000000	0.000000	0.000000	0.000000	0.000000	0.000000	0.000000	0.000000
9.331000	0.000000	0.000000	0.000000	0.000000	0.000000	0.000000	0.000000	0.000000
9.352500	0.000000	0.000000	0.000000	0.000000	0.000000	0.000000	0.000000	0.000000
9.374000	0.000000	0.000000	0.000000	0.000000	0.000000	0.000000	0.000000	0.000000
9.395500	0.000000	0.000000	0.000000	0.000000	0.000000	0.000000	0.000000	0.000000
9.417000	0.000000	0.000000	0.000000	0.000000	0.000000	0.000000	0.000000	0.000000
9.438500	0.000000	0.000000	0.000000	0.000000	0.000000	0.000000	0.000000	0.000000
9.460000	0.000000	0.000000	0.000000	0.000000	0.000000	0.000000	0.000000	0.000000
9.481500	0.000000	0.000000	0.000000	0.000000	0.000000	0.000000	0.000000	0.000000
9.503000	0.000000	0.000000	0.000000	0.000000	0.000000	0.000000	0.000000	0.000000
9.524500	0.000000	0.000000	0.000000	0.000000	0.000000	0.000000	0.000000	0.000000
9.546000	0.000000	0.000000	0.000000	0.000000	0.000000	0.000000	0.000000	0.000000
9.567500	0.000000	0.000000	0.000000	0.000000	0.000000	0.000000	0.000000	0.000000
9.589000	0.000000	0.000000	0.000000	0.000000	0.000000	0.000000	0.000000	0.000000
9.610500	0.000000	0.000000	0.000000	0.000000	0.000000	0.000000	0.000000	0.000000
9.632000	0.000000	0.000000	0.000000	0.000000	0.000000	0.000000	0.000000	0.000000
9.653500	0.000000	0.000000	0.000000	0.000000	0.000000	0.000000	0.000000	0.000000
9.675000	0.000000	0.000000	0.000000	0.000000	0.000000	0.000000	0.000000	0.000000
9.696500	0.000000	0.000000	0.000000	0.000000	0.000000	0.000000	0.000000	0.000000
9.718000	0.000000	0.000000	0.000000	0.000000	0.000000	0.000000	0.000000	0.000000
9.739500	0.000000	0.000000	0.000000	0.000000	0.000000	0.000000	0.000000	0.000000
9.761000	0.000000	0.000000	0.000000	0.000000	0.000000	0.000000	0.000000	0.000000
9.782500	0.000000	0.000000	0.000000	0.000000	0.000000	0.000000	0.000000	0.000000
9.804000	0.000000	0.000000	0.000000	0.000000	0.000000	0.000000	0.000000	0.000000
9.825500	0.000000	0.000000	0.000000	0.000000	0.000000	0.000000	0.000000	0.000000
9.847000	0.000000	0.000000	0.000000	0.000000	0.000000	0.000000	0.000000	0.000000
9.868500	0.000000	0.000000	0.000000	0.000000	0.000000	0.000000	0.000000	0.000000
9.890000	0.000000	0.000000	0.000000	0.000000	0.000000	0.000000	0.000000	0.000000
9.911500	0.000000	0.000000	0.000000	0.000000	0.000000	0.000000	0.000000	0.000000
9.933000	0.000000	0.000000	0.000000	0.000000	0.000000	0.000000	0.000000	0.000000
9.954500	0.000000	0.000000	0.000000	0.000000	0.000000	0.000000	0.000000	0.000000
9.976000	0.000000	0.000000	0.000000	0.000000	0.000000	0.000000	0.000000	0.000000
9.997500	0.000000	0.000000	0.000000	0.000000	0.000000	0.000000	0.000000	0.000000
10.019000	0.000000	0.000000	0.000000	0.000000	0.000000	0.000000	0.000000	0.000000
10.040500	0.000000	0.000000	0.000000	0.000000	0.000000	0.000000	0.000000	0.000000
10.062000	0.000000	0.000000	0.000000	0.000000	0.000000	0.000000	0.000000	0.000000
10.083500	0.000000	0.000000	0.000000	0.000000	0.000000	0.000000	0.000000	0.000000
10.105000	0.000000	0.000000	0.000000	0.000000	0.000000	0.000000	0.000000	0.000000
10.126500	0.000000	0.000000	0.000000	0.000000	0.000000	0.000000	0.000000	0.000000
10.148000	0.000000	0.000000	0.000000	0.000000	0.000000	0.000000	0.000000	0.000000
10.169500	0.000000	0.000000	0.000000	0.000000	0.000000	0.000000	0.000000	0.000000
10.191000	0.000000	0.000000	0.000000	0.000000	0.000000	0.000000	0.000000	0.000000
10.212500	0.000000	0.000000	0.000000	0.000000	0.000000	0.000000	0.000000	0.000000
10.234000	0.000000	0.000000	0.000000	0.000000	0.000000	0.000000	0.000000	0.000000
10.255500	0.000000	0.000000	0.000000	0.000000	0.000000	0.000000	0.000000	0.000000
10.277000	0.000000	0.000000	0.000000	0.000000	0.000000	0.000000	0.000000	0.000000
10.298500	0.000000	0.000000	0.000000	0.000000	0.000000	0.000000	0.000000	0.000000
10.320000	0.000000	0.000000	0.000000	0.000000	0.000000	0.000000	0.000000	0.000000
10.341500	0.000000	0.000000	0.000000	0.000000	0.000000	0.000000	0.000000	0.000000
10.363000	0.000000	0.000000	0.000000	0.000000	0.000000	0.000000	0.000000	0.000000
10.384500	0.000000	0.000000	0.000000	0.000000	0.000000	0.000000	0.000000	0.000000
10.406000	0.000000	0.000000	0.000000	0.000000	0.000000	0.000000	0.000000	0.000000
10.427500	0.000000	0.000000	0.000000	0.000000	0.000000	0.000000	0.000000	0.000000
10.449000	0.000000	0.000000	0.000000	0.000000	0.000000	0.000000	0.000000	0.000000
10.470500	0.000000	0.000000	0.000000	0.000000	0.000000	0.000000	0.000000	0.000000
10.492000	0.000000	0.000000	0.000000	0.000000	0.000000	0.000000	0.000000	0.000000
10.513500	0.000000	0.000000	0.000000	0.000000	0.000000	0.000000	0.000000	0.000000
10.535000	0.000000	0.000000	0.000000	0.000000	0.000000	0.000000	0.000000	0.000000
10.556500	0.000000	0.000000	0.000000	0.000000	0.000000	0.000000	0.000000	0.000000
10.578000	0.000000	0.000000	0.000000	0.000000	0.000000	0.000000	0.000000	0.000000
10.599500	0.000000	0.000000	0.000000	0.000000	0.000000	0.000000	0.000000	0.000000
10.621000	0.000000	0.000000	0.000000	0.000000	0.000000	0.000000	0.000000	0.000000
10.642500	0.000000	0.000000	0.000000	0.000000	0.000000	0.000000	0.000000	0.000000
10.664000	0.000000	0.000000	0.000000	0.000000	0.000000	0.000000	0.000000	0.000000
10.685500	0.000000	0.000000	0.000000	0.000000	0.000000	0.000000	0.000000	0.000000
10.707000	0.000000	0.000000	0.000000	0.000000	0.000000	0.000000	0.000000	0.000000
10.728500	0.000000	0.000000	0.000000	0.000000	0.000000	0.000000	0.000000	0.000000
10.750000	0.000000	0.000000	0.000000	0.000000	0.000000	0.000000	0.000000	0.000000
10.771500	0.000000	0.000000	0.000000	0.000000	0.000000	0.000000	0.000000	0.000000
10.793000	0.000000	0.000000	0.000000	0.000000	0.000000	0.000000	0.000000	0.000000
10.814500	0.000000	0.000000	0.000000	0.000000	0.000000	0.000000	0.000000	0.000000
10.836000	0.000000	0.000000	0.000000	0.000000	0.000000	0.000000	0.000000	0.000000
10.857500	0.000000	0.000000	0.000000	0.000000	0.000000	0.000000	0.000000	0.000000
10.879000	0.000000	0.000000	0.000000	0.000000	0.000000	0.000000	0.000000	0.000000
10.900500	0.000000	0.000000	0.000000	0.000000	0.000000	0.000000	0.000000	0.000000
10.922000	0.000000	0.000000	0.000000	0.000000	0.000000	0.000000	0.000000	0.000000
10.943500	0.000000	0.000000	0.000000	0.000000	0.000000	0.000000	0.000000	0.000000
10.965000	0.000000	0.000000	0.000000	0.000000	0.000000	0.000000	0.000000	0.000000
10.986500	0.000000	0.000000	0.000000	0.000000	0.000000	0.000000	0.000000	0.000000
