-10.986500	0.000000	0.000000	0.000000	0.000000	0.000000	0.000000
-10.965000	0.000000	0.000000	0.000000	0.000000	0.000000	0.000000
-10.943500	0.000000	0.000000	0.000000	0.000000	0.000000	0.000000
-10.922000	0.000000	0.000000	0.000000	0.000000	0.000000	0.000000
-10.900500	0.000000	0.000000	0.000000	0.000000	0.000000	0.000000
-10.879000	0.000000	0.000000	0.000000	0.000000	0.000000	0.000000
-10.857500	0.000000	0.000000	0.000000	0.000000	0.000000	0.000000
-10.836000	0.000000	0.000000	0.000000	0.000000	0.000000	0.000000
-10.814500	0.000000	0.000000	0.000000	0.000000	0.000000	0.000000
-10.793000	0.000000	0.000000	0.000000	0.000000	0.000000	0.000000
-10.771500	0.000000	0.000000	0.000000	0.000000	0.000000	0.000000
-10.750000	0.000000	0.000000	0.000000	0.000000	0.000000	0.000000
-10.728500	0.000000	0.000000	0.000000	0.000000	0.000000	0.000000
-10.707000	0.000000	0.000000	0.000000	0.000000	0.000000	0.000000
-10.685500	0.000000	0.000000	0.000000	0.000000	0.000000	0.000000
-10.664000	0.000000	0.000000	0.000000	0.000000	0.000000	0.000000
-10.642500	0.000000	0.000000	0.000000	0.000000	0.000000	0.000000
-10.621000	0.000000	0.000000	0.000000	0.000000	0.000000	0.000000
-10.599500	0.000000	0.000000	0.000000	0.000000	0.000000	0.000000
-10.578000	0.000000	0.000000	0.000000	0.000000	0.000000	0.000000
-10.556500	0.000000	0.000000	0.000000	0.000000	0.000000	0.000000
-10.535000	0.000000	0.000000	0.001770	0.006623	0.000000	0.000000
-10.513500	0.000000	0.000000	0.002264	0.008472	0.000000	0.000000
-10.492000	0.000000	0.000000	-0.002903	0.010862	0.000000	0.000000
-10.470500	0.000000	0.000000	-0.003528	0.013200	0.000000	0.000000
-10.449000	0.000000	0.000000	0.002575	0.009634	0.000000	0.000000
-10.427500	0.000000	0.000000	0.002373	0.014255	0.000000	0.000000
-10.406000	0.000000	0.000000	0.000502	0.001381	0.000000	0.000000
-10.384500	0.000000	0.000000	0.003017	0.018199	0.000000	0.000000
-10.363000	0.000000	0.000000	-0.010003	0.040972	0.000000	0.000000
-10.341500	0.000000	0.000000	0.000755	0.019678	0.000000	0.000000
-10.320000	0.000000	0.000000	0.014683	0.061110	0.000000	0.000000
-10.298500	0.000000	0.000000	0.018758	0.036815	0.000000	0.000000
-10.277000	0.000000	0.000000	0.003314	0.042169	0.000000	0.000000
-10.255500	0.000000	0.000000	0.013253	0.054661	0.000000	0.000000
-10.234000	0.000000	0.000000	-0.017175	0.052007	0.000000	0.000000
-10.212500	0.000000	0.000000	-0.004046	0.070177	0.000000	0.000000
-10.191000	0.000000	0.000000	0.004508	0.061356	0.000000	0.000000
-10.169500	0.000000	0.000000	-0.031372	0.053297	0.000000	0.000000
-10.148000	0.000000	0.000000	0.011131	0.061541	0.000000	0.000000
-10.126500	0.000000	0.000000	0.005891	0.057718	0.000000	0.000000
-10.105000	0.000000	0.000000	0.007484	0.066126	0.000000	0.000000
-10.083500	0.000000	0.000000	0.027795	0.056677	0.000000	0.000000
-10.062000	0.000000	0.000000	-0.010792	0.055264	0.000000	0.000000
-10.040500	0.000000	0.000000	-0.018389	0.067514	0.000000	0.000000
-10.019000	0.000000	0.000000	0.026642	0.071098	0.000000	0.000000
-9.997500	0.000000	0.000000	-0.032375	0.055240	0.000000	0.000000
-9.976000	0.000000	0.000000	0.001680	0.064450	0.000000	0.000000
-9.954500	0.000000	0.000000	-0.005588	0.078427	0.000000	0.000000
-9.933000	0.000000	0.000000	0.020633	0.060289	0.000000	0.000000
-9.911500	0.000000	0.000000	0.015965	0.055447	0.000000	0.000000
-9.890000	0.000000	0.000000	-0.010731	0.087348	0.000000	0.000000
-9.868500	0.000000	0.000000	0.001771	0.071466	0.000000	0.000000
-9.847000	0.000000	0.000000	0.005997	0.065203	0.000000	0.000000
-9.825500	0.000000	0.000000	-0.019171	0.068633	0.000000	0.000000
-9.804000	0.000000	0.000000	0.003734	0.048510	0.000000	0.000000
-9.782500	0.000000	0.000000	0.017970	0.039805	0.000000	0.000000
-9.761000	0.000000	0.000000	-0.007977	0.062925	0.000000	0.000000
-9.739500	0.000000	0.000000	-0.004954	0.075457	0.000000	0.000000
-9.718000	0.000000	0.000000	-0.020049	0.059457	0.000000	0.000000
-9.696500	0.000000	0.000000	0.017723	0.043639	0.000000	0.000000
-9.675000	0.000000	0.000000	-0.018512	0.071446	0.000000	0.000000
-9.653500	0.000000	0.000000	0.026520	0.052624	0.000000	0.000000
-9.632000	0.000000	0.000000	-0.023282	0.073350	0.000000	0.000000
-9.610500	0.000000	0.000000	0.018141	0.084228	0.000000	0.000000
-9.589000	0.000000	0.000000	0.006306	0.055693	0.000000	0.000000
-9.567500	0.000000	0.000000	0.016257	0.080643	0.000000	0.000000
-9.546000	0.000000	0.000000	-0.019292	0.081606	0.000000	0.000000
-9.524500	0.000000	0.000000	-0.003226	0.054009	0.000000	0.000000
-9.503000	0.000000	0.000000	-0.008463	0.075189	0.000000	0.000000
-9.481500	0.000000	0.000000	-0.006506	0.070516	0.000000	0.000000
-9.460000	0.000000	0.000000	0.019786	0.045070	0.000000	0.000000
-9.438500	0.000000	0.000000	-0.005405	0.066332	0.000000	0.000000
-9.417000	0.000000	0.000000	-0.013712	0.070150	0.000000	0.000000
-9.395500	0.000000	0.000000	0.013446	0.051224	0.000000	0.000000
-9.374000	0.000000	0.000000	-0.002022	0.060058	0.000000	0.000000
-9.352500	0.000000	0.000000	0.027230	0.052026	0.000000	0.000000
-9.331000	0.000000	0.000000	-0.000302	0.078288	0.000000	0.000000
-9.309500	0.000000	0.000000	-0.031528	0.059976	0.000000	0.000000
-9.288000	0.000000	0.000000	-0.014549	0.075533	0.000000	0.000000
-9.266500	0.000000	0.000000	-0.004973	0.063817	0.000000	0.000000
-9.245000	0.000000	0.000000	0.029423	0.067646	0.000000	0.000000
-9.223500	0.000000	0.000000	0.020676	0.064489	0.000000	0.000000
-9.202000	0.000000	0.000000	-0.022546	0.074312	0.000000	0.000000
-9.180500	0.000000	0.000000	-0.022541	0.057738	0.000000	0.000000
-9.159000	0.000000	0.000000	0.017837	0.050355	0.000000	0.000000
-9.137500	0.000000	0.000000	0.006870	0.052884	0.000000	0.000000
-9.116000	0.000000	0.000000	0.008878	0.067649	0.000000	0.000000
-9.094500	0.000000	0.000000	0.047284	0.080087	0.000000	0.000000
-9.073000	0.000000	0.000000	-0.048079	0.072604	0.000000	0.000000
-9.051500	0.000000	0.000000	-0.035066	0.055494	0.000000	0.000000
-9.030000	0.000000	0.000000	-0.020025	0.071280	0.000000	0.000000
-9.008500	0.000000	0.000000	0.030688	0.056866	0.000000	0.000000
-8.987000	0.000000	0.000000	0.017869	0.072250	0.000000	0.000000
-8.965500	0.000000	0.000000	0.001210	0.066271	0.000000	0.000000
-8.944000	0.000000	0.000000	-0.002776	0.047054	0.000000	0.000000
-8.922500	0.000000	0.000000	0.002465	0.039974	0.000000	0.000000
-8.901000	0.000000	0.000000	0.004855	0.071923	0.000000	0.000000
-8.879500	0.000000	0.000000	-0.019541	0.069206	0.000000	0.000000
-8.858000	0.000000	0.000000	0.016951	0.053142	0.000000	0.000000
-8.836500	0.000000	0.000000	-0.020730	0.052887	0.000000	0.000000
-8.815000	0.000000	0.000000	0.024986	0.050677	0.000000	0.000000
-8.793500	0.000000	0.000000	-0.007227	0.046088	0.000000	0.000000
-8.772000	0.000000	0.000000	-0.005118	0.045042	0.000000	0.000000
-8.750500	0.000000	0.000000	0.015577	0.070825	0.000000	0.000000
-8.729000	0.000000	0.000000	-0.020868	0.071388	0.000000	0.000000
-8.707500	0.000000	0.000000	-0.010486	0.072827	0.000000	0.000000
-8.686000	0.000000	0.000000	-0.001135	0.067527	0.000000	0.000000
-8.664500	0.000000	0.000000	-0.003785	0.079530	0.000000	0.000000
-8.643000	0.000000	0.000000	0.010980	0.088442	0.000000	0.000000
-8.621500	0.000000	0.000000	0.025091	0.073784	0.000000	0.000000
-8.600000	0.000000	0.000000	0.042178	0.076019	0.000000	0.000000
-8.578500	0.000000	0.000000	-0.033977	0.044280	0.000000	0.000000
-8.557000	0.000000	0.000000	-0.039026	0.071018	0.000000	0.000000
-8.535500	0.000000	0.000000	0.014349	0.074282	0.000000	0.000000
-8.514000	0.000000	0.000000	-0.031117	0.060049	0.000000	0.000000
-8.492500	0.000000	0.000000	-0.001374	0.060011	0.000000	0.000000
-8.471000	0.000000	0.000000	0.020621	0.063351	0.000000	0.000000
-8.449500	0.000000	0.000000	-0.002483	0.043165	0.000000	0.000000
-8.428000	0.000000	0.000000	0.012644	0.075824	0.000000	0.000000
-8.406500	0.000000	0.000000	0.025043	0.038807	0.000000	0.000000
-8.385000	0.000000	0.000000	-0.006628	0.065000	0.000000	0.000000
-8.363500	0.000000	0.000000	0.003836	0.058315	0.000000	0.000000
-8.342000	0.000000	0.000000	-0.011193	0.079271	0.000000	0.000000
-8.320500	0.000000	0.000000	-0.013031	0.062271	0.000000	0.000000
-8.299000	0.000000	0.000000	-0.007797	0.069281	0.000000	0.000000
-8.277500	0.000000	0.000000	0.002616	0.067735	0.000000	0.000000
-8.256000	0.000000	0.000000	-0.015782	0.070454	0.000000	0.000000
-8.234500	0.000000	0.000000	0.007139	0.066354	0.000000	0.000000
-8.213000	0.000000	0.000000	0.022477	0.039587	0.000000	0.000000
-8.191500	0.000000	0.000000	-0.013965	0.060627	0.000000	0.000000
-8.170000	0.000000	0.000000	0.016300	0.078337	0.000000	0.000000
-8.148500	0.000000	0.000000	0.010190	0.056226	0.000000	0.000000
-8.127000	0.000000	0.000000	-0.029227	0.067184	0.000000	0.000000
-8.105500	0.000000	0.000000	-0.009618	0.062762	0.000000	0.000000
-8.084000	0.000000	0.000000	0.018687	0.054794	0.000000	0.000000
-8.062500	0.000000	0.000000	0.005662	0.057164	0.000000	0.000000
-8.041000	0.000000	0.000000	-0.000118	0.059805	0.000000	0.000000
-8.019500	0.000000	0.000000	0.004689	0.083279	0.000000	0.000000
-7.998000	0.000000	0.000000	-0.007769	0.055975	0.000000	0.000000
-7.976500	0.000000	0.000000	0.017825	0.047994	0.000000	0.000000
-7.955000	0.000000	0.000000	-0.018282	0.070957	0.000000	0.000000
-7.933500	0.000000	0.000000	-0.000425	0.056125	0.000000	0.000000
-7.912000	0.000000	0.000000	-0.015409	0.058646	0.000000	0.000000
-7.890500	0.000000	0.000000	-0.005870	0.064088	0.000000	0.000000
-7.869000	0.000000	0.000000	0.013929	0.056492	0.000000	0.000000
-7.847500	0.000000	0.000000	0.009652	0.055432	0.000000	0.000000
-7.826000	0.000000	0.000000	-0.007928	0.066629	0.000000	0.000000
-7.804500	0.000000	0.000000	0.004146	0.057598	0.000000	0.000000
-7.783000	0.000000	0.000000	0.017690	0.080421	0.000000	0.000000
-7.761500	0.000000	0.000000	-0.015372	0.055433	0.000000	0.000000
-7.740000	0.000000	0.000000	0.030477	0.061244	0.000000	0.000000
-7.718500	0.000000	0.000000	-0.008258	0.058271	0.000000	0.000000
-7.697000	0.000000	0.000000	-0.053541	0.047987	0.000000	0.000000
-7.675500	0.000000	0.000000	0.001394	0.082183	0.000000	0.000000
-7.654000	0.000000	0.000000	0.014915	0.059232	0.000000	0.000000
-7.632500	0.000000	0.000000	-0.000065	0.044253	0.000000	0.000000
-7.611000	0.000000	0.000000	0.013427	0.087170	0.000000	0.000000
-7.589500	0.000000	0.000000	-0.002948	0.060228	0.000000	0.000000
-7.568000	0.000000	0.000000	-0.013228	0.056070	0.000000	0.000000
-7.546500	0.000000	0.000000	0.015177	0.062886	0.000000	0.000000
-7.525000	0.000000	0.000000	0.004300	0.077752	0.000000	0.000000
-7.503500	0.000000	0.000000	0.003679	0.046118	0.000000	0.000000
-7.482000	0.000000	0.000000	0.006752	0.066269	0.000000	0.000000
-7.460500	0.000000	0.000000	-0.031529	0.057399	0.000000	0.000000
-7.439000	0.000000	0.000000	0.006398	0.062993	0.000000	0.000000
-7.417500	0.000000	0.000000	-0.005563	0.073396	0.000000	0.000000
-7.396000	0.000000	0.000000	-0.001021	0.059399	0.000000	0.000000
-7.374500	0.000000	0.000000	-0.011040	0.049557	0.000000	0.000000
-7.353000	0.000000	0.000000	0.039370	0.081131	0.000000	0.000000
-7.331500	0.000000	0.000000	0.008820	0.074091	0.000000	0.000000
-7.310000	0.000000	0.000000	0.000474	0.077467	0.000000	0.000000
-7.288500	0.000000	0.000000	-0.026939	0.044019	0.000000	0.000000
-7.267000	0.000000	0.000000	0.011259	0.078787	0.000000	0.000000
-7.245500	0.000000	0.000000	-0.026025	0.072074	0.000000	0.000000
-7.224000	0.000000	0.000000	-0.002883	0.086381	0.000000	0.000000
-7.202500	0.000000	0.000000	0.002155	0.051924	0.000000	0.000000
-7.181000	0.000000	0.000000	-0.007003	0.058543	0.000000	0.000000
-7.159500	0.000000	0.000000	0.012015	0.074688	0.000000	0.000000
-7.138000	0.000000	0.000000	0.031119	0.051869	0.000000	0.000000
-7.116500	0.000000	0.000000	-0.005819	0.050680	0.000000	0.000000
-7.095000	0.000000	0.000000	-0.003153	0.082368	0.000000	0.000000
-7.073500	0.000000	0.000000	0.010282	0.073059	0.000000	0.000000
-7.052000	0.000000	0.000000	0.007409	0.077585	0.000000	0.000000
-7.030500	0.000000	0.000000	-0.001818	0.080456	0.000000	0.000000
-7.009000	0.000000	0.000000	-0.025432	0.087723	0.000000	0.000000
-6.987500	0.000000	0.000000	-0.012584	0.067065	0.000000	0.000000
-6.966000	0.000000	0.000000	-0.016110	0.054122	0.000000	0.000000
-6.944500	0.000000	0.000000	0.007109	0.076401	0.000000	0.000000
-6.923000	0.000000	0.000000	0.031967	0.070772	0.000000	0.000000
-6.901500	0.000000	0.000000	-0.008846	0.053183	0.000000	0.000000
-6.880000	0.000000	0.000000	-0.018614	0.062805	0.000000	0.000000
-6.858500	0.000000	0.000000	0.003252	0.081632	0.000000	0.000000
-6.837000	0.000000	0.000000	0.017662	0.061083	0.000000	0.000000
-6.815500	0.000000	0.000000	0.009276	0.074265	0.000000	0.000000
-6.794000	0.000000	0.000000	-0.009126	0.085738	0.000000	0.000000
-6.772500	0.000000	0.000000	-0.006642	0.060529	0.000000	0.000000
-6.751000	0.000000	0.000000	-0.004851	0.057242	0.000000	0.000000
-6.729500	0.000000	0.000000	0.002909	0.066273	0.000000	0.000000
-6.708000	0.000000	0.000000	0.010251	0.055435	0.000000	0.000000
-6.686500	0.000000	0.000000	0.009204	0.073567	0.000000	0.000000
-6.665000	0.000000	0.000000	-0.001573	0.064530	0.000000	0.000000
-6.643500	0.000000	0.000000	-0.003299	0.059218	0.000000	0.000000
-6.622000	0.000000	0.000000	0.005050	0.073038	0.000000	0.000000
-6.600500	0.000000	0.000000	-0.021062	0.068433	0.000000	0.000000
-6.579000	0.000000	0.000000	-0.011162	0.055198	0.000000	0.000000
-6.557500	0.000000	0.000000	0.015255	0.071932	0.000000	0.000000
-6.536000	0.000000	0.000000	-0.005136	0.070896	0.000000	0.000000
-6.514500	0.000000	0.000000	-0.001475	0.067870	0.000000	0.000000
-6.493000	0.000000	0.000000	0.026565	0.061636	0.000000	0.000000
-6.471500	0.000000	0.000000	0.006659	0.052507	0.000000	0.000000
-6.450000	0.000000	0.000000	0.001936	0.076630	0.000000	0.000000
-6.428500	0.000000	0.000000	-0.036748	0.085016	0.000000	0.000000
-6.407000	0.000000	0.000000	-0.000369	0.072453	0.000000	0.000000
-6.385500	0.000000	0.000000	0.006916	0.085536	0.000000	0.000000
-6.364000	0.000000	0.000000	-0.005262	0.066990	0.000000	0.000000
-6.342500	0.000000	0.000000	-0.008837	0.083891	0.000000	0.000000
-6.321000	0.000000	0.000000	-0.013121	0.054208	0.000000	0.000000
-6.299500	0.000000	0.000000	0.023316	0.063566	0.000000	0.000000
-6.278000	0.000000	0.000000	0.021046	0.082111	0.000000	0.000000
-6.256500	0.000000	0.000000	0.008075	0.052302	0.000000	0.000000
-6.235000	0.000000	0.000000	-0.012271	0.055815	0.000000	0.000000
-6.213500	0.000000	0.000000	0.010294	0.065216	0.000000	0.000000
-6.192000	0.000000	0.000000	-0.002840	0.054352	0.000000	0.000000
-6.170500	0.000000	0.000000	-0.009543	0.038122	0.000000	0.000000
-6.149000	0.000000	0.000000	-0.018508	0.084874	0.000000	0.000000
-6.127500	0.000000	0.000000	-0.000306	0.064928	0.000000	0.000000
-6.106000	0.000000	0.000000	-0.001764	0.059065	0.000000	0.000000
-6.084500	0.000000	0.000000	-0.020784	0.058948	0.000000	0.000000
-6.063000	0.000000	0.000000	0.046306	0.043882	0.000000	0.000000
-6.041500	0.000000	0.000000	0.027790	0.065737	0.000000	0.000000
-6.020000	0.000000	0.000000	-0.031280	0.062203	0.000000	0.000000
-5.998500	0.000000	0.000000	-0.012223	0.054181	0.000000	0.000000
-5.977000	0.000000	0.000000	-0.041676	0.045257	0.000000	0.000000
-5.955500	0.000000	0.000000	0.005437	0.055467	0.000000	0.000000
-5.934000	0.000000	0.000000	0.042384	0.058678	0.000000	0.000000
-5.912500	0.000000	0.000000	0.014346	0.073091	0.000000	0.000000
-5.891000	0.000000	0.000000	-0.003244	0.059145	0.000000	0.000000
-5.869500	0.000000	0.000000	-0.033366	0.059089	0.000000	0.000000
-5.848000	0.000000	0.000000	0.022091	0.049664	0.000000	0.000000
-5.826500	0.000000	0.000000	0.002221	0.066637	0.000000	0.000000
-5.805000	0.000000	0.000000	0.008378	0.038474	0.000000	0.000000
-5.783500	0.000000	0.000000	-0.008439	0.053979	0.000000	0.000000
-5.762000	0.000000	0.000000	-0.006391	0.075817	0.000000	0.000000
-5.740500	0.000000	0.000000	-0.030212	0.057148	0.000000	0.000000
-5.719000	0.000000	0.000000	-0.008555	0.079653	0.000000	0.000000
-5.697500	0.000000	0.000000	0.014081	0.055256	0.000000	0.000000
-5.676000	0.000000	0.000000	0.025007	0.103498	0.000000	0.000000
-5.654500	0.000000	0.000000	0.055954	0.069057	0.000000	0.000000
-5.633000	0.000000	0.000000	-0.017138	0.088314	0.000000	0.000000
-5.611500	0.000000	0.000000	-0.053938	0.061347	0.000000	0.000000
-5.590000	0.000000	0.000000	-0.028222	0.069400	0.000000	0.000000
-5.568500	0.000000	0.000000	-0.013434	0.059542	0.000000	0.000000
-5.547000	0.000000	0.000000	0.030101	0.057405	0.000000	0.000000
-5.525500	0.000000	0.000000	0.026806	0.054910	0.000000	0.000000
-5.504000	0.000000	0.000000	0.010014	0.059013	0.000000	0.000000
-5.482500	0.000000	0.000000	0.001892	0.066823	0.000000	0.000000
-5.461000	0.000000	0.000000	0.018644	0.062239	0.000000	0.000000
-5.439500	0.000000	0.000000	-0.027334	0.062800	0.000000	0.000000
-5.418000	0.000000	0.000000	-0.013052	0.068155	0.000000	0.000000
-5.396500	0.000000	0.000000	-0.024592	0.067063	0.000000	0.000000
-5.375000	0.000000	0.000000	0.001578	0.073801	0.000000	0.000000
-5.353500	0.000000	0.000000	0.033685	0.066868	0.000000	0.000000
-5.332000	0.000000	0.000000	0.018062	0.062615	0.000000	0.000000
-5.310500	0.000000	0.000000	-0.026861	0.053225	0.000000	0.000000
-5.289000	0.000000	0.000000	-0.014117	0.067536	0.000000	0.000000
-5.267500	0.000000	0.000000	0.011739	0.044880	0.000000	0.000000
-5.246000	0.000000	0.000000	-0.012171	0.047116	0.000000	0.000000
-5.224500	0.000000	0.000000	0.017899	0.090333	0.000000	0.000000
-5.203000	0.000000	0.000000	0.014876	0.060488	0.000000	0.000000
-5.181500	0.000000	0.000000	-0.018291	0.056319	0.000000	0.000000
-5.160000	0.000000	0.000000	0.006704	0.069792	0.000000	0.000000
-5.138500	0.000000	0.000000	-0.018134	0.060540	0.000000	0.000000
-5.117000	0.000000	0.000000	0.005414	0.048897	0.000000	0.000000
-5.095500	0.000000	0.000000	0.007249	0.042280	0.000000	0.000000
-5.074000	0.000000	0.000000	0.028323	0.078171	0.000000	0.000000
-5.052500	0.000000	0.000000	-0.039595	0.065884	0.000000	0.000000
-5.031000	0.000000	0.000000	-0.021387	0.041303	0.000000	0.000000
-5.009500	0.000000	0.000000	-0.009657	0.060107	0.000000	0.000000
-4.988000	0.000000	0.000000	0.021085	0.067417	0.000000	0.000000
-4.966500	0.000000	0.000000	0.026201	0.050642	0.000000	0.000000
-4.945000	0.000000	0.000000	-0.004499	0.044722	0.000000	0.000000
-4.923500	0.000000	0.000000	-0.017094	0.053169	0.000000	0.000000
-4.902000	0.000000	0.000000	0.001358	0.078698	0.000000	0.000000
-4.880500	0.000000	0.000000	0.007648	0.079272	0.000000	0.000000
-4.859000	0.000000	0.000000	0.010229	0.066509	0.000000	0.000000
-4.837500	0.000000	0.000000	-0.022039	0.055290	0.000000	0.000000
-4.816000	0.000000	0.000000	0.012616	0.071495	0.000000	0.000000
-4.794500	0.000000	0.000000	0.000058	0.072705	0.000000	0.000000
-4.773000	0.000000	0.000000	-0.013099	0.069529	0.000000	0.000000
-4.751500	0.000000	0.000000	-0.001135	0.068082	0.000000	0.000000
-4.730000	0.000000	0.000000	0.028247	0.060757	0.000000	0.000000
-4.708500	0.000000	0.000000	0.003017	0.086253	0.000000	0.000000
-4.687000	0.000000	0.000000	-0.000189	0.063899	0.000000	0.000000
-4.665500	0.000000	0.000000	-0.031407	0.063374	0.000000	0.000000
-4.644000	0.000000	0.000000	-0.000109	0.068944	0.000000	0.000000
-4.622500	0.000000	0.000000	0.019790	0.062336	0.000000	0.000000
-4.601000	0.000000	0.000000	0.006710	0.065667	0.000000	0.000000
-4.579500	0.000000	0.000000	-0.023768	0.068592	0.000000	0.000000
-4.558000	0.000000	0.000000	-0.014225	0.081949	0.000000	0.000000
-4.536500	0.000000	0.000000	0.005652	0.052477	0.000000	0.000000
-4.515000	0.000000	0.000000	-0.013835	0.052244	0.000000	0.000000
-4.493500	0.000000	0.000000	0.032783	0.089644	0.000000	0.000000
-4.472000	0.000000	0.000000	0.014858	0.063366	0.000000	0.000000
-4.450500	0.000000	0.000000	0.007333	0.076782	0.000000	0.000000
-4.429000	0.000000	0.000000	-0.002051	0.052620	0.000000	0.000000
-4.407500	0.000000	0.000000	0.000828	0.060862	0.000000	0.000000
-4.386000	0.000000	0.000000	-0.034576	0.059898	0.000000	0.000000
-4.364500	0.000000	0.000000	0.002896	0.057801	0.000000	0.000000
-4.343000	0.000000	0.000000	-0.008578	0.044145	0.000000	0.000000
-4.321500	0.000000	0.000000	-0.027681	0.050569	0.000000	0.000000
-4.300000	0.000000	0.000000	0.017902	0.065520	0.000000	0.000000
-4.278500	0.000000	0.000000	0.010106	0.060561	0.000000	0.000000
-4.257000	0.000000	0.000000	0.006371	0.059805	0.000000	0.000000
-4.235500	0.000000	0.000000	0.009361	0.064661	0.000000	0.000000
-4.214000	0.000000	0.000000	-0.015770	0.060348	0.000000	0.000000
-4.192500	0.000000	0.000000	0.017080	0.047239	0.000000	0.000000
-4.171000	0.000000	0.000000	-0.001307	0.053184	0.000000	0.000000
-4.149500	0.000000	0.000000	-0.003672	0.053184	0.000000	0.000000
-4.128000	0.000000	0.000000	0.002198	0.059760	0.000000	0.000000
-4.106500	0.000000	0.000000	0.007350	0.068882	0.000000	0.000000
-4.085000	0.000000	0.000000	-0.021807	0.052404	0.000000	0.000000
-4.063500	0.000000	0.000000	-0.020247	0.076600	0.000000	0.000000
-4.042000	0.000000	0.000000	0.030323	0.081025	0.000000	0.000000
-4.020500	0.000000	0.000000	0.004409	0.047238	0.000000	0.000000
-3.999000	0.000000	0.000000	-0.029988	0.082652	0.000000	0.000000
-3.977500	0.000000	0.000000	0.018727	0.075332	0.000000	0.000000
-3.956000	0.000000	0.000000	0.028261	0.067071	0.000000	0.000000
-3.934500	0.000000	0.000000	-0.007494	0.066116	0.000000	0.000000
-3.913000	0.000000	0.000000	-0.023562	0.082016	0.000000	0.000000
-3.891500	0.000000	0.000000	-0.023443	0.055128	0.000000	0.000000
-3.870000	0.000000	0.000000	0.013987	0.054435	0.000000	0.000000
-3.848500	0.000000	0.000000	0.005418	0.092476	0.000000	0.000000
-3.827000	0.000000	0.000000	0.016314	0.050991	0.000000	0.000000
-3.805500	0.000000	0.000000	-0.006886	0.084735	0.000000	0.000000
-3.784000	0.000000	0.000000	0.002576	0.074457	0.000000	0.000000
-3.762500	0.000000	0.000000	-0.004748	0.071463	0.000000	0.000000
-3.741000	0.000000	0.000000	-0.000428	0.045542	0.000000	0.000000
-3.719500	0.000000	0.000000	0.017966	0.079340	0.000000	0.000000
-3.698000	0.000000	0.000000	-0.006989	0.078663	0.000000	0.000000
-3.676500	0.000000	0.000000	-0.018346	0.060148	0.000000	0.000000
-3.655000	0.000000	0.000000	-0.002471	0.063288	0.000000	0.000000
-3.633500	0.000000	0.000000	0.003128	0.078494	0.000000	0.000000
-3.612000	0.000000	0.000000	0.026560	0.043928	0.000000	0.000000
-3.590500	0.000000	0.000000	0.011146	0.051199	0.000000	0.000000
-3.569000	0.000005	0.000000	-0.028288	0.081370	0.000000	0.000000
-3.547500	0.000007	0.000000	-0.028990	0.069932	0.000000	0.000000
-3.526000	0.000032	0.000000	0.006694	0.050771	0.000000	0.000000
-3.504500	0.000045	0.000000	0.012824	0.079380	0.000000	0.000000
-3.483000	0.000028	0.000000	-0.010286	0.088579	0.000000	0.000000
-3.461500	0.000055	0.000000	0.028016	0.060867	0.000000	0.000000
-3.440000	0.000093	0.000000	0.006063	0.055384	0.000000	0.000000
-3.418500	0.000176	0.000406	0.016285	0.058039	0.000000	0.000000
-3.397000	0.000127	0.000000	-0.033125	0.076777	0.000000	0.000000
-3.375500	0.000406	0.000699	-0.004445	0.061151	0.000000	0.000000
-3.354000	0.000681	0.001194	0.026340	0.059453	0.000000	0.000000
-3.332500	0.001204	0.002091	-0.028558	0.071075	0.000000	0.000000
-3.311000	0.001834	0.003033	-0.008825	0.061007	0.000000	0.000000
-3.289500	0.002990	0.004696	-0.054037	0.079200	0.000000	0.000000
-3.268000	0.004114	0.005672	-0.010360	0.060972	0.000000	0.000000
-3.246500	0.005584	0.007039	-0.009466	0.077724	0.000000	0.000000
-3.225000	0.008028	0.009076	-0.022994	0.055139	0.000000	0.000000
-3.203500	0.011418	0.011729	-0.040679	0.072650	0.000000	0.000000
-3.182000	0.015115	0.015355	-0.049822	0.061920	0.000000	0.000000
-3.160500	0.021577	0.021008	-0.066315	0.093537	0.000000	0.000000
-3.139000	0.028683	0.026212	-0.103379	0.079605	0.000000	0.000000
-3.117500	0.036748	0.032867	-0.114736	0.065912	0.000000	0.000000
-3.096000	0.050130	0.042362	-0.120811	0.084465	0.000000	0.000000
-3.074500	0.063894	0.050637	-0.142121	0.102814	0.000000	0.000000
-3.053000	0.080033	0.059300	-0.164513	0.151800	0.000000	0.000000
-3.031500	0.099823	0.065891	-0.231774	0.124978	0.000000	0.000000
-3.010000	0.125674	0.076929	-0.250740	0.090828	0.000000	0.000000
-2.988500	0.153575	0.083791	-0.296643	0.124492	0.000000	0.000000
-2.967000	0.188437	0.094096	-0.345453	0.120870	0.000000	0.000000
-2.945500	0.226379	0.106572	-0.426730	0.127013	0.000000	0.000000
-2.924000	0.270214	0.115301	-0.463277	0.142619	0.000000	0.000000
-2.902500	0.316623	0.124963	-0.551908	0.172959	0.000000	0.000000
-2.881000	0.368207	0.136197	-0.562571	0.170444	0.000000	0.000000
-2.859500	0.424191	0.151268	-0.664446	0.190580	0.000000	0.000000
-2.838000	0.486998	0.162852	-0.720037	0.230189	0.000000	0.000000
-2.816500	0.561431	0.173324	-0.815115	0.173763	0.000000	0.000000
-2.795000	0.638835	0.185996	-0.901405	0.198978	0.000000	0.000000
-2.773500	0.718756	0.190430	-0.977324	0.227393	0.000000	0.000000
-2.752000	0.799860	0.194957	-1.089733	0.182539	0.000000	0.000000
-2.730500	0.886374	0.196231	-1.135406	0.161008	0.000000	0.000000
-2.709000	0.982692	0.202875	-1.192186	0.153445	0.000000	0.000000
-2.687500	1.070388	0.196239	-1.274446	0.142127	0.000000	0.000000
-2.666000	1.153384	0.198428	-1.330601	0.184777	0.000000	0.000000
-2.644500	1.244542	0.199814	-1.382966	0.158288	0.000000	0.000000
-2.623000	1.328494	0.197535	-1.447269	0.125678	0.000000	0.000000
-2.601500	1.397331	0.184963	-1.508680	0.153266	0.000000	0.000000
-2.580000	1.457313	0.169404	-1.534063	0.121653	0.000000	0.000000
-2.558500	1.512533	0.153479	-1.581281	0.110646	0.000000	0.000000
-2.537000	1.567495	0.144900	-1.559430	0.130816	0.000000	0.000000
-2.515500	1.593307	0.129943	-1.528510	0.111957	0.000000	0.000000
-2.494000	1.616529	0.132684	-1.476696	0.138072	0.000000	0.000000
-2.472500	1.654102	0.142487	-1.448744	0.163891	0.000000	0.000000
-2.451000	1.642340	0.173130	-1.385659	0.178477	0.000000	0.000000
-2.429500	1.613069	0.182098	-1.264905	0.204000	0.000000	0.000000
-2.408000	1.546777	0.201945	-1.187582	0.232316	0.000000	0.000000
-2.386500	1.460484	0.222272	-1.101618	0.276051	0.000000	0.000000
-2.365000	1.357172	0.247541	-0.968703	0.319612	0.000000	0.000000
-2.343500	1.208147	0.299851	-0.843666	0.347180	0.000000	0.000000
-2.322000	1.067114	0.310148	-0.725825	0.350314	0.000000	0.000000
-2.300500	0.896567	0.333155	-0.609188	0.355744	0.000000	0.000000
-2.279000	0.753415	0.369098	-0.438432	0.358132	0.000000	0.000000
-2.257500	0.613727	0.377924	-0.307005	0.342822	0.000000	0.000000
-2.236000	0.459980	0.445519	-0.139001	0.325419	0.000000	0.000000
-2.214500	0.322454	0.458957	0.025115	0.352654	0.000000	0.000000
-2.193000	0.159135	0.496820	0.159751	0.321183	0.000000	0.000000
-2.171500	0.000341	0.470339	0.288520	0.323667	0.000000	0.000000
-2.150000	-0.204531	0.417594	0.424532	0.283175	0.000000	0.000000
-2.128500	-0.334379	0.338553	0.536101	0.279736	0.000000	0.000000
-2.107000	-0.483776	0.277182	0.629759	0.236225	0.000000	0.000000
-2.085500	-0.620304	0.272618	0.716395	0.231407	0.000000	0.000000
-2.064000	-0.772006	0.296592	0.811339	0.233275	0.000000	0.000000
-2.042500	-0.861409	0.282309	0.896546	0.199067	0.000000	0.000000
-2.021000	-0.941760	0.247284	0.994367	0.207586	0.000000	0.000000
-1.999500	-0.981062	0.202533	1.115442	0.229698	0.000000	0.000000
-1.978000	-1.018874	0.221052	1.191066	0.235057	0.000000	0.000000
-1.956500	-1.063303	0.234947	1.271699	0.237516	0.000000	0.000000
-1.935000	-1.172341	0.259905	1.321770	0.196746	0.000000	0.000000
-1.913500	-1.228119	0.284793	1.368449	0.192947	0.000000	0.000000
-1.892000	-1.305813	0.254699	1.403251	0.163254	0.000000	0.000000
-1.870500	-1.385280	0.228179	1.397575	0.134408	0.000000	0.000000
-1.849000	-1.446008	0.198143	1.401689	0.150480	0.000000	0.000000
-1.827500	-1.458975	0.180841	1.383454	0.126519	0.000000	0.000000
-1.806000	-1.450740	0.179433	1.362476	0.122124	0.000000	0.000000
-1.784500	-1.424395	0.196855	1.341659	0.123019	0.000000	0.000000
-1.763000	-1.407256	0.191238	1.304856	0.128831	0.000000	0.000000
-1.741500	-1.353287	0.210849	1.263697	0.147153	0.000000	0.000000
-1.720000	-1.289188	0.226576	1.210828	0.141491	0.000000	0.000000
-1.698500	-1.237038	0.240431	1.145718	0.176104	0.000000	0.000000
-1.677000	-1.150865	0.215046	1.098925	0.167702	0.000000	0.000000
-1.655500	-1.080474	0.177225	1.036586	0.166231	0.000000	0.000000
-1.634000	-1.042530	0.161136	0.971998	0.150921	0.000000	0.000000
-1.612500	-0.987861	0.121624	0.899310	0.134051	0.000000	0.000000
-1.591000	-0.938569	0.129227	0.840779	0.146617	0.000000	0.000000
-1.569500	-0.871639	0.141909	0.789530	0.145883	0.000000	0.000000
-1.548000	-0.837538	0.155355	0.713568	0.140330	0.000000	0.000000
-1.526500	-0.806863	0.141704	0.662399	0.129864	0.000000	0.000000
-1.505000	-0.725253	0.162770	0.603849	0.121529	0.000000	0.000000
-1.483500	-0.661178	0.161902	0.548993	0.125341	0.000000	0.000000
-1.462000	-0.615610	0.159724	0.496069	0.123304	0.000000	0.000000
-1.440500	-0.520497	0.156365	0.428259	0.123567	0.000000	0.000000
-1.419000	-0.438823	0.155403	0.386546	0.123439	0.000000	0.000000
-1.397500	-0.367149	0.155295	0.344096	0.118427	0.000000	0.000000
-1.376000	-0.311699	0.156342	0.298441	0.107692	0.000000	0.000000
-1.354500	-0.257320	0.125787	0.252930	0.101131	0.000000	0.000000
-1.333000	-0.202988	0.117341	0.208854	0.095388	0.000000	0.000000
-1.311500	-0.159679	0.103444	0.170676	0.085047	0.000000	0.000000
-1.290000	-0.128992	0.101574	0.138376	0.074650	0.000000	0.000000
-1.268500	-0.104393	0.096169	0.116821	0.066704	0.000000	0.000000
-1.247000	-0.090988	0.081841	0.103835	0.056062	0.000000	0.000000
-1.225500	-0.083857	0.068460	0.089336	0.046201	0.000000	0.000000
-1.204000	-0.076909	0.060944	0.072549	0.037898	0.000000	0.000000
-1.182500	-0.076019	0.054332	0.064972	0.028557	0.000000	0.000000
-1.161000	-0.074271	0.046926	0.055585	0.023958	0.000000	0.000000
-1.139500	-0.060787	0.043499	0.046029	0.021933	0.000000	0.000000
-1.118000	-0.042580	0.038279	0.039957	0.019484	0.000000	0.000000
-1.096500	-0.030974	0.043488	0.032245	0.014667	0.000000	0.000000
-1.075000	-0.019651	0.040532	0.025393	0.013574	0.000000	0.000000
-1.053500	-0.018324	0.030418	0.019213	0.012381	0.000000	0.000000
-1.032000	-0.014211	0.029591	0.016209	0.009646	0.000000	0.000000
-1.010500	-0.009457	0.022902	0.011839	0.007725	0.000000	0.000000
-0.989000	-0.007022	0.023239	0.009230	0.007490	0.000000	0.000000
-0.967500	-0.004768	0.024578	0.007681	0.007640	0.000000	0.000000
-0.946000	-0.004692	0.025475	0.005326	0.007189	0.000000	0.000000
-0.924500	-0.002365	0.020437	0.005957	0.009559	0.000000	0.000000
-0.903000	-0.001942	0.022389	0.005577	0.009986	0.000000	0.000000
-0.881500	-0.001840	0.019299	0.005214	0.010099	0.000000	0.000000
-0.860000	-0.003688	0.021171	0.004644	0.009835	0.000000	0.000000
-0.838500	-0.002030	0.017534	0.003408	0.008068	0.000000	0.000000
-0.817000	-0.001870	0.011574	0.002486	0.005985	0.000000	0.000000
-0.795500	-0.003378	0.012044	0.001699	0.004521	0.000000	0.000000
-0.774000	-0.002122	0.009106	0.001043	0.002624	0.000000	0.000000
-0.752500	-0.000537	0.005500	0.000745	0.001495	0.000000	0.000000
-0.731000	0.000455	0.002942	0.000332	0.000665	0.000000	0.000000
-0.709500	0.000830	0.001675	0.000144	0.000000	0.000000	0.000000
-0.688000	0.001337	0.002960	0.000071	0.000000	0.000000	0.000000
-0.666500	0.001128	0.002681	0.000040	0.000000	0.000000	0.000000
-0.645000	0.001241	0.003122	-0.000002	0.000000	0.000000	0.000000
-0.623500	0.000811	0.002060	0.000004	0.000000	0.000000	0.000000
-0.602000	0.000352	0.000996	0.000001	0.000000	0.000000	0.000000
-0.580500	0.000191	0.000488	0.000000	0.000000	0.000000	0.000000
-0.559000	0.000108	0.000000	0.000000	0.000000	0.000000	0.000000
-0.537500	0.000038	0.000000	0.000000	0.000000	0.000000	0.000000
-0.516000	0.000011	0.000000	0.000000	0.000000	0.000000	0.000000
-0.494500	0.000008	0.000000	0.000000	0.000000	0.000000	0.000000
-0.473000	0.000000	0.000000	0.000000	0.000000	0.000000	0.000000
-0.451500	0.000000	0.000000	0.000000	0.000000	0.000000	0.000000
-0.430000	0.000000	0.000000	0.000000	0.000000	0.000000	0.000000
-0.408500	0.000000	0.000000	0.000000	0.000000	0.000000	0.000000
-0.387000	0.000000	0.000000	0.000000	0.000000	0.000000	0.000000
-0.365500	0.000000	0.000000	0.000000	0.000000	0.000000	0.000000
-0.344000	0.000000	0.000000	0.000000	0.000000	0.000000	0.000000
-0.322500	0.000000	0.000000	0.000000	0.000000	0.000000	0.000000
-0.301000	0.000000	0.000000	0.000000	0.000000	0.000000	0.000000
-0.279500	0.000000	0.000000	0.000000	0.000000	0.000000	0.000000
-0.258000	0.000000	0.000000	0.000000	0.000000	0.000000	0.000000
-0.236500	0.000000	0.000000	0.000000	0.000000	0.000000	0.000000
-0.215000	0.000000	0.000000	0.000000	0.000000	0.000000	0.000000
-0.193500	0.000000	0.000000	0.000000	0.000000	0.000000	0.000000
-0.172000	0.000000	0.000000	0.000000	0.000000	0.000000	0.000000
-0.150500	0.000000	0.000000	0.000000	0.000000	0.000000	0.000000
-0.129000	0.000000	0.000000	0.000000	0.000000	0.000000	0.000000
-0.107500	0.000000	0.000000	0.000000	0.000000	0.000000	0.000000
-0.086000	0.000000	0.000000	0.000000	0.000000	0.000000	0.000000
-0.064500	0.000000	0.000000	0.000000	0.000000	0.000000	0.000000
-0.043000	0.000000	0.000000	0.000000	0.000000	0.000000	0.000000
-0.021500	0.000000	0.000000	0.000000	0.000000	0.000000	0.000000
0.000000	0.000000	0.000000	0.000000	0.000000	0.000000	0.000000
0.021500	0.000000	0.000000	0.000000	0.000000	0.000000	0.000000
0.043000	0.000000	0.000000	0.000000	0.000000	0.000000	0.000000
0.064500	0.000000	0.000000	0.000000	0.000000	0.000000	0.000000
0.086000	0.000000	0.000000	0.000000	0.000000	0.000000	0.000000
0.107500	0.000000	0.000000	0.000000	0.000000	0.000000	0.000000
0.129000	0.000000	0.000000	0.000000	0.000000	0.000000	0.000000
0.150500	0.000000	0.000000	0.000000	0.000000	0.000000	0.000000
0.172000	0.000000	0.000000	0.000000	0.000000	0.000000	0.000000
0.193500	0.000000	0.000000	0.000000	0.000000	0.000000	0.000000
0.215000	0.000000	0.000000	0.000000	0.000000	0.000000	0.000000
0.236500	0.000000	0.000000	0.000000	0.000000	0.000000	0.000000
0.258000	0.000000	0.000000	0.000000	0.000000	0.000000	0.000000
0.279500	0.000000	0.000000	0.000000	0.000000	0.000000	0.000000
0.301000	0.000000	0.000000	0.000000	0.000000	0.000000	0.000000
0.322500	0.000000	0.000000	0.000000	0.000000	0.000000	0.000000
0.344000	0.000000	0.000000	0.000000	0.000000	0.000000	0.000000
0.365500	0.000000	0.000000	0.000000	0.000000	0.000000	0.000000
0.387000	0.000000	0.000000	0.000000	0.000000	0.000000	0.000000
0.408500	0.000014	0.000000	0.000000	0.000000	0.000000	0.000000
0.430000	0.000025	0.000000	0.000000	0.000000	0.000000	0.000000
0.451500	0.000057	0.000000	0.000000	0.000000	0.000000	0.000000
0.473000	0.000031	0.000373	0.000005	0.000000	0.000000	0.000000
0.494500	0.000248	0.001303	-0.000003	0.000000	0.000000	0.000000
0.516000	0.000315	0.001521	0.000027	0.000000	0.000000	0.000000
0.537500	0.000605	0.001519	0.000021	0.000000	0.000000	0.000000
0.559000	0.000658	0.001642	0.000080	0.000000	0.000000	0.000000
0.580500	0.000222	0.001749	0.000142	0.000000	0.000000	0.000000
0.602000	0.000402	0.002123	0.000143	0.000320	0.000000	0.000000
0.623500	0.000727	0.001719	0.000295	0.000517	0.000000	0.000000
0.645000	-0.000088	0.002130	0.000296	0.000411	0.000000	0.000000
0.666500	-0.000020	0.002080	0.000229	0.000368	0.000000	0.000000
0.688000	0.000623	0.001786	0.000107	0.000668	0.000000	0.000000
0.709500	0.000046	0.003284	0.000019	0.000820	0.000000	0.000000
0.731000	0.000906	0.002512	-0.000149	0.001224	0.000000	0.000000
0.752500	0.002317	0.003047	-0.000312	0.000908	0.000000	0.000000
0.774000	0.001879	0.003334	0.000186	0.000877	0.000000	0.000000
0.795500	0.002741	0.005768	0.000187	0.001117	0.000000	0.000000
0.817000	0.002438	0.005920	0.000150	0.001650	0.000000	0.000000
0.838500	0.003088	0.008546	-0.000009	0.001734	0.000000	0.000000
0.860000	0.005916	0.009273	-0.000385	0.002281	0.000000	0.000000
0.881500	0.005407	0.010022	0.000337	0.002116	0.000000	0.000000
0.903000	0.006771	0.014632	0.000928	0.003455	0.000000	0.000000
0.924500	0.010485	0.013657	0.001608	0.002822	0.000000	0.000000
0.946000	0.008173	0.015669	0.002614	0.002965	0.000000	0.000000
0.967500	0.007901	0.017631	0.002661	0.004562	0.000000	0.000000
0.989000	0.007033	0.012305	0.003990	0.005295	0.000000	0.000000
1.010500	0.006610	0.013886	0.006773	0.007240	0.000000	0.000000
1.032000	0.006570	0.019444	0.007506	0.006964	0.000000	0.000000
1.053500	0.007004	0.025749	0.009024	0.010898	0.000000	0.000000
1.075000	0.004812	0.038430	0.011822	0.010739	0.000000	0.000000
1.096500	-0.002647	0.044115	0.014691	0.012284	0.000000	0.000000
1.118000	-0.004765	0.049942	0.022401	0.016448	0.000000	0.000000
1.139500	-0.015397	0.054997	0.030742	0.020949	0.000000	0.000000
1.161000	-0.022597	0.055276	0.037489	0.026827	0.000000	0.000000
1.182500	-0.032728	0.052119	0.047996	0.029160	0.000000	0.000000
1.204000	-0.048933	0.051290	0.057387	0.035496	0.000000	0.000000
1.225500	-0.070233	0.055163	0.074563	0.040844	0.000000	0.000000
1.247000	-0.089661	0.061593	0.094713	0.042623	0.000000	0.000000
1.268500	-0.115541	0.071183	0.116809	0.051648	0.000000	0.000000
1.290000	-0.126908	0.082987	0.136945	0.051910	0.000000	0.000000
1.311500	-0.154616	0.084727	0.158065	0.052707	0.000000	0.000000
1.333000	-0.197449	0.092301	0.186641	0.060315	0.000000	0.000000
1.354500	-0.228605	0.099513	0.207367	0.066103	0.000000	0.000000
1.376000	-0.288655	0.108870	0.243665	0.076612	0.000000	0.000000
1.397500	-0.329483	0.114658	0.276678	0.071650	0.000000	0.000000
1.419000	-0.382450	0.121680	0.312622	0.077189	0.000000	0.000000
1.440500	-0.425101	0.111225	0.359420	0.084276	0.000000	0.000000
1.462000	-0.484207	0.088391	0.409233	0.089024	0.000000	0.000000
1.483500	-0.548766	0.092046	0.463607	0.091403	0.000000	0.000000
1.505000	-0.588824	0.104529	0.529030	0.102259	0.000000	0.000000
1.526500	-0.658535	0.121972	0.593810	0.116424	0.000000	0.000000
1.548000	-0.720382	0.132658	0.638281	0.123690	0.000000	0.000000
1.569500	-0.785886	0.181859	0.712681	0.139528	0.000000	0.000000
1.591000	-0.896265	0.202351	0.769769	0.139066	0.000000	0.000000
1.612500	-0.979990	0.228286	0.825854	0.154221	0.000000	0.000000
1.634000	-1.064188	0.230513	0.884586	0.161385	0.000000	0.000000
1.655500	-1.121199	0.211531	0.963075	0.179858	0.000000	0.000000
1.677000	-1.177587	0.208602	1.018190	0.160369	0.000000	0.000000
1.698500	-1.280538	0.196430	1.072186	0.178440	0.000000	0.000000
1.720000	-1.319992	0.171538	1.132756	0.175037	0.000000	0.000000
1.741500	-1.351093	0.178225	1.197759	0.173409	0.000000	0.000000
1.763000	-1.378747	0.173990	1.250024	0.173137	0.000000	0.000000
1.784500	-1.380212	0.180209	1.299002	0.143730	0.000000	0.000000
1.806000	-1.379539	0.180356	1.347991	0.151389	0.000000	0.000000
1.827500	-1.398550	0.184603	1.419451	0.135305	0.000000	0.000000
1.849000	-1.404846	0.161809	1.421257	0.132825	0.000000	0.000000
1.870500	-1.408042	0.188337	1.442728	0.150616	0.000000	0.000000
1.892000	-1.364545	0.155082	1.414442	0.150945	0.000000	0.000000
1.913500	-1.323209	0.188153	1.396048	0.181746	0.000000	0.000000
1.935000	-1.253507	0.228408	1.305944	0.176413	0.000000	0.000000
1.956500	-1.138241	0.286154	1.264830	0.188379	0.000000	0.000000
1.978000	-1.050133	0.312258	1.193030	0.189076	0.000000	0.000000
1.999500	-0.947233	0.318042	1.103317	0.201084	0.000000	0.000000
2.021000	-0.833634	0.294110	0.992130	0.216566	0.000000	0.000000
2.042500	-0.704290	0.268889	0.880145	0.245920	0.000000	0.000000
2.064000	-0.558949	0.261909	0.771707	0.220911	0.000000	0.000000
2.085500	-0.443899	0.224437	0.682869	0.245073	0.000000	0.000000
2.107000	-0.325414	0.222691	0.556328	0.236265	0.000000	0.000000
2.128500	-0.197770	0.242156	0.431597	0.238060	0.000000	0.000000
2.150000	-0.083455	0.260342	0.311384	0.225663	0.000000	0.000000
2.171500	0.016465	0.317379	0.183370	0.210257	0.000000	0.000000
2.193000	0.133818	0.371417	0.071835	0.238684	0.000000	0.000000
2.214500	0.272382	0.370390	-0.034955	0.245397	0.000000	0.000000
2.236000	0.401833	0.338025	-0.181576	0.237561	0.000000	0.000000
2.257500	0.523031	0.322118	-0.266134	0.232284	0.000000	0.000000
2.279000	0.664589	0.310695	-0.359571	0.235477	0.000000	0.000000
2.300500	0.769894	0.290478	-0.494085	0.249307	0.000000	0.000000
2.322000	0.882257	0.268572	-0.579384	0.243269	0.000000	0.000000
2.343500	0.985712	0.254275	-0.696685	0.241601	0.000000	0.000000
2.365000	1.099174	0.238853	-0.809534	0.214575	0.000000	0.000000
2.386500	1.203914	0.204990	-0.907873	0.185527	0.000000	0.000000
2.408000	1.278673	0.194535	-0.996995	0.204786	0.000000	0.000000
2.429500	1.352787	0.159470	-1.072986	0.176632	0.000000	0.000000
2.451000	1.397368	0.144775	-1.145917	0.160025	0.000000	0.000000
2.472500	1.428844	0.148878	-1.190696	0.139376	0.000000	0.000000
2.494000	1.451973	0.130261	-1.249707	0.132759	0.000000	0.000000
2.515500	1.453742	0.104746	-1.313589	0.136171	0.000000	0.000000
2.537000	1.455022	0.108386	-1.325975	0.105706	0.000000	0.000000
2.558500	1.436359	0.114500	-1.370747	0.098948	0.000000	0.000000
2.580000	1.429435	0.144747	-1.355972	0.089084	0.000000	0.000000
2.601500	1.386200	0.147251	-1.351580	0.133183	0.000000	0.000000
2.623000	1.338401	0.170868	-1.353170	0.149663	0.000000	0.000000
2.644500	1.265282	0.178131	-1.353864	0.137874	0.000000	0.000000
2.666000	1.185780	0.179192	-1.335868	0.098290	0.000000	0.000000
2.687500	1.111292	0.186421	-1.249216	0.117807	0.000000	0.000000
2.709000	1.016748	0.180191	-1.243375	0.140325	0.000000	0.000000
2.730500	0.931220	0.180381	-1.157150	0.175787	0.000000	0.000000
2.752000	0.844170	0.180192	-1.131946	0.147609	0.000000	0.000000
2.773500	0.767650	0.179526	-1.013478	0.151406	0.000000	0.000000
2.795000	0.693610	0.182931	-0.963123	0.178462	0.000000	0.000000
2.816500	0.606234	0.169598	-0.853695	0.175111	0.000000	0.000000
2.838000	0.534309	0.163688	-0.763317	0.182662	0.000000	0.000000
2.859500	0.462739	0.148617	-0.717337	0.161438	0.000000	0.000000
2.881000	0.399880	0.137232	-0.645472	0.169266	0.000000	0.000000
2.902500	0.334376	0.120673	-0.563129	0.145469	0.000000	0.000000
2.924000	0.283630	0.105824	-0.499847	0.150363	0.000000	0.000000
2.945500	0.235969	0.092095	-0.457758	0.125453	0.000000	0.000000
2.967000	0.193751	0.079468	-0.366149	0.134323	0.000000	0.000000
2.988500	0.155527	0.066729	-0.304696	0.146459	0.000000	0.000000
3.010000	0.126191	0.058091	-0.295905	0.120090	0.000000	0.000000
3.031500	0.101324	0.049793	-0.233680	0.117235	0.000000	0.000000
3.053000	0.081769	0.043441	-0.252195	0.116530	0.000000	0.000000
3.074500	0.064702	0.038015	-0.202173	0.104203	0.000000	0.000000
3.096000	0.051192	0.032791	-0.137180	0.065046	0.000000	0.000000
3.117500	0.039997	0.027712	-0.116769	0.064720	0.000000	0.000000
3.139000	0.031622	0.023905	-0.100128	0.056173	0.000000	0.000000
3.160500	0.025385	0.020750	-0.049992	0.087552	0.000000	0.000000
3.182000	0.019426	0.017842	-0.078473	0.092944	0.000000	0.000000
3.203500	0.014533	0.014164	-0.014313	0.066368	0.000000	0.000000
3.225000	0.011761	0.012424	-0.050914	0.067963	0.000000	0.000000
3.246500	0.009507	0.010415	-0.042636	0.061757	0.000000	0.000000
3.268000	0.007485	0.008746	-0.018782	0.086261	0.000000	0.000000
3.289500	0.005244	0.006321	-0.006452	0.054763	0.000000	0.000000
3.311000	0.004396	0.005618	-0.000708	0.077253	0.000000	0.000000
3.332500	0.003346	0.004705	-0.011181	0.044035	0.000000	0.000000
3.354000	0.002776	0.004282	0.005101	0.070229	0.000000	0.000000
3.375500	0.002191	0.003822	0.009141	0.043354	0.000000	0.000000
3.397000	0.001523	0.002811	-0.037904	0.048186	0.000000	0.000000
3.418500	0.001354	0.002838	-0.021381	0.045812	0.000000	0.000000
3.440000	0.001030	0.002251	0.030347	0.062437	0.000000	0.000000
3.461500	0.000756	0.001824	-0.005593	0.082906	0.000000	0.000000
3.483000	0.000462	0.001206	-0.026077	0.065498	0.000000	0.000000
3.504500	0.000382	0.001110	-0.012314	0.051161	0.000000	0.000000
3.526000	0.000247	0.000800	0.009926	0.080016	0.000000	0.000000
3.547500	0.000179	0.000491	0.003320	0.073034	0.000000	0.000000
3.569000	0.000102	0.000359	0.027381	0.066345	0.000000	0.000000
3.590500	0.000034	0.000000	-0.020906	0.042601	0.000000	0.000000
3.612000	0.000046	0.000000	0.006546	0.066865	0.000000	0.000000
3.633500	0.000013	0.000000	0.019066	0.050683	0.000000	0.000000
3.655000	0.000000	0.000000	0.000726	0.062412	0.000000	0.000000
3.676500	0.000000	0.000000	-0.021142	0.071662	0.000000	0.000000
3.698000	0.000000	0.000000	-0.015286	0.053162	0.000000	0.000000
3.719500	0.000000	0.000000	0.016842	0.081288	0.000000	0.000000
3.741000	0.000000	0.000000	-0.003673	0.074542	0.000000	0.000000
3.762500	0.000000	0.000000	0.001700	0.094056	0.000000	0.000000
3.784000	0.000000	0.000000	-0.011888	0.079524	0.000000	0.000000
3.805500	0.000000	0.000000	-0.013886	0.075893	0.000000	0.000000
3.827000	0.000000	0.000000	0.014689	0.056024	0.000000	0.000000
3.848500	0.000000	0.000000	0.031740	0.074725	0.000000	0.000000
3.870000	0.000000	0.000000	-0.001007	0.062698	0.000000	0.000000
3.891500	0.000000	0.000000	0.016830	0.051389	0.000000	0.000000
3.913000	0.000000	0.000000	-0.014400	0.060942	0.000000	0.000000
3.934500	0.000000	0.000000	-0.041531	0.072656	0.000000	0.000000
3.956000	0.000000	0.000000	-0.009065	0.049253	0.000000	0.000000
3.977500	0.000000	0.000000	-0.011180	0.066985	0.000000	0.000000
3.999000	0.000000	0.000000	0.011937	0.066331	0.000000	0.000000
4.020500	0.000000	0.000000	0.024080	0.047318	0.000000	0.000000
4.042000	0.000000	0.000000	0.005129	0.044232	0.000000	0.000000
4.063500	0.000000	0.000000	0.027782	0.070816	0.000000	0.000000
4.085000	0.000000	0.000000	-0.014892	0.062020	0.000000	0.000000
4.106500	0.000000	0.000000	-0.003792	0.050282	0.000000	0.000000
4.128000	0.000000	0.000000	-0.017073	0.046359	0.000000	0.000000
4.149500	0.000000	0.000000	-0.020041	0.033645	0.000000	0.000000
4.171000	0.000000	0.000000	0.001660	0.062970	0.000000	0.000000
4.192500	0.000000	0.000000	0.010633	0.061204	0.000000	0.000000
4.214000	0.000000	0.000000	-0.013206	0.051461	0.000000	0.000000
4.235500	0.000000	0.000000	0.025914	0.072829	0.000000	0.000000
4.257000	0.000000	0.000000	-0.007283	0.054810	0.000000	0.000000
4.278500	0.000000	0.000000	0.001662	0.058883	0.000000	0.000000
4.300000	0.000000	0.000000	0.014355	0.073317	0.000000	0.000000
4.321500	0.000000	0.000000	-0.023113	0.069385	0.000000	0.000000
4.343000	0.000000	0.000000	0.000866	0.059415	0.000000	0.000000
4.364500	0.000000	0.000000	-0.015055	0.062219	0.000000	0.000000
4.386000	0.000000	0.000000	0.014374	0.055574	0.000000	0.000000
4.407500	0.000000	0.000000	-0.001130	0.055694	0.000000	0.000000
4.429000	0.000000	0.000000	-0.022938	0.046904	0.000000	0.000000
4.450500	0.000000	0.000000	0.019801	0.065389	0.000000	0.000000
4.472000	0.000000	0.000000	0.007804	0.052504	0.000000	0.000000
4.493500	0.000000	0.000000	0.019156	0.047715	0.000000	0.000000
4.515000	0.000000	0.000000	-0.006109	0.078260	0.000000	0.000000
4.536500	0.000000	0.000000	-0.010890	0.058454	0.000000	0.000000
4.558000	0.000000	0.000000	-0.011545	0.045272	0.000000	0.000000
4.579500	0.000000	0.000000	0.003034	0.087084	0.000000	0.000000
4.601000	0.000000	0.000000	0.007477	0.066534	0.000000	0.000000
4.622500	0.000000	0.000000	-0.004267	0.052290	0.000000	0.000000
4.644000	0.000000	0.000000	0.028611	0.069860	0.000000	0.000000
4.665500	0.000000	0.000000	-0.028003	0.056932	0.000000	0.000000
4.687000	0.000000	0.000000	-0.000880	0.060993	0.000000	0.000000
4.708500	0.000000	0.000000	0.007382	0.053809	0.000000	0.000000
4.730000	0.000000	0.000000	-0.026020	0.055967	0.000000	0.000000
4.751500	0.000000	0.000000	-0.003091	0.058520	0.000000	0.000000
4.773000	0.000000	0.000000	0.021371	0.063816	0.000000	0.000000
4.794500	0.000000	0.000000	-0.027338	0.051306	0.000000	0.000000
4.816000	0.000000	0.000000	0.013919	0.066039	0.000000	0.000000
4.837500	0.000000	0.000000	0.017255	0.063777	0.000000	0.000000
4.859000	0.000000	0.000000	0.004105	0.058907	0.000000	0.000000
4.880500	0.000000	0.000000	0.015401	0.073797	0.000000	0.000000
4.902000	0.000000	0.000000	-0.003235	0.054184	0.000000	0.000000
4.923500	0.000000	0.000000	-0.010923	0.059337	0.000000	0.000000
4.945000	0.000000	0.000000	-0.032144	0.070694	0.000000	0.000000
4.966500	0.000000	0.000000	-0.003096	0.064669	0.000000	0.000000
4.988000	0.000000	0.000000	-0.002125	0.050635	0.000000	0.000000
5.009500	0.000000	0.000000	0.009190	0.076597	0.000000	0.000000
5.031000	0.000000	0.000000	0.000103	0.056834	0.000000	0.000000
5.052500	0.000000	0.000000	-0.008940	0.042580	0.000000	0.000000
5.074000	0.000000	0.000000	0.022331	0.062930	0.000000	0.000000
5.095500	0.000000	0.000000	0.013938	0.069083	0.000000	0.000000
5.117000	0.000000	0.000000	0.018536	0.061282	0.000000	0.000000
5.138500	0.000000	0.000000	-0.005329	0.062721	0.000000	0.000000
5.160000	0.000000	0.000000	-0.027758	0.051778	0.000000	0.000000
5.181500	0.000000	0.000000	-0.013509	0.099555	0.000000	0.000000
5.203000	0.000000	0.000000	-0.011161	0.035968	0.000000	0.000000
5.224500	0.000000	0.000000	-0.002677	0.073583	0.000000	0.000000
5.246000	0.000000	0.000000	0.027037	0.074012	0.000000	0.000000
5.267500	0.000000	0.000000	0.006824	0.070617	0.000000	0.000000
5.289000	0.000000	0.000000	-0.002360	0.066120	0.000000	0.000000
5.310500	0.000000	0.000000	-0.008647	0.054036	0.000000	0.000000
5.332000	0.000000	0.000000	-0.002614	0.065674	0.000000	0.000000
5.353500	0.000000	0.000000	-0.025816	0.048715	0.000000	0.000000
5.375000	0.000000	0.000000	0.033187	0.057565	0.000000	0.000000
5.396500	0.000000	0.000000	-0.016476	0.064544	0.000000	0.000000
5.418000	0.000000	0.000000	0.018415	0.062713	0.000000	0.000000
5.439500	0.000000	0.000000	-0.004142	0.066946	0.000000	0.000000
5.461000	0.000000	0.000000	-0.001232	0.080592	0.000000	0.000000
5.482500	0.000000	0.000000	0.019050	0.062403	0.000000	0.000000
5.504000	0.000000	0.000000	-0.005758	0.059098	0.000000	0.000000
5.525500	0.000000	0.000000	-0.028362	0.069026	0.000000	0.000000
5.547000	0.000000	0.000000	-0.020436	0.069109	0.000000	0.000000
5.568500	0.000000	0.000000	-0.007580	0.051995	0.000000	0.000000
5.590000	0.000000	0.000000	0.020185	0.070276	0.000000	0.000000
5.611500	0.000000	0.000000	0.013291	0.046132	0.000000	0.000000
5.633000	0.000000	0.000000	0.011507	0.068660	0.000000	0.000000
5.654500	0.000000	0.000000	0.013345	0.068209	0.000000	0.000000
5.676000	0.000000	0.000000	0.002085	0.069965	0.000000	0.000000
5.697500	0.000000	0.000000	-0.025657	0.051517	0.000000	0.000000
5.719000	0.000000	0.000000	-0.006025	0.064460	0.000000	0.000000
5.740500	0.000000	0.000000	-0.008263	0.074021	0.000000	0.000000
5.762000	0.000000	0.000000	0.002001	0.062422	0.000000	0.000000
5.783500	0.000000	0.000000	0.025277	0.067309	0.000000	0.000000
5.805000	0.000000	0.000000	0.000387	0.062124	0.000000	0.000000
5.826500	0.000000	0.000000	0.019543	0.056417	0.000000	0.000000
5.848000	0.000000	0.000000	-0.029040	0.076380	0.000000	0.000000
5.869500	0.000000	0.000000	-0.006366	0.050736	0.000000	0.000000
5.891000	0.000000	0.000000	-0.011576	0.064119	0.000000	0.000000
5.912500	0.000000	0.000000	-0.003233	0.069286	0.000000	0.000000
5.934000	0.000000	0.000000	-0.002050	0.079497	0.000000	0.000000
5.955500	0.000000	0.000000	0.012295	0.067800	0.000000	0.000000
5.977000	0.000000	0.000000	-0.009103	0.068737	0.000000	0.000000
5.998500	0.000000	0.000000	0.010624	0.073432	0.000000	0.000000
6.020000	0.000000	0.000000	0.010065	0.064273	0.000000	0.000000
6.041500	0.000000	0.000000	0.000814	0.065733	0.000000	0.000000
6.063000	0.000000	0.000000	-0.026503	0.061012	0.000000	0.000000
6.084500	0.000000	0.000000	-0.000915	0.070649	0.000000	0.000000
6.106000	0.000000	0.000000	0.002704	0.064319	0.000000	0.000000
6.127500	0.000000	0.000000	0.025588	0.058995	0.000000	0.000000
6.149000	0.000000	0.000000	0.003829	0.069826	0.000000	0.000000
6.170500	0.000000	0.000000	0.012316	0.079425	0.000000	0.000000
6.192000	0.000000	0.000000	-0.002070	0.070538	0.000000	0.000000
6.213500	0.000000	0.000000	-0.009181	0.063174	0.000000	0.000000
6.235000	0.000000	0.000000	0.010060	0.063981	0.000000	0.000000
6.256500	0.000000	0.000000	-0.000858	0.085896	0.000000	0.000000
6.278000	0.000000	0.000000	0.006676	0.065119	0.000000	0.000000
6.299500	0.000000	0.000000	-0.020713	0.058105	0.000000	0.000000
6.321000	0.000000	0.000000	-0.000125	0.071816	0.000000	0.000000
6.342500	0.000000	0.000000	-0.033826	0.074068	0.000000	0.000000
6.364000	0.000000	0.000000	0.003642	0.071201	0.000000	0.000000
6.385500	0.000000	0.000000	0.003971	0.066400	0.000000	0.000000
6.407000	0.000000	0.000000	-0.008049	0.074629	0.000000	0.000000
6.428500	0.000000	0.000000	0.025503	0.053848	0.000000	0.000000
6.450000	0.000000	0.000000	0.019960	0.034300	0.000000	0.000000
6.471500	0.000000	0.000000	-0.018612	0.063101	0.000000	0.000000
6.493000	0.000000	0.000000	0.003562	0.072883	0.000000	0.000000
6.514500	0.000000	0.000000	0.009700	0.057146	0.000000	0.000000
6.536000	0.000000	0.000000	-0.029657	0.046478	0.000000	0.000000
6.557500	0.000000	0.000000	0.007910	0.068134	0.000000	0.000000
6.579000	0.000000	0.000000	0.005297	0.072517	0.000000	0.000000
6.600500	0.000000	0.000000	0.028113	0.057396	0.000000	0.000000
6.622000	0.000000	0.000000	-0.019941	0.067786	0.000000	0.000000
6.643500	0.000000	0.000000	-0.002755	0.083046	0.000000	0.000000
6.665000	0.000000	0.000000	-0.016500	0.066430	0.000000	0.000000
6.686500	0.000000	0.000000	0.017112	0.072328	0.000000	0.000000
6.708000	0.000000	0.000000	-0.023495	0.053293	0.000000	0.000000
6.729500	0.000000	0.000000	0.000277	0.053278	0.000000	0.000000
6.751000	0.000000	0.000000	-0.002353	0.078376	0.000000	0.000000
6.772500	0.000000	0.000000	0.027835	0.069521	0.000000	0.000000
6.794000	0.000000	0.000000	0.008354	0.040121	0.000000	0.000000
6.815500	0.000000	0.000000	-0.005744	0.052104	0.000000	0.000000
6.837000	0.000000	0.000000	-0.010827	0.053104	0.000000	0.000000
6.858500	0.000000	0.000000	0.025070	0.051765	0.000000	0.000000
6.880000	0.000000	0.000000	-0.010468	0.066720	0.000000	0.000000
6.901500	0.000000	0.000000	0.005889	0.060753	0.000000	0.000000
6.923000	0.000000	0.000000	0.002456	0.057124	0.000000	0.000000
6.944500	0.000000	0.000000	-0.007705	0.070782	0.000000	0.000000
6.966000	0.000000	0.000000	-0.027374	0.084707	0.000000	0.000000
6.987500	0.000000	0.000000	-0.029857	0.048493	0.000000	0.000000
7.009000	0.000000	0.000000	0.000777	0.082079	0.000000	0.000000
7.030500	0.000000	0.000000	0.034497	0.049082	0.000000	0.000000
7.052000	0.000000	0.000000	0.018237	0.084603	0.000000	0.000000
7.073500	0.000000	0.000000	-0.014132	0.060350	0.000000	0.000000
7.095000	0.000000	0.000000	0.013760	0.062082	0.000000	0.000000
7.116500	0.000000	0.000000	-0.003065	0.058670	0.000000	0.000000
7.138000	0.000000	0.000000	0.001081	0.076108	0.000000	0.000000
7.159500	0.000000	0.000000	-0.012390	0.071968	0.000000	0.000000
7.181000	0.000000	0.000000	0.003823	0.061128	0.000000	0.000000
7.202500	0.000000	0.000000	-0.004894	0.069519	0.000000	0.000000
7.224000	0.000000	0.000000	-0.030534	0.058882	0.000000	0.000000
7.245500	0.000000	0.000000	0.024318	0.044041	0.000000	0.000000
7.267000	0.000000	0.000000	0.016587	0.058865	0.000000	0.000000
7.288500	0.000000	0.000000	-0.006767	0.078016	0.000000	0.000000
7.310000	0.000000	0.000000	0.008347	0.047819	0.000000	0.000000
7.331500	0.000000	0.000000	-0.012404	0.048829	0.000000	0.000000
7.353000	0.000000	0.000000	0.018464	0.068815	0.000000	0.000000
7.374500	0.000000	0.000000	0.004039	0.064373	0.000000	0.000000
7.396000	0.000000	0.000000	-0.010054	0.068909	0.000000	0.000000
7.417500	0.000000	0.000000	0.028324	0.045924	0.000000	0.000000
7.439000	0.000000	0.000000	-0.043751	0.048473	0.000000	0.000000
7.460500	0.000000	0.000000	-0.004435	0.077093	0.000000	0.000000
7.482000	0.000000	0.000000	-0.002107	0.080150	0.000000	0.000000
7.503500	0.000000	0.000000	0.013779	0.057297	0.000000	0.000000
7.525000	0.000000	0.000000	-0.013886	0.041293	0.000000	0.000000
7.546500	0.000000	0.000000	0.010784	0.074298	0.000000	0.000000
7.568000	0.000000	0.000000	0.020840	0.078721	0.000000	0.000000
7.589500	0.000000	0.000000	-0.028162	0.060765	0.000000	0.000000
7.611000	0.000000	0.000000	0.018110	0.052075	0.000000	0.000000
7.632500	0.000000	0.000000	-0.014221	0.072082	0.000000	0.000000
7.654000	0.000000	0.000000	-0.016326	0.071093	0.000000	0.000000
7.675500	0.000000	0.000000	0.013720	0.081224	0.000000	0.000000
7.697000	0.000000	0.000000	-0.001555	0.078327	0.000000	0.000000
7.718500	0.000000	0.000000	0.014134	0.058467	0.000000	0.000000
7.740000	0.000000	0.000000	0.024792	0.080430	0.000000	0.000000
7.761500	0.000000	0.000000	-0.007092	0.052971	0.000000	0.000000
7.783000	0.000000	0.000000	-0.017530	0.067464	0.000000	0.000000
7.804500	0.000000	0.000000	-0.025092	0.056909	0.000000	0.000000
7.826000	0.000000	0.000000	-0.003138	0.075372	0.000000	0.000000
7.847500	0.000000	0.000000	0.011827	0.045476	0.000000	0.000000
7.869000	0.000000	0.000000	0.026535	0.071200	0.000000	0.000000
7.890500	0.000000	0.000000	0.004629	0.051165	0.000000	0.000000
7.912000	0.000000	0.000000	0.006024	0.063268	0.000000	0.000000
7.933500	0.000000	0.000000	-0.005792	0.067790	0.000000	0.000000
7.955000	0.000000	0.000000	-0.016923	0.085224	0.000000	0.000000
7.976500	0.000000	0.000000	0.007483	0.053253	0.000000	0.000000
7.998000	0.000000	0.000000	-0.015610	0.070365	0.000000	0.000000
8.019500	0.000000	0.000000	-0.013499	0.072798	0.000000	0.000000
8.041000	0.000000	0.000000	-0.010775	0.058878	0.000000	0.000000
8.062500	0.000000	0.000000	-0.017486	0.062264	0.000000	0.000000
8.084000	0.000000	0.000000	0.028908	0.066980	0.000000	0.000000
8.105500	0.000000	0.000000	0.008404	0.073578	0.000000	0.000000
8.127000	0.000000	0.000000	0.059659	0.066929	0.000000	0.000000
8.148500	0.000000	0.000000	-0.018566	0.069129	0.000000	0.000000
8.170000	0.000000	0.000000	-0.017872	0.065977	0.000000	0.000000
8.191500	0.000000	0.000000	-0.002121	0.077094	0.000000	0.000000
8.213000	0.000000	0.000000	-0.041527	0.063132	0.000000	0.000000
8.234500	0.000000	0.000000	0.015150	0.067584	0.000000	0.000000
8.256000	0.000000	0.000000	0.021175	0.072579	0.000000	0.000000
8.277500	0.000000	0.000000	-0.008249	0.062573	0.000000	0.000000
8.299000	0.000000	0.000000	-0.001652	0.066019	0.000000	0.000000
8.320500	0.000000	0.000000	-0.012698	0.070027	0.000000	0.000000
8.342000	0.000000	0.000000	0.011314	0.066817	0.000000	0.000000
8.363500	0.000000	0.000000	0.008012	0.071141	0.000000	0.000000
8.385000	0.000000	0.000000	-0.002072	0.065390	0.000000	0.000000
8.406500	0.000000	0.000000	0.010106	0.050752	0.000000	0.000000
8.428000	0.000000	0.000000	-0.008165	0.052585	0.000000	0.000000
8.449500	0.000000	0.000000	-0.004637	0.066117	0.000000	0.000000
8.471000	0.000000	0.000000	0.008647	0.058789	0.000000	0.000000
8.492500	0.000000	0.000000	-0.005387	0.048999	0.000000	0.000000
8.514000	0.000000	0.000000	-0.035297	0.084190	0.000000	0.000000
8.535500	0.000000	0.000000	0.016742	0.059025	0.000000	0.000000
8.557000	0.000000	0.000000	0.016044	0.053737	0.000000	0.000000
8.578500	0.000000	0.000000	-0.021204	0.077610	0.000000	0.000000
8.600000	0.000000	0.000000	0.015550	0.062529	0.000000	0.000000
8.621500	0.000000	0.000000	-0.002223	0.054397	0.000000	0.000000
8.643000	0.000000	0.000000	0.034747	0.075035	0.000000	0.000000
8.664500	0.000000	0.000000	-0.005346	0.081104	0.000000	0.000000
8.686000	0.000000	0.000000	0.001702	0.056404	0.000000	0.000000
8.707500	0.000000	0.000000	-0.015185	0.080238	0.000000	0.000000
8.729000	0.000000	0.000000	-0.007512	0.051546	0.000000	0.000000
8.750500	0.000000	0.000000	-0.017994	0.052158	0.000000	0.000000
8.772000	0.000000	0.000000	-0.014474	0.058171	0.000000	0.000000
8.793500	0.000000	0.000000	0.010243	0.063196	0.000000	0.000000
8.815000	0.000000	0.000000	-0.013245	0.068582	0.000000	0.000000
8.836500	0.000000	0.000000	0.011685	0.070501	0.000000	0.000000
8.858000	0.000000	0.000000	0.024796	0.065479	0.000000	0.000000
8.879500	0.000000	0.000000	0.029699	0.046268	0.000000	0.000000
8.901000	0.000000	0.000000	0.022458	0.065518	0.000000	0.000000
8.922500	0.000000	0.000000	-0.034177	0.055425	0.000000	0.000000
8.944000	0.000000	0.000000	-0.008933	0.065548	0.000000	0.000000
8.965500	0.000000	0.000000	-0.025084	0.089577	0.000000	0.000000
8.987000	0.000000	0.000000	-0.015293	0.065320	0.000000	0.000000
9.008500	0.000000	0.000000	0.011188	0.070476	0.000000	0.000000
9.030000	0.000000	0.000000	-0.008048	0.062110	0.000000	0.000000
9.051500	0.000000	0.000000	-0.005006	0.044653	0.000000	0.000000
9.073000	0.000000	0.000000	0.030314	0.056231	0.000000	0.000000
9.094500	0.000000	0.000000	0.004453	0.061996	0.000000	0.000000
9.116000	0.000000	0.000000	0.013541	0.053770	0.000000	0.000000
9.137500	0.000000	0.000000	-0.012465	0.097790	0.000000	0.000000
9.159000	0.000000	0.000000	-0.001227	0.086696	0.000000	0.000000
9.180500	0.000000	0.000000	-0.001255	0.068987	0.000000	0.000000
9.202000	0.000000	0.000000	0.001021	0.072557	0.000000	0.000000
9.223500	0.000000	0.000000	-0.004074	0.062009	0.000000	0.000000
9.245000	0.000000	0.000000	0.000579	0.078448	0.000000	0.000000
9.266500	0.000000	0.000000	0.007231	0.046554	0.000000	0.000000
9.288000	0.000000	0.000000	-0.013511	0.047621	0.000000	0.000000
9.309500	0.000000	0.000000	-0.010203	0.048665	0.000000	0.000000
9.331000	0.000000	0.000000	0.031817	0.081306	0.000000	0.000000
9.352500	0.000000	0.000000	-0.030380	0.053649	0.000000	0.000000
9.374000	0.000000	0.000000	0.009028	0.067284	0.000000	0.000000
9.395500	0.000000	0.000000	-0.000437	0.080994	0.000000	0.000000
9.417000	0.000000	0.000000	-0.025919	0.061254	0.000000	0.000000
9.438500	0.000000	0.000000	0.024373	0.060952	0.000000	0.000000
9.460000	0.000000	0.000000	0.000266	0.062490	0.000000	0.000000
9.481500	0.000000	0.000000	-0.007714	0.077248	0.000000	0.000000
9.503000	0.000000	0.000000	0.028608	0.055580	0.000000	0.000000
9.524500	0.000000	0.000000	0.015587	0.053783	0.000000	0.000000
9.546000	0.000000	0.000000	0.005979	0.061258	0.000000	0.000000
9.567500	0.000000	0.000000	-0.031854	0.068028	0.000000	0.000000
9.589000	0.000000	0.000000	0.014273	0.072872	0.000000	0.000000
9.610500	0.000000	0.000000	-0.012891	0.067510	0.000000	0.000000
9.632000	0.000000	0.000000	-0.025252	0.076260	0.000000	0.000000
9.653500	0.000000	0.000000	-0.001235	0.053830	0.000000	0.000000
9.675000	0.000000	0.000000	0.017747	0.051519	0.000000	0.000000
9.696500	0.000000	0.000000	0.014265	0.088454	0.000000	0.000000
9.718000	0.000000	0.000000	0.003740	0.057074	0.000000	0.000000
9.739500	0.000000	0.000000	0.005865	0.089329	0.000000	0.000000
9.761000	0.000000	0.000000	-0.016368	0.063993	0.000000	0.000000
9.782500	0.000000	0.000000	-0.022688	0.053066	0.000000	0.000000
9.804000	0.000000	0.000000	0.026839	0.054712	0.000000	0.000000
9.825500	0.000000	0.000000	-0.007468	0.053261	0.000000	0.000000
9.847000	0.000000	0.000000	-0.016173	0.040924	0.000000	0.000000
9.868500	0.000000	0.000000	0.012408	0.068084	0.000000	0.000000
9.890000	0.000000	0.000000	0.014098	0.049641	0.000000	0.000000
9.911500	0.000000	0.000000	0.022092	0.070250	0.000000	0.000000
9.933000	0.000000	0.000000	0.019525	0.072377	0.000000	0.000000
9.954500	0.000000	0.000000	-0.040795	0.069013	0.000000	0.000000
9.976000	0.000000	0.000000	-0.037815	0.051888	0.000000	0.000000
9.997500	0.000000	0.000000	-0.012458	0.046056	0.000000	0.000000
10.019000	0.000000	0.000000	0.026465	0.058186	0.000000	0.000000
10.040500	0.000000	0.000000	0.026977	0.073464	0.000000	0.000000
10.062000	0.000000	0.000000	-0.024194	0.060887	0.000000	0.000000
10.083500	0.000000	0.000000	0.002263	0.054585	0.000000	0.000000
10.105000	0.000000	0.000000	0.008098	0.040936	0.000000	0.000000
10.126500	0.000000	0.000000	-0.005048	0.052071	0.000000	0.000000
10.148000	0.000000	0.000000	-0.019537	0.042893	0.000000	0.000000
10.169500	0.000000	0.000000	-0.004789	0.044894	0.000000	0.000000
10.191000	0.000000	0.000000	0.029775	0.043498	0.000000	0.000000
10.212500	0.000000	0.000000	-0.004836	0.049541	0.000000	0.000000
10.234000	0.000000	0.000000	-0.009496	0.054235	0.000000	0.000000
10.255500	0.000000	0.000000	-0.015312	0.055060	0.000000	0.000000
10.277000	0.000000	0.000000	-0.004528	0.046421	0.000000	0.000000
10.298500	0.000000	0.000000	0.006621	0.053175	0.000000	0.000000
10.320000	0.000000	0.000000	-0.007954	0.022394	0.000000	0.000000
10.341500	0.000000	0.000000	-0.005932	0.020412	0.000000	0.000000
10.363000	0.000000	0.000000	-0.005113	0.016099	0.000000	0.000000
10.384500	0.000000	0.000000	0.009557	0.033259	0.000000	0.000000
10.406000	0.000000	0.000000	0.001820	0.006081	0.000000	0.000000
10.427500	0.000000	0.000000	-0.007678	0.027246	0.000000	0.000000
10.449000	0.000000	0.000000	0.002615	0.009785	0.000000	0.000000
10.470500	0.000000	0.000000	-0.001210	0.004529	0.000000	0.000000
10.492000	0.000000	0.000000	-0.001744	0.006525	0.000000	0.000000
10.513500	0.000000	0.000000	0.000153	0.000571	0.000000	0.000000
10.535000	0.000000	0.000000	0.000000	0.000000	0.000000	0.000000
10.556500	0.000000	0.000000	0.000000	0.000000	0.000000	0.000000
10.578000	0.000000	0.000000	0.000000	0.000000	0.000000	0.000000
10.599500	0.000000	0.000000	0.000000	0.000000	0.000000	0.000000
10.621000	0.000000	0.000000	0.000000	0.000000	0.000000	0.000000
10.642500	0.000000	0.000000	0.000000	0.000000	0.000000	0.000000
10.664000	0.000000	0.000000	0.000000	0.000000	0.000000	0.000000
10.685500	0.000000	0.000000	0.000000	0.000000	0.000000	0.000000
10.707000	0.000000	0.000000	0.000000	0.000000	0.000000	0.000000
10.728500	0.000000	0.000000	0.000000	0.000000	0.000000	0.000000
10.750000	0.000000	0.000000	0.000000	0.000000	0.000000	0.000000
10.771500	0.000000	0.000000	0.000000	0.000000	0.000000	0.000000
10.793000	0.000000	0.000000	0.000000	0.000000	0.000000	0.000000
10.814500	0.000000	0.000000	0.000000	0.000000	0.000000	0.000000
10.836000	0.000000	0.000000	0.000000	0.000000	0.000000	0.000000
10.857500	0.000000	0.000000	0.000000	0.000000	0.000000	0.000000
10.879000	0.000000	0.000000	0.000000	0.000000	0.000000	0.000000
10.900500	0.000000	0.000000	0.000000	0.000000	0.000000	0.000000
10.922000	0.000000	0.000000	0.000000	0.000000	0.000000	0.000000
10.943500	0.000000	0.000000	0.000000	0.000000	0.000000	0.000000
10.965000	0.000000	0.000000	0.000000	0.000000	0.000000	0.000000
10.986500	0.000000	0.000000	0.000000	0.000000	0.000000	0.000000
