-10.9865 	0.0 	0.0
-10.965 	0.0 	0.0
-10.9435 	0.0 	0.0
-10.922 	0.0 	0.0
-10.9005 	0.0 	0.0
-10.879 	0.0 	0.0
-10.8575 	0.0 	0.0
-10.836 	0.0 	0.0
-10.8145 	0.0 	0.0
-10.793 	0.0 	0.0
-10.7715 	0.0 	0.0
-10.75 	0.0 	0.0
-10.7285 	0.0 	0.0
-10.707 	0.0 	0.0
-10.6855 	0.0 	0.0
-10.664 	0.0 	0.0
-10.6425 	0.0 	0.0
-10.621 	0.0 	0.0
-10.5995 	0.0 	0.0
-10.578 	0.0 	0.0
-10.5565 	0.0 	0.0
-10.535 	0.2097525 	0.7848225
-10.5135 	1.214985 	4.546059
-10.492 	2.223363 	8.319064
-10.4705 	2.226921 	8.3323755
-10.449 	2.2188495 	8.302175
-10.4275 	3.4386225 	9.5693635
-10.406 	4.454235 	11.3561165
-10.3845 	5.173859 	11.6906655
-10.363 	5.965555 	12.396994
-10.3415 	8.8984945 	14.198127
-10.32 	12.868616 	15.9282215
-10.2985 	13.8576315 	16.146162
-10.277 	15.5433175 	16.063653
-10.2555 	19.1858765 	15.0138465
-10.234 	24.1903665 	14.0389435
-10.2125 	26.6893335 	13.344803
-10.191 	26.6752495 	13.337785
-10.1695 	27.913777 	12.0266395
-10.148 	30.1157035 	8.912891
-10.1265 	31.1375365 	8.3220025
-10.105 	31.136454 	8.3217225
-10.0835 	32.187799 	4.4121775
-10.062 	33.01045 	1.4428085
-10.0405 	33.374846 	0.065183
-10.019 	33.3349655 	0.068565
-9.9975 	33.3837355 	0.066839
-9.976 	33.375915 	0.063657
-9.9545 	33.392393 	0.0752725
-9.933 	33.361167 	0.0832435
-9.9115 	33.360643 	0.064845
-9.89 	33.3614095 	0.0820695
-9.8685 	33.3576425 	0.065928
-9.847 	33.375609 	0.0553595
-9.8255 	33.3634865 	0.06478
-9.804 	33.357544 	0.056546
-9.7825 	33.353662 	0.0587775
-9.761 	33.368932 	0.075037
-9.7395 	33.3673655 	0.0763365
-9.718 	33.3725165 	0.0586375
-9.6965 	33.35392 	0.0678865
-9.675 	33.3755385 	0.071441
-9.6535 	33.360855 	0.05131
-9.632 	33.3816735 	0.0740055
-9.6105 	33.3624035 	0.0795975
-9.589 	33.360283 	0.070864
-9.5675 	33.36751 	0.0645155
-9.546 	33.355274 	0.0703545
-9.5245 	33.373254 	0.045554
-9.503 	33.3377435 	0.069318
-9.4815 	33.347224 	0.0633105
-9.46 	33.3472335 	0.0696785
-9.4385 	33.3522515 	0.069033
-9.417 	33.37433 	0.0651865
-9.3955 	33.3454065 	0.0759825
-9.374 	33.3619555 	0.0552885
-9.3525 	33.360838 	0.0594505
-9.331 	33.3607495 	0.088996
-9.3095 	33.386838 	0.0741975
-9.288 	33.37985 	0.081973
-9.2665 	33.363754 	0.059352
-9.245 	33.357895 	0.0759895
-9.2235 	33.359628 	0.0656915
-9.202 	33.3717105 	0.0673205
-9.1805 	33.3713445 	0.064331
-9.159 	33.356592 	0.069945
-9.1375 	33.3509945 	0.0757615
-9.116 	33.3554135 	0.0621215
-9.0945 	33.336109 	0.0763995
-9.073 	33.377341 	0.068753
-9.0515 	33.359995 	0.054182
-9.03 	33.372112 	0.0618565
-9.0085 	33.347129 	0.073743
-8.987 	33.3576695 	0.073043
-8.9655 	33.370139 	0.0839075
-8.944 	33.3548125 	0.0734395
-8.9225 	33.372074 	0.0513335
-8.901 	33.34313 	0.0718205
-8.8795 	33.3493725 	0.061747
-8.858 	33.338252 	0.0828635
-8.8365 	33.366451 	0.065587
-8.815 	33.355745 	0.0492705
-8.7935 	33.3538885 	0.058064
-8.772 	33.371854 	0.0609425
-8.7505 	33.369155 	0.067487
-8.729 	33.3872525 	0.0755325
-8.7075 	33.364758 	0.081065
-8.686 	33.3485235 	0.0651975
-8.6645 	33.3618 	0.082187
-8.643 	33.333157 	0.086077
-8.6215 	33.334845 	0.0727505
-8.6 	33.334093 	0.073001
-8.5785 	33.376511 	0.06098
-8.557 	33.3647205 	0.069787
-8.5355 	33.3494695 	0.0744755
-8.514 	33.3785615 	0.077742
-8.4925 	33.36715 	0.061386
-8.471 	33.341812 	0.0638225
-8.4495 	33.3549945 	0.0693225
-8.428 	33.3455835 	0.064862
-8.4065 	33.33717 	0.0567895
-8.385 	33.3422675 	0.0623425
-8.3635 	33.3522735 	0.076008
-8.342 	33.3612525 	0.089412
-8.3205 	33.371713 	0.0631575
-8.299 	33.3629915 	0.063726
-8.2775 	33.3497325 	0.0554865
-8.256 	33.3408015 	0.0684495
-8.2345 	33.346453 	0.052683
-8.213 	33.3697125 	0.058049
-8.1915 	33.3529485 	0.058619
-8.17 	33.3604815 	0.0738215
-8.1485 	33.364818 	0.0660505
-8.127 	33.330399 	0.0670995
-8.1055 	33.3567785 	0.0576135
-8.084 	33.3378565 	0.070917
-8.0625 	33.360509 	0.0649445
-8.041 	33.354902 	0.0720715
-8.0195 	33.3737595 	0.085008
-7.998 	33.361776 	0.0568365
-7.9765 	33.33763 	0.066189
-7.955 	33.375023 	0.0718305
-7.9335 	33.3552695 	0.077217
-7.912 	33.3570755 	0.058415
-7.8905 	33.3513505 	0.0593095
-7.869 	33.3435685 	0.063378
-7.8475 	33.326035 	0.050828
-7.826 	33.353586 	0.083742
-7.8045 	33.366181 	0.06213
-7.783 	33.349925 	0.0689485
-7.7615 	33.370513 	0.0687625
-7.74 	33.3359525 	0.0711355
-7.7185 	33.3583835 	0.072578
-7.697 	33.380301 	0.0775885
-7.6755 	33.347513 	0.0758575
-7.654 	33.351183 	0.0777605
-7.6325 	33.3571545 	0.0591745
-7.611 	33.3363955 	0.067187
-7.5895 	33.3727025 	0.065375
-7.568 	33.3509895 	0.0642415
-7.5465 	33.3513825 	0.066203
-7.525 	33.358829 	0.071234
-7.5035 	33.360958 	0.051789
-7.482 	33.3462315 	0.069753
-7.4605 	33.374087 	0.066454
-7.439 	33.383753 	0.061116
-7.4175 	33.355577 	0.0669445
-7.396 	33.3560985 	0.06352
-7.3745 	33.3615205 	0.070413
-7.353 	33.327693 	0.0824145
-7.3315 	33.349831 	0.0773885
-7.31 	33.345484 	0.0657375
-7.2885 	33.374009 	0.060265
-7.267 	33.3426485 	0.0691145
-7.2455 	33.3649115 	0.0674225
-7.224 	33.379037 	0.0581235
-7.2025 	33.354183 	0.057483
-7.181 	33.355938 	0.078748
-7.1595 	33.3659525 	0.069035
-7.138 	33.335305 	0.0624655
-7.1165 	33.363083 	0.0426175
-7.095 	33.3442565 	0.0754665
-7.0735 	33.3524045 	0.0586065
-7.052 	33.3431765 	0.073457
-7.0305 	33.3391885 	0.0747435
-7.009 	33.369751 	0.0833775
-6.9875 	33.372146 	0.062465
-6.966 	33.382522 	0.067824
-6.9445 	33.3571055 	0.0824115
-6.923 	33.3600585 	0.063086
-6.9015 	33.3606 	0.058509
-6.88 	33.3744465 	0.0714745
-6.8585 	33.342931 	0.0626
-6.837 	33.342928 	0.0750645
-6.8155 	33.359336 	0.0663775
-6.794 	33.348436 	0.078029
-6.7725 	33.331804 	0.073998
-6.751 	33.3551645 	0.0672715
-6.7295 	33.3417815 	0.067422
-6.708 	33.3775695 	0.0704095
-6.6865 	33.3265155 	0.0892185
-6.665 	33.372131 	0.0681245
-6.6435 	33.36501 	0.0840105
-6.622 	33.3771135 	0.067533
-6.6005 	33.36417 	0.0696865
-6.579 	33.3658135 	0.0624665
-6.5575 	33.338752 	0.0664705
-6.536 	33.357176 	0.0581485
-6.5145 	33.3543545 	0.063248
-6.493 	33.354382 	0.0785685
-6.4715 	33.3527275 	0.0621695
-6.45 	33.3434855 	0.0676995
-6.4285 	33.3606775 	0.0609285
-6.407 	33.3419845 	0.0703855
-6.3855 	33.353021 	0.079385
-6.364 	33.352401 	0.0597275
-6.3425 	33.3917 	0.077409
-6.321 	33.3726585 	0.0577805
-6.2995 	33.362576 	0.061898
-6.278 	33.351132 	0.0762465
-6.2565 	33.355252 	0.0624455
-6.235 	33.3639695 	0.055159
-6.2135 	33.351944 	0.0697205
-6.192 	33.353126 	0.065987
-6.1705 	33.3626755 	0.074897
-6.149 	33.353252 	0.083619
-6.1275 	33.339208 	0.0624315
-6.106 	33.3472215 	0.0674215
-6.0845 	33.360011 	0.0804295
-6.063 	33.336384 	0.0730955
-6.0415 	33.3425025 	0.0699485
-6.02 	33.363326 	0.0581405
-5.9985 	33.342986 	0.056462
-5.977 	33.3740485 	0.0624915
-5.9555 	33.3485085 	0.076889
-5.934 	33.342049 	0.0697535
-5.9125 	33.3448645 	0.0693925
-5.891 	33.3538345 	0.065988
-5.8695 	33.3662845 	0.0706635
-5.848 	33.356772 	0.0681925
-5.8265 	33.3482025 	0.067749
-5.805 	33.350423 	0.0563365
-5.7835 	33.349199 	0.058274
-5.762 	33.3681425 	0.075341
-5.7405 	33.367639 	0.069808
-5.719 	33.3655855 	0.07481
-5.6975 	33.354994 	0.0630955
-5.676 	33.3382315 	0.095795
-5.6545 	33.3070185 	0.0673215
-5.633 	33.355111 	0.0736795
-5.6115 	33.372683 	0.0517955
-5.59 	33.3440925 	0.071247
-5.5685 	33.343741 	0.0672095
-5.547 	33.346753 	0.0699445
-5.5255 	33.3406545 	0.060992
-5.504 	33.3564545 	0.0577495
-5.4825 	33.343645 	0.0656045
-5.461 	33.3371095 	0.070829
-5.4395 	33.3717995 	0.0621495
-5.418 	33.3520915 	0.0722435
-5.3965 	33.361184 	0.0651685
-5.375 	33.343849 	0.070324
-5.3535 	33.34715 	0.0601705
-5.332 	33.3530785 	0.0700515
-5.3105 	33.359976 	0.070911
-5.289 	33.3596395 	0.079865
-5.2675 	33.342565 	0.066136
-5.246 	33.337391 	0.0603545
-5.2245 	33.3485095 	0.0872355
-5.203 	33.333638 	0.054444
-5.1815 	33.34859 	0.090306
-5.16 	33.3733735 	0.0627475
-5.1385 	33.35337 	0.0541255
-5.117 	33.349004 	0.071739
-5.0955 	33.344425 	0.073445
-5.074 	33.320439 	0.081164
-5.0525 	33.360773 	0.073342
-5.031 	33.360638 	0.0657295
-5.0095 	33.3400185 	0.0737815
-4.988 	33.346107 	0.0625525
-4.9665 	33.3304475 	0.055513
-4.945 	33.365898 	0.049716
-4.9235 	33.358412 	0.058104
-4.902 	33.345733 	0.0698205
-4.8805 	33.3243705 	0.0709575
-4.859 	33.3389375 	0.081178
-4.8375 	33.3490355 	0.063984
-4.816 	33.331073 	0.071685
-4.7945 	33.361292 	0.0659735
-4.773 	33.330511 	0.0648105
-4.7515 	33.349734 	0.079004
-4.73 	33.339151 	0.0581735
-4.7085 	33.341067 	0.068166
-4.687 	33.3575795 	0.0642575
-4.6655 	33.371661 	0.061256
-4.644 	33.328828 	0.054404
-4.6225 	33.339832 	0.0687175
-4.601 	33.331053 	0.075328
-4.5795 	33.3422605 	0.087431
-4.558 	33.3455345 	0.0761755
-4.5365 	33.350228 	0.0654115
-4.515 	33.341173 	0.0648405
-4.4935 	33.3188195 	0.0812815
-4.472 	33.3265465 	0.0671255
-4.4505 	33.308399 	0.068439
-4.429 	33.3366645 	0.0537735
-4.4075 	33.3346865 	0.0629835
-4.386 	33.336069 	0.066131
-4.3645 	33.3346695 	0.071945
-4.343 	33.338502 	0.042593
-4.3215 	33.351855 	0.068199
-4.3 	33.323456 	0.075745
-4.2785 	33.330239 	0.0616905
-4.257 	33.322996 	0.066357
-4.2355 	33.331283 	0.079103
-4.214 	33.3429625 	0.0659635
-4.1925 	33.325991 	0.070319
-4.171 	33.3374645 	0.059268
-4.1495 	33.3451205 	0.054937
-4.128 	33.331814 	0.055738
-4.1065 	33.315852 	0.0676645
-4.085 	33.3391615 	0.0697525
-4.0635 	33.310208 	0.0824045
-4.042 	33.300341 	0.069552
-4.0205 	33.3075 	0.063168
-3.999 	33.3249475 	0.082121
-3.9775 	33.3221 	0.071989
-3.956 	33.318859 	0.056658
-3.9345 	33.346603 	0.059963
-3.913 	33.335484 	0.06954
-3.8915 	33.321445 	0.0573455
-3.87 	33.31875 	0.0718835
-3.8485 	33.3082585 	0.0844395
-3.827 	33.3105945 	0.065554
-3.8055 	33.321482 	0.078379
-3.784 	33.3149535 	0.0667735
-3.7625 	33.3161695 	0.0860025
-3.741 	33.3067295 	0.065915
-3.7195 	33.308526 	0.080212
-3.698 	33.3189725 	0.0698255
-3.6765 	33.3175615 	0.061285
-3.655 	33.3127255 	0.0653845
-3.6335 	33.295582 	0.056981
-3.612 	33.2816435 	0.0654935
-3.5905 	33.3075635 	0.055823
-3.569 	33.3046405 	0.075282
-3.5475 	33.3180515 	0.0835565
-3.526 	33.293695 	0.063099
-3.5045 	33.3021275 	0.0753145
-3.483 	33.305748 	0.07928
-3.4615 	33.2879895 	0.078652
-3.44 	33.2835065 	0.0749435
-3.4185 	33.293154 	0.072164
-3.397 	33.330191 	0.068549
-3.3755 	33.2772115 	0.0540165
-3.354 	33.261257 	0.06497
-3.3325 	33.2942735 	0.069118
-3.311 	33.2689225 	0.069898
-3.2895 	33.2932195 	0.082161
-3.268 	33.274099 	0.0768505
-3.2465 	33.252423 	0.059162
-3.225 	33.267487 	0.0691745
-3.2035 	33.2313495 	0.0911295
-3.182 	33.231112 	0.1174725
-3.1605 	33.2112635 	0.0851545
-3.139 	33.216453 	0.121818
-3.1175 	33.176226 	0.1333895
-3.096 	33.113984 	0.1391805
-3.0745 	33.0864075 	0.1575685
-3.053 	33.0369745 	0.154369
-3.0315 	32.960961 	0.2030015
-3.01 	32.8754465 	0.2489595
-2.9885 	32.759038 	0.276313
-2.967 	32.6587405 	0.317358
-2.9455 	32.5471565 	0.37826
-2.924 	32.379371 	0.3865555
-2.9025 	32.197842 	0.440621
-2.881 	31.9900355 	0.4864635
-2.8595 	31.7796555 	0.5367725
-2.838 	31.506583 	0.5620385
-2.8165 	31.2447395 	0.6568345
-2.795 	30.9639615 	0.711345
-2.7735 	30.619065 	0.7856295
-2.752 	30.2747675 	0.850589
-2.7305 	29.8539405 	0.913399
-2.709 	29.4264105 	0.967436
-2.6875 	28.952194 	1.0589515
-2.666 	28.4705765 	1.0641685
-2.6445 	27.9508235 	1.1168005
-2.623 	27.3999835 	1.1873365
-2.6015 	26.812682 	1.221077
-2.58 	26.2237795 	1.252318
-2.5585 	25.634491 	1.3142825
-2.537 	24.9934055 	1.326837
-2.5155 	24.3568725 	1.3455795
-2.494 	23.7016745 	1.3467635
-2.4725 	23.06452 	1.322909
-2.451 	22.441915 	1.2996055
-2.4295 	21.805247 	1.2608635
-2.408 	21.189435 	1.253795
-2.3865 	20.593054 	1.2028825
-2.365 	19.9945275 	1.2008025
-2.3435 	19.418323 	1.175674
-2.322 	18.8503915 	1.1278835
-2.3005 	18.315069 	1.098951
-2.279 	17.767319 	1.0736855
-2.2575 	17.2535905 	1.0478595
-2.236 	16.750736 	1.0488765
-2.2145 	16.2310335 	1.050031
-2.193 	15.748288 	1.049371
-2.1715 	15.267678 	1.035988
-2.15 	14.7714775 	1.0290925
-2.1285 	14.2781925 	1.0410895
-2.107 	13.8225795 	1.02928
-2.0855 	13.368907 	1.021854
-2.064 	12.914344 	1.0057195
-2.0425 	12.454916 	1.014671
-2.021 	12.003159 	0.994287
-1.9995 	11.552509 	0.9812965
-1.978 	11.101031 	0.9768645
-1.9565 	10.6427405 	0.9704675
-1.935 	10.2079205 	0.9383135
-1.9135 	9.755794 	0.936193
-1.892 	9.3198785 	0.923975
-1.8705 	8.8697395 	0.899124
-1.849 	8.4298035 	0.9067205
-1.8275 	7.965655 	0.8810085
-1.806 	7.5085535 	0.8824
-1.7845 	7.0437845 	0.8988145
-1.763 	6.5862055 	0.8824435
-1.7415 	6.1283365 	0.874194
-1.72 	5.677964 	0.8839495
-1.6985 	5.2463855 	0.8578795
-1.677 	4.8066515 	0.83774
-1.6555 	4.3904585 	0.7999575
-1.634 	3.99989 	0.7846725
-1.6125 	3.627574 	0.755611
-1.591 	3.2737075 	0.7119945
-1.5695 	2.9400595 	0.6758875
-1.548 	2.6368885 	0.6395045
-1.5265 	2.337561 	0.6004925
-1.505 	2.0767615 	0.5665355
-1.4835 	1.8389015 	0.527765
-1.462 	1.6157015 	0.4849695
-1.4405 	1.4178545 	0.4431505
-1.419 	1.2341665 	0.4018045
-1.3975 	1.064037 	0.359981
-1.376 	0.9099715 	0.319562
-1.3545 	0.778279 	0.2827695
-1.333 	0.655712 	0.2471895
-1.3115 	0.554311 	0.2193215
-1.29 	0.4656685 	0.1926365
-1.2685 	0.38543 	0.166751
-1.247 	0.31787 	0.147161
-1.2255 	0.2634105 	0.1301015
-1.204 	0.216454 	0.1137765
-1.1825 	0.173406 	0.099766
-1.161 	0.1421715 	0.089177
-1.1395 	0.1155965 	0.080637
-1.118 	0.0945415 	0.0733845
-1.0965 	0.0792665 	0.067392
-1.075 	0.065383 	0.06151
-1.0535 	0.0538335 	0.0534315
-1.032 	0.0445385 	0.0491965
-1.0105 	0.035596 	0.04239
-0.989 	0.030147 	0.036418
-0.9675 	0.024378 	0.029453
-0.946 	0.0198085 	0.0252085
-0.9245 	0.015339 	0.019366
-0.903 	0.011781 	0.0149665
-0.8815 	0.0088195 	0.0113585
-0.86 	0.006564 	0.0084575
-0.8385 	0.0050695 	0.0064725
-0.817 	0.0035545 	0.004802
-0.7955 	0.002541 	0.0033355
-0.774 	0.0017685 	0.0024685
-0.7525 	0.0014555 	0.0018905
-0.731 	0.001069 	0.001564
-0.7095 	0.000729 	0.0011945
-0.688 	0.0005415 	0.000964
-0.6665 	0.0003035 	0.0005725
-0.645 	0.0001925 	0.00039
-0.6235 	7.95e-05 	0.0
-0.602 	5.6e-05 	0.0
-0.5805 	7.5e-06 	0.0
-0.559 	4e-06 	0.0
-0.5375 	0.0 	0.0
-0.516 	2.5e-06 	0.0
-0.4945 	3.5e-06 	0.0
-0.473 	0.0 	0.0
-0.4515 	0.0 	0.0
-0.43 	0.0 	0.0
-0.4085 	0.0 	0.0
-0.387 	0.0 	0.0
-0.3655 	0.0 	0.0
-0.344 	0.0 	0.0
-0.3225 	0.0 	0.0
-0.301 	0.0 	0.0
-0.2795 	0.0 	0.0
-0.258 	0.0 	0.0
-0.2365 	0.0 	0.0
-0.215 	0.0 	0.0
-0.1935 	0.0 	0.0
-0.172 	0.0 	0.0
-0.1505 	0.0 	0.0
-0.129 	0.0 	0.0
-0.1075 	0.0 	0.0
-0.086 	0.0 	0.0
-0.0645 	0.0 	0.0
-0.043 	0.0 	0.0
-0.0215 	0.0 	0.0
0.0 	0.0 	0.0
0.0215 	0.0 	0.0
0.043 	0.0 	0.0
0.0645 	0.0 	0.0
0.086 	0.0 	0.0
0.1075 	0.0 	0.0
0.129 	0.0 	0.0
0.1505 	0.0 	0.0
0.172 	0.0 	0.0
0.1935 	0.0 	0.0
0.215 	0.0 	0.0
0.2365 	0.0 	0.0
0.258 	0.0 	0.0
0.2795 	0.0 	0.0
0.301 	0.0 	0.0
0.3225 	0.0 	0.0
0.344 	0.0 	0.0
0.3655 	0.0 	0.0
0.387 	0.0 	0.0
0.4085 	0.0 	0.0
0.43 	0.0 	0.0
0.4515 	0.0 	0.0
0.473 	0.0 	0.0
0.4945 	3.5e-06 	0.0
0.516 	2.5e-06 	0.0
0.5375 	0.0 	0.0
0.559 	4e-06 	0.0
0.5805 	7.5e-06 	0.0
0.602 	5.6e-05 	0.0
0.6235 	7.95e-05 	0.0
0.645 	0.0001925 	0.00039
0.6665 	0.0003035 	0.0005725
0.688 	0.0005415 	0.000964
0.7095 	0.000729 	0.0011945
0.731 	0.001069 	0.001564
0.7525 	0.0014555 	0.0018905
0.774 	0.0017685 	0.0024685
0.7955 	0.002541 	0.0033355
0.817 	0.0035545 	0.004802
0.8385 	0.0050695 	0.0064725
0.86 	0.006564 	0.0084575
0.8815 	0.0088195 	0.0113585
0.903 	0.011781 	0.0149665
0.9245 	0.015339 	0.019366
0.946 	0.0198085 	0.0252085
0.9675 	0.024378 	0.029453
0.989 	0.030147 	0.036418
1.0105 	0.035596 	0.04239
1.032 	0.0445385 	0.0491965
1.0535 	0.0538335 	0.0534315
1.075 	0.065383 	0.06151
1.0965 	0.0792665 	0.067392
1.118 	0.0945415 	0.0733845
1.1395 	0.1155965 	0.080637
1.161 	0.1421715 	0.089177
1.1825 	0.173406 	0.099766
1.204 	0.216454 	0.1137765
1.2255 	0.2634105 	0.1301015
1.247 	0.31787 	0.147161
1.2685 	0.38543 	0.166751
1.29 	0.4656685 	0.1926365
1.3115 	0.554311 	0.2193215
1.333 	0.655712 	0.2471895
1.3545 	0.778279 	0.2827695
1.376 	0.9099715 	0.319562
1.3975 	1.064037 	0.359981
1.419 	1.2341665 	0.4018045
1.4405 	1.4178545 	0.4431505
1.462 	1.6157015 	0.4849695
1.4835 	1.8389015 	0.527765
1.505 	2.0767615 	0.5665355
1.5265 	2.337561 	0.6004925
1.548 	2.6368885 	0.6395045
1.5695 	2.9400595 	0.6758875
1.591 	3.2737075 	0.7119945
1.6125 	3.627574 	0.755611
1.634 	3.99989 	0.7846725
1.6555 	4.3904585 	0.7999575
1.677 	4.8066515 	0.83774
1.6985 	5.2463855 	0.8578795
1.72 	5.677964 	0.8839495
1.7415 	6.1283365 	0.874194
1.763 	6.5862055 	0.8824435
1.7845 	7.0437845 	0.8988145
1.806 	7.5085535 	0.8824
1.8275 	7.965655 	0.8810085
1.849 	8.4298035 	0.9067205
1.8705 	8.8697395 	0.899124
1.892 	9.3198785 	0.923975
1.9135 	9.755794 	0.936193
1.935 	10.2079205 	0.9383135
1.9565 	10.6427405 	0.9704675
1.978 	11.101031 	0.9768645
1.9995 	11.552509 	0.9812965
2.021 	12.003159 	0.994287
2.0425 	12.454916 	1.014671
2.064 	12.914344 	1.0057195
2.0855 	13.368907 	1.021854
2.107 	13.8225795 	1.02928
2.1285 	14.2781925 	1.0410895
2.15 	14.7714775 	1.0290925
2.1715 	15.267678 	1.035988
2.193 	15.748288 	1.049371
2.2145 	16.2310335 	1.050031
2.236 	16.750736 	1.0488765
2.2575 	17.2535905 	1.0478595
2.279 	17.767319 	1.0736855
2.3005 	18.315069 	1.098951
2.322 	18.8503915 	1.1278835
2.3435 	19.418323 	1.175674
2.365 	19.9945275 	1.2008025
2.3865 	20.593054 	1.2028825
2.408 	21.189435 	1.253795
2.4295 	21.805247 	1.2608635
2.451 	22.441915 	1.2996055
2.4725 	23.06452 	1.322909
2.494 	23.7016745 	1.3467635
2.5155 	24.3568725 	1.3455795
2.537 	24.9934055 	1.326837
2.5585 	25.634491 	1.3142825
2.58 	26.2237795 	1.252318
2.6015 	26.812682 	1.221077
2.623 	27.3999835 	1.1873365
2.6445 	27.9508235 	1.1168005
2.666 	28.4705765 	1.0641685
2.6875 	28.952194 	1.0589515
2.709 	29.4264105 	0.967436
2.7305 	29.8539405 	0.913399
2.752 	30.2747675 	0.850589
2.7735 	30.619065 	0.7856295
2.795 	30.9639615 	0.711345
2.8165 	31.2447395 	0.6568345
2.838 	31.506583 	0.5620385
2.8595 	31.7796555 	0.5367725
2.881 	31.9900355 	0.4864635
2.9025 	32.197842 	0.440621
2.924 	32.379371 	0.3865555
2.9455 	32.5471565 	0.37826
2.967 	32.6587405 	0.317358
2.9885 	32.759038 	0.276313
3.01 	32.8754465 	0.2489595
3.0315 	32.960961 	0.2030015
3.053 	33.0369745 	0.154369
3.0745 	33.0864075 	0.1575685
3.096 	33.113984 	0.1391805
3.1175 	33.176226 	0.1333895
3.139 	33.216453 	0.121818
3.1605 	33.2112635 	0.0851545
3.182 	33.231112 	0.1174725
3.2035 	33.2313495 	0.0911295
3.225 	33.267487 	0.0691745
3.2465 	33.252423 	0.059162
3.268 	33.274099 	0.0768505
3.2895 	33.2932195 	0.082161
3.311 	33.2689225 	0.069898
3.3325 	33.2942735 	0.069118
3.354 	33.261257 	0.06497
3.3755 	33.2772115 	0.0540165
3.397 	33.330191 	0.068549
3.4185 	33.293154 	0.072164
3.44 	33.2835065 	0.0749435
3.4615 	33.2879895 	0.078652
3.483 	33.305748 	0.07928
3.5045 	33.3021275 	0.0753145
3.526 	33.293695 	0.063099
3.5475 	33.3180515 	0.0835565
3.569 	33.3046405 	0.075282
3.5905 	33.3075635 	0.055823
3.612 	33.2816435 	0.0654935
3.6335 	33.295582 	0.056981
3.655 	33.3127255 	0.0653845
3.6765 	33.3175615 	0.061285
3.698 	33.3189725 	0.0698255
3.7195 	33.308526 	0.080212
3.741 	33.3067295 	0.065915
3.7625 	33.3161695 	0.0860025
3.784 	33.3149535 	0.0667735
3.8055 	33.321482 	0.078379
3.827 	33.3105945 	0.065554
3.8485 	33.3082585 	0.0844395
3.87 	33.31875 	0.0718835
3.8915 	33.321445 	0.0573455
3.913 	33.335484 	0.06954
3.9345 	33.346603 	0.059963
3.956 	33.318859 	0.056658
3.9775 	33.3221 	0.071989
3.999 	33.3249475 	0.082121
4.0205 	33.3075 	0.063168
4.042 	33.300341 	0.069552
4.0635 	33.310208 	0.0824045
4.085 	33.3391615 	0.0697525
4.1065 	33.315852 	0.0676645
4.128 	33.331814 	0.055738
4.1495 	33.3451205 	0.054937
4.171 	33.3374645 	0.059268
4.1925 	33.325991 	0.070319
4.214 	33.3429625 	0.0659635
4.2355 	33.331283 	0.079103
4.257 	33.322996 	0.066357
4.2785 	33.330239 	0.0616905
4.3 	33.323456 	0.075745
4.3215 	33.351855 	0.068199
4.343 	33.338502 	0.042593
4.3645 	33.3346695 	0.071945
4.386 	33.336069 	0.066131
4.4075 	33.3346865 	0.0629835
4.429 	33.3366645 	0.0537735
4.4505 	33.308399 	0.068439
4.472 	33.3265465 	0.0671255
4.4935 	33.3188195 	0.0812815
4.515 	33.341173 	0.0648405
4.5365 	33.350228 	0.0654115
4.558 	33.3455345 	0.0761755
4.5795 	33.3422605 	0.087431
4.601 	33.331053 	0.075328
4.6225 	33.339832 	0.0687175
4.644 	33.328828 	0.054404
4.6655 	33.371661 	0.061256
4.687 	33.3575795 	0.0642575
4.7085 	33.341067 	0.068166
4.73 	33.339151 	0.0581735
4.7515 	33.349734 	0.079004
4.773 	33.330511 	0.0648105
4.7945 	33.361292 	0.0659735
4.816 	33.331073 	0.071685
4.8375 	33.3490355 	0.063984
4.859 	33.3389375 	0.081178
4.8805 	33.3243705 	0.0709575
4.902 	33.345733 	0.0698205
4.9235 	33.358412 	0.058104
4.945 	33.365898 	0.049716
4.9665 	33.3304475 	0.055513
4.988 	33.346107 	0.0625525
5.0095 	33.3400185 	0.0737815
5.031 	33.360638 	0.0657295
5.0525 	33.360773 	0.073342
5.074 	33.320439 	0.081164
5.0955 	33.344425 	0.073445
5.117 	33.349004 	0.071739
5.1385 	33.35337 	0.0541255
5.16 	33.3733735 	0.0627475
5.1815 	33.34859 	0.090306
5.203 	33.333638 	0.054444
5.2245 	33.3485095 	0.0872355
5.246 	33.337391 	0.0603545
5.2675 	33.342565 	0.066136
5.289 	33.3596395 	0.079865
5.3105 	33.359976 	0.070911
5.332 	33.3530785 	0.0700515
5.3535 	33.34715 	0.0601705
5.375 	33.343849 	0.070324
5.3965 	33.361184 	0.0651685
5.418 	33.3520915 	0.0722435
5.4395 	33.3717995 	0.0621495
5.461 	33.3371095 	0.070829
5.4825 	33.343645 	0.0656045
5.504 	33.3564545 	0.0577495
5.5255 	33.3406545 	0.060992
5.547 	33.346753 	0.0699445
5.5685 	33.343741 	0.0672095
5.59 	33.3440925 	0.071247
5.6115 	33.372683 	0.0517955
5.633 	33.355111 	0.0736795
5.6545 	33.3070185 	0.0673215
5.676 	33.3382315 	0.095795
5.6975 	33.354994 	0.0630955
5.719 	33.3655855 	0.07481
5.7405 	33.367639 	0.069808
5.762 	33.3681425 	0.075341
5.7835 	33.349199 	0.058274
5.805 	33.350423 	0.0563365
5.8265 	33.3482025 	0.067749
5.848 	33.356772 	0.0681925
5.8695 	33.3662845 	0.0706635
5.891 	33.3538345 	0.065988
5.9125 	33.3448645 	0.0693925
5.934 	33.342049 	0.0697535
5.9555 	33.3485085 	0.076889
5.977 	33.3740485 	0.0624915
5.9985 	33.342986 	0.056462
6.02 	33.363326 	0.0581405
6.0415 	33.3425025 	0.0699485
6.063 	33.336384 	0.0730955
6.0845 	33.360011 	0.0804295
6.106 	33.3472215 	0.0674215
6.1275 	33.339208 	0.0624315
6.149 	33.353252 	0.083619
6.1705 	33.3626755 	0.074897
6.192 	33.353126 	0.065987
6.2135 	33.351944 	0.0697205
6.235 	33.3639695 	0.055159
6.2565 	33.355252 	0.0624455
6.278 	33.351132 	0.0762465
6.2995 	33.362576 	0.061898
6.321 	33.3726585 	0.0577805
6.3425 	33.3917 	0.077409
6.364 	33.352401 	0.0597275
6.3855 	33.353021 	0.079385
6.407 	33.3419845 	0.0703855
6.4285 	33.3606775 	0.0609285
6.45 	33.3434855 	0.0676995
6.4715 	33.3527275 	0.0621695
6.493 	33.354382 	0.0785685
6.5145 	33.3543545 	0.063248
6.536 	33.357176 	0.0581485
6.5575 	33.338752 	0.0664705
6.579 	33.3658135 	0.0624665
6.6005 	33.36417 	0.0696865
6.622 	33.3771135 	0.067533
6.6435 	33.36501 	0.0840105
6.665 	33.372131 	0.0681245
6.6865 	33.3265155 	0.0892185
6.708 	33.3775695 	0.0704095
6.7295 	33.3417815 	0.067422
6.751 	33.3551645 	0.0672715
6.7725 	33.331804 	0.073998
6.794 	33.348436 	0.078029
6.8155 	33.359336 	0.0663775
6.837 	33.342928 	0.0750645
6.8585 	33.342931 	0.0626
6.88 	33.3744465 	0.0714745
6.9015 	33.3606 	0.058509
6.923 	33.3600585 	0.063086
6.9445 	33.3571055 	0.0824115
6.966 	33.382522 	0.067824
6.9875 	33.372146 	0.062465
7.009 	33.369751 	0.0833775
7.0305 	33.3391885 	0.0747435
7.052 	33.3431765 	0.073457
7.0735 	33.3524045 	0.0586065
7.095 	33.3442565 	0.0754665
7.1165 	33.363083 	0.0426175
7.138 	33.335305 	0.0624655
7.1595 	33.3659525 	0.069035
7.181 	33.355938 	0.078748
7.2025 	33.354183 	0.057483
7.224 	33.379037 	0.0581235
7.2455 	33.3649115 	0.0674225
7.267 	33.3426485 	0.0691145
7.2885 	33.374009 	0.060265
7.31 	33.345484 	0.0657375
7.3315 	33.349831 	0.0773885
7.353 	33.327693 	0.0824145
7.3745 	33.3615205 	0.070413
7.396 	33.3560985 	0.06352
7.4175 	33.355577 	0.0669445
7.439 	33.383753 	0.061116
7.4605 	33.374087 	0.066454
7.482 	33.3462315 	0.069753
7.5035 	33.360958 	0.051789
7.525 	33.358829 	0.071234
7.5465 	33.3513825 	0.066203
7.568 	33.3509895 	0.0642415
7.5895 	33.3727025 	0.065375
7.611 	33.3363955 	0.067187
7.6325 	33.3571545 	0.0591745
7.654 	33.351183 	0.0777605
7.6755 	33.347513 	0.0758575
7.697 	33.380301 	0.0775885
7.7185 	33.3583835 	0.072578
7.74 	33.3359525 	0.0711355
7.7615 	33.370513 	0.0687625
7.783 	33.349925 	0.0689485
7.8045 	33.366181 	0.06213
7.826 	33.353586 	0.083742
7.8475 	33.326035 	0.050828
7.869 	33.3435685 	0.063378
7.8905 	33.3513505 	0.0593095
7.912 	33.3570755 	0.058415
7.9335 	33.3552695 	0.077217
7.955 	33.375023 	0.0718305
7.9765 	33.33763 	0.066189
7.998 	33.361776 	0.0568365
8.0195 	33.3737595 	0.085008
8.041 	33.354902 	0.0720715
8.0625 	33.360509 	0.0649445
8.084 	33.3378565 	0.070917
8.1055 	33.3567785 	0.0576135
8.127 	33.330399 	0.0670995
8.1485 	33.364818 	0.0660505
8.17 	33.3604815 	0.0738215
8.1915 	33.3529485 	0.058619
8.213 	33.3697125 	0.058049
8.2345 	33.346453 	0.052683
8.256 	33.3408015 	0.0684495
8.2775 	33.3497325 	0.0554865
8.299 	33.3629915 	0.063726
8.3205 	33.371713 	0.0631575
8.342 	33.3612525 	0.089412
8.3635 	33.3522735 	0.076008
8.385 	33.3422675 	0.0623425
8.4065 	33.33717 	0.0567895
8.428 	33.3455835 	0.064862
8.4495 	33.3549945 	0.0693225
8.471 	33.341812 	0.0638225
8.4925 	33.36715 	0.061386
8.514 	33.3785615 	0.077742
8.5355 	33.3494695 	0.0744755
8.557 	33.3647205 	0.069787
8.5785 	33.376511 	0.06098
8.6 	33.334093 	0.073001
8.6215 	33.334845 	0.0727505
8.643 	33.333157 	0.086077
8.6645 	33.3618 	0.082187
8.686 	33.3485235 	0.0651975
8.7075 	33.364758 	0.081065
8.729 	33.3872525 	0.0755325
8.7505 	33.369155 	0.067487
8.772 	33.371854 	0.0609425
8.7935 	33.3538885 	0.058064
8.815 	33.355745 	0.0492705
8.8365 	33.366451 	0.065587
8.858 	33.338252 	0.0828635
8.8795 	33.3493725 	0.061747
8.901 	33.34313 	0.0718205
8.9225 	33.372074 	0.0513335
8.944 	33.3548125 	0.0734395
8.9655 	33.370139 	0.0839075
8.987 	33.3576695 	0.073043
9.0085 	33.347129 	0.073743
9.03 	33.372112 	0.0618565
9.0515 	33.359995 	0.054182
9.073 	33.377341 	0.068753
9.0945 	33.336109 	0.0763995
9.116 	33.3554135 	0.0621215
9.1375 	33.3509945 	0.0757615
9.159 	33.356592 	0.069945
9.1805 	33.3713445 	0.064331
9.202 	33.3717105 	0.0673205
9.2235 	33.359628 	0.0656915
9.245 	33.357895 	0.0759895
9.2665 	33.363754 	0.059352
9.288 	33.37985 	0.081973
9.3095 	33.386838 	0.0741975
9.331 	33.3607495 	0.088996
9.3525 	33.360838 	0.0594505
9.374 	33.3619555 	0.0552885
9.3955 	33.3454065 	0.0759825
9.417 	33.37433 	0.0651865
9.4385 	33.3522515 	0.069033
9.46 	33.3472335 	0.0696785
9.4815 	33.347224 	0.0633105
9.503 	33.3377435 	0.069318
9.5245 	33.373254 	0.045554
9.546 	33.355274 	0.0703545
9.5675 	33.36751 	0.0645155
9.589 	33.360283 	0.070864
9.6105 	33.3624035 	0.0795975
9.632 	33.3816735 	0.0740055
9.6535 	33.360855 	0.05131
9.675 	33.3755385 	0.071441
9.6965 	33.35392 	0.0678865
9.718 	33.3725165 	0.0586375
9.7395 	33.3673655 	0.0763365
9.761 	33.368932 	0.075037
9.7825 	33.353662 	0.0587775
9.804 	33.357544 	0.056546
9.8255 	33.3634865 	0.06478
9.847 	33.375609 	0.0553595
9.8685 	33.3576425 	0.065928
9.89 	33.3614095 	0.0820695
9.9115 	33.360643 	0.064845
9.933 	33.361167 	0.0832435
9.9545 	33.392393 	0.0752725
9.976 	33.375915 	0.063657
9.9975 	33.3837355 	0.066839
10.019 	33.3349655 	0.068565
10.0405 	33.374846 	0.065183
10.062 	33.01045 	1.4428085
10.0835 	32.187799 	4.4121775
10.105 	31.136454 	8.3217225
10.1265 	31.1375365 	8.3220025
10.148 	30.1157035 	8.912891
10.1695 	27.913777 	12.0266395
10.191 	26.6752495 	13.337785
10.2125 	26.6893335 	13.344803
10.234 	24.1903665 	14.0389435
10.2555 	19.1858765 	15.0138465
10.277 	15.5433175 	16.063653
10.2985 	13.8576315 	16.146162
10.32 	12.868616 	15.9282215
10.3415 	8.8984945 	14.198127
10.363 	5.965555 	12.396994
10.3845 	5.173859 	11.6906655
10.406 	4.454235 	11.3561165
10.4275 	3.4386225 	9.5693635
10.449 	2.2188495 	8.302175
10.4705 	2.226921 	8.3323755
10.492 	2.223363 	8.319064
10.5135 	1.214985 	4.546059
10.535 	0.2097525 	0.7848225
10.5565 	0.0 	0.0
10.578 	0.0 	0.0
10.5995 	0.0 	0.0
10.621 	0.0 	0.0
10.6425 	0.0 	0.0
10.664 	0.0 	0.0
10.6855 	0.0 	0.0
10.707 	0.0 	0.0
10.7285 	0.0 	0.0
10.75 	0.0 	0.0
10.7715 	0.0 	0.0
10.793 	0.0 	0.0
10.8145 	0.0 	0.0
10.836 	0.0 	0.0
10.8575 	0.0 	0.0
10.879 	0.0 	0.0
10.9005 	0.0 	0.0
10.922 	0.0 	0.0
10.9435 	0.0 	0.0
10.965 	0.0 	0.0
10.9865 	0.0 	0.0
