-3.805500	334.155801	0.729330
-3.784000	334.168543	0.889137
-3.762500	334.230425	0.837611
-3.741000	334.325536	0.607917
-3.719500	334.279003	0.798548
-3.698000	334.472644	0.845053
-3.676500	334.505896	0.627412
-3.655000	334.347494	0.707678
-3.633500	334.383524	0.678661
-3.612000	334.353054	0.548837
-3.590500	334.510789	0.582050
-3.569000	334.643878	0.821530
-3.547500	334.529318	0.941416
-3.526000	334.608701	0.777562
-3.504500	334.450177	0.709829
-3.483000	334.578910	0.809205
-3.461500	334.537966	0.743165
-3.440000	334.703341	0.759172
-3.418500	334.948571	0.901291
-3.397000	335.103442	0.791277
-3.375500	334.935522	0.677399
-3.354000	335.157499	0.666012
-3.332500	335.186100	0.732678
-3.311000	335.360943	0.719194
-3.289500	335.513627	0.955231
-3.268000	335.373304	0.693474
-3.246500	335.475031	0.608146
-3.225000	335.667695	0.671705
-3.203500	335.783534	0.888554
-3.182000	335.958662	0.870063
-3.160500	335.899509	0.954610
-3.139000	336.225274	1.004834
-3.117500	336.099697	0.553188
-3.096000	336.284101	0.912238
-3.074500	336.307085	0.925886
-3.053000	336.790899	1.122980
-3.031500	336.800369	1.029407
-3.010000	336.989948	0.816381
-2.988500	337.119974	0.933781
-2.967000	337.529935	1.075428
-2.945500	337.595299	0.860424
-2.924000	337.814615	1.045921
-2.902500	338.099905	1.259674
-2.881000	338.026802	1.582021
-2.859500	338.404272	1.295906
-2.838000	338.407032	1.593717
-2.816500	338.992629	1.352085
-2.795000	339.352531	1.500204
-2.773500	339.882788	1.554480
-2.752000	340.278191	1.477710
-2.730500	340.984890	1.706812
-2.709000	341.720789	1.679781
-2.687500	342.950545	2.267965
-2.666000	343.619556	2.766729
-2.644500	345.476171	2.935705
-2.623000	346.697873	3.290877
-2.601500	348.027035	3.482004
-2.580000	349.840987	3.750682
-2.558500	352.421389	4.301680
-2.537000	354.244224	4.439986
-2.515500	356.815566	5.087837
-2.494000	359.338867	5.650175
-2.472500	362.695686	6.850035
-2.451000	366.264174	7.347736
-2.429500	370.060363	8.341060
-2.408000	374.364327	8.549876
-2.386500	378.773607	9.314228
-2.365000	383.266082	9.429999
-2.343500	388.053765	9.101554
-2.322000	392.677701	9.353750
-2.300500	397.438570	8.828905
-2.279000	402.267317	8.829443
-2.257500	406.873424	8.739725
-2.236000	411.623790	8.599914
-2.214500	415.952237	8.371012
-2.193000	420.011400	8.300859
-2.171500	423.877800	8.035021
-2.150000	427.035656	8.000964
-2.128500	430.079681	7.249997
-2.107000	432.656205	6.805656
-2.085500	434.549450	6.122968
-2.064000	435.838326	5.577685
-2.042500	436.550232	5.448446
-2.021000	436.828029	4.766996
-1.999500	436.687447	5.056208
-1.978000	435.621281	5.079600
-1.956500	434.289795	5.422990
-1.935000	432.670680	5.223392
-1.913500	430.489401	5.557109
-1.892000	428.106818	5.669140
-1.870500	425.715850	5.941014
-1.849000	422.839571	6.399744
-1.827500	419.509065	6.627553
-1.806000	415.876281	6.922092
-1.784500	411.931144	7.471136
-1.763000	407.708487	7.630151
-1.741500	403.118490	7.489611
-1.720000	398.491831	8.009976
-1.698500	393.592599	8.077799
-1.677000	388.003892	8.474628
-1.655500	382.783653	8.477348
-1.634000	377.564782	8.904972
-1.612500	372.519245	9.029999
-1.591000	367.300461	9.488303
-1.569500	362.095808	9.106159
-1.548000	356.987348	9.259562
-1.526500	351.887967	8.959436
-1.505000	346.928526	8.619215
-1.483500	342.467423	8.496561
-1.462000	337.970054	8.189600
-1.440500	333.582852	7.647442
-1.419000	329.486746	7.426135
-1.397500	325.535113	6.727339
-1.376000	322.070240	6.278577
-1.354500	318.519021	5.625908
-1.333000	315.663335	5.240964
-1.311500	313.143098	4.788376
-1.290000	311.004292	4.259202
-1.268500	309.585203	4.096456
-1.247000	307.845415	3.738462
-1.225500	306.539276	3.523087
-1.204000	305.509132	3.140466
-1.182500	304.622215	2.754567
-1.161000	304.062688	2.574958
-1.139500	303.071366	2.136685
-1.118000	302.230389	2.274771
-1.096500	301.617519	2.003620
-1.075000	301.349468	1.922471
-1.053500	300.746478	1.908132
-1.032000	300.363499	1.620909
-1.010500	299.886454	1.729882
-0.989000	299.141984	1.773461
-0.967500	299.174736	1.634086
-0.946000	298.787723	1.625326
-0.924500	298.096466	1.778830
-0.903000	297.763068	1.537344
-0.881500	297.455410	1.449523
-0.860000	296.751320	1.480863
-0.838500	296.502776	1.518203
-0.817000	296.063789	1.324515
-0.795500	295.578140	1.465727
-0.774000	295.250756	1.370951
-0.752500	294.457728	1.444149
-0.731000	294.240027	1.306573
-0.709500	293.617618	1.261911
-0.688000	293.226473	1.271230
-0.666500	292.830668	1.127726
-0.645000	292.100007	1.128086
-0.623500	291.311233	1.171078
-0.602000	290.651192	1.155424
-0.580500	290.046326	1.224991
-0.559000	288.983678	1.264949
-0.537500	288.014640	1.563456
-0.516000	286.941221	1.660013
-0.494500	285.726791	2.092984
-0.473000	284.420908	2.350513
-0.451500	282.760231	2.774863
-0.430000	281.110247	3.034936
-0.408500	278.780065	3.176122
-0.387000	276.741463	3.677816
-0.365500	274.330628	3.841445
-0.344000	271.994154	3.955297
-0.322500	268.969162	4.023169
-0.301000	265.944417	3.932374
-0.279500	262.550554	3.813507
-0.258000	259.118684	3.711004
-0.236500	256.051316	3.638096
-0.215000	252.760545	3.679898
-0.193500	249.640925	3.416890
-0.172000	246.485690	3.295805
-0.150500	243.415212	3.520766
-0.129000	240.971530	3.756025
-0.107500	238.783031	3.688167
-0.086000	236.844551	3.849553
-0.064500	235.457847	3.941182
-0.043000	234.334779	3.941746
-0.021500	233.966161	3.954189
0.000000	233.567960	3.894894
0.021500	234.484540	3.735634
0.043000	235.284906	3.591751
0.064500	236.536526	3.275501
0.086000	238.348189	3.001225
0.107500	240.459047	2.810494
0.129000	242.692264	2.812959
0.150500	245.560553	3.072923
0.172000	248.569418	3.178033
0.193500	251.525757	3.482591
0.215000	254.541900	3.688255
0.236500	257.847543	4.282527
0.258000	260.948192	4.328573
0.279500	264.200239	4.561946
0.301000	266.817246	4.594678
0.322500	269.760045	4.721442
0.344000	272.433871	4.527914
0.365500	274.649942	4.304778
0.387000	277.040094	4.053364
0.408500	279.049361	3.580269
0.430000	281.054388	3.124737
0.451500	282.768749	3.026447
0.473000	284.503606	2.715813
0.494500	285.939582	2.569235
0.516000	287.287395	2.272358
0.537500	288.546072	2.287969
0.559000	289.441581	2.347441
0.580500	290.541609	2.102722
0.602000	291.094915	2.017046
0.623500	292.042810	2.169508
0.645000	292.703633	2.303447
0.666500	293.448466	1.912600
0.688000	294.047877	2.045804
0.709500	294.741516	1.959719
0.731000	295.165299	1.981690
0.752500	295.361803	1.989459
0.774000	296.073185	1.808978
0.795500	296.430409	1.605470
0.817000	296.799193	1.572267
0.838500	296.958478	1.534341
0.860000	297.237966	1.405854
0.881500	297.664960	1.545817
0.903000	297.845301	1.189347
0.924500	298.368932	1.389392
0.946000	298.432687	1.393742
0.967500	298.666558	1.381239
0.989000	299.045184	1.760888
1.010500	299.527323	1.645118
1.032000	300.056493	1.975895
1.053500	300.481178	2.076162
1.075000	301.066267	2.562053
1.096500	301.917459	2.709553
1.118000	303.053526	2.815600
1.139500	303.995534	2.705152
1.161000	305.052015	2.756493
1.182500	306.315084	3.089579
1.204000	307.305296	3.399994
1.225500	308.712869	3.251552
1.247000	310.465311	3.273068
1.268500	312.087504	3.304880
1.290000	313.951269	3.347676
1.311500	315.926278	3.267452
1.333000	318.148664	3.285981
1.354500	320.681596	3.727876
1.376000	323.529147	4.258874
1.397500	326.604987	4.555998
1.419000	329.847842	4.838683
1.440500	333.739680	5.022751
1.462000	337.773856	5.471893
1.483500	342.242261	6.031318
1.505000	346.807254	6.737172
1.526500	351.804665	7.340999
1.548000	356.972198	7.932512
1.569500	361.978223	8.250625
1.591000	367.220549	8.760212
1.612500	372.927944	8.837828
1.634000	377.960523	8.876512
1.655500	383.814114	8.559593
1.677000	388.895382	8.259074
1.698500	394.114266	8.078131
1.720000	399.210922	7.832929
1.741500	403.896040	7.731134
1.763000	408.197872	7.591485
1.784500	412.317625	7.269387
1.806000	416.236802	7.082841
1.827500	419.610009	6.901115
1.849000	422.740027	6.770909
1.870500	425.192356	6.434483
1.892000	427.498946	6.655893
1.913500	429.346809	6.240155
1.935000	430.527838	6.003076
1.956500	431.139511	5.321641
1.978000	431.951863	5.003812
1.999500	431.588128	4.624647
2.021000	431.453676	4.110723
2.042500	430.885713	3.703534
2.064000	429.503721	3.512978
2.085500	428.303298	3.960497
2.107000	426.767007	4.065525
2.128500	424.843011	4.596360
2.150000	422.587184	4.645972
2.171500	419.871392	4.686932
2.193000	416.560405	5.215219
2.214500	413.069053	5.742004
2.236000	409.628849	6.165695
2.257500	405.269377	6.748772
2.279000	401.438222	7.114191
2.300500	397.227239	7.716872
2.322000	393.174840	7.842154
2.343500	388.956967	8.060340
2.365000	384.504894	8.635682
2.386500	380.271596	8.633616
2.408000	375.940055	8.288030
2.429500	371.249021	8.084965
2.451000	367.317534	7.276914
2.472500	363.473054	7.077057
2.494000	359.712914	6.496561
2.515500	356.512165	5.928471
2.537000	353.695713	5.313052
2.558500	351.078099	4.612614
2.580000	349.140240	4.282704
2.601500	347.156580	3.554445
2.623000	345.806443	3.284762
2.644500	344.436971	2.745955
2.666000	342.996289	2.576749
2.687500	342.185423	2.099646
2.709000	342.026380	1.883776
2.730500	340.870757	1.827706
2.752000	340.598365	1.438432
2.773500	339.579256	1.605273
2.795000	339.351254	1.625477
2.816500	338.525774	1.264790
2.838000	338.196199	1.410009
2.859500	337.828096	1.147900
2.881000	337.472753	0.995231
2.902500	337.054408	0.981090
2.924000	336.929546	0.949504
2.945500	336.726162	1.186255
2.967000	336.636960	0.890914
2.988500	336.596108	0.981533
3.010000	336.740286	0.834407
3.031500	336.588289	0.819702
3.053000	336.696174	0.768117
3.074500	336.631351	0.672695
3.096000	336.375466	0.749881
3.117500	336.450446	0.620794
3.139000	336.302071	0.691856
3.160500	335.993922	0.763779
3.182000	335.928069	0.891211
3.203500	335.725384	0.675238
3.225000	335.719500	0.776562
3.246500	335.408307	0.636417
3.268000	335.212436	0.884403
3.289500	335.057490	0.594569
3.311000	335.014729	0.893352
3.332500	335.090765	0.783430
3.354000	334.627541	0.656264
3.375500	334.873751	0.581741
3.397000	334.925892	0.690113
3.418500	334.817235	0.664102
3.440000	334.465197	0.851921
3.461500	334.531046	0.865265
3.483000	334.848544	0.743945
3.504500	334.586475	0.839915
3.526000	334.466689	0.598937
3.547500	334.511933	0.745781
3.569000	334.464034	0.736318
3.590500	334.562256	0.835132
3.612000	334.429494	0.805429
3.633500	334.159480	0.662422
3.655000	334.258454	0.646706
3.676500	334.297458	0.636428
3.698000	334.078551	0.739330
3.719500	334.233964	0.742031
3.741000	334.241070	0.649333
3.762500	334.174136	0.799470
3.784000	334.159908	0.684031
3.805500	334.223250	0.746814
