0.000000	42.245208
0.001200	42.847229
0.002400	42.850469
0.003600	42.841576
0.004800	42.828934
0.006000	42.812662
0.007200	42.792763
0.008400	42.769237
0.009600	42.742084
0.010800	42.711303
0.012000	42.676897
0.013200	42.638864
0.014400	42.597204
0.015600	42.551919
0.016800	42.503009
0.018000	42.450473
0.019200	42.394313
0.020400	42.334528
0.021600	42.271120
0.022800	42.204088
0.024000	42.133433
0.025200	42.059156
0.026400	41.981257
0.027600	41.899737
0.028800	41.814596
0.030000	41.725835
0.031200	41.633454
0.032400	41.537455
0.033600	41.437838
0.034800	41.334604
0.036000	41.227753
0.037200	41.117286
0.038400	41.003204
0.039600	40.885509
0.040800	40.764200
0.042000	40.639278
0.043200	40.510746
0.044400	40.378602
0.045600	40.242850
0.046800	40.103488
0.048000	39.960520
0.049200	39.813945
0.050400	39.663764
0.051600	39.509979
0.052800	39.352591
0.054000	39.191601
0.055200	39.027010
0.056400	38.858820
0.057600	38.687031
0.058800	38.511645
0.060000	38.332664
0.061200	38.150087
0.062400	37.963918
0.063600	37.774157
0.064800	37.580805
0.066000	37.383865
0.067200	37.183337
0.068400	36.979222
0.069600	36.771524
0.070800	36.560242
0.072000	36.345379
0.073200	36.126935
0.074400	35.904914
0.075600	35.679315
0.076800	35.450142
0.078000	35.217395
0.079200	34.981077
0.080400	34.741188
0.081600	34.497732
0.082800	34.250709
0.084000	34.000122
0.085200	33.745972
0.086400	33.488260
0.087600	33.226990
0.088800	32.962163
0.090000	32.693781
0.091200	32.421846
0.092400	32.146359
0.093600	31.867324
0.094800	31.584741
0.096000	31.298613
0.097200	31.008942
0.098400	30.715731
0.099600	30.418981
0.100800	30.118694
0.102000	29.814873
0.103200	29.507520
0.104400	29.196638
0.105600	28.882227
0.106800	28.564292
0.108000	28.242834
0.109200	27.917855
0.110400	27.589358
0.111600	27.257345
0.112800	26.921819
0.114000	26.582783
0.115200	26.240238
0.116400	25.894187
0.117600	25.544632
0.118800	25.191578
0.120000	24.835024
0.121200	24.474976
0.122400	24.111434
0.123600	23.744403
0.124800	23.373883
0.126000	22.999879
0.127200	22.622393
0.128400	22.241428
0.129600	21.856986
0.130800	21.469070
0.132000	21.077683
0.133200	20.682829
0.134400	20.284509
0.135600	19.882728
0.136800	19.477487
0.138000	19.068789
0.139200	18.656639
0.140400	18.241038
0.141600	17.821990
0.142800	17.399498
0.144000	16.973565
0.145200	16.544194
0.146400	16.111389
0.147600	15.675152
0.148800	15.235486
0.150000	14.792395
0.151200	14.345883
0.152400	13.895951
0.153600	13.442605
0.154800	12.985846
0.156000	12.525679
0.157200	12.062106
0.158400	11.595132
0.159600	11.124759
0.160800	10.650991
0.162000	10.173831
0.163200	9.693283
0.164400	9.209351
0.165600	8.722038
0.166800	8.231348
0.168000	7.737283
0.169200	7.239849
0.170400	6.739048
0.171600	6.234884
0.172800	5.727360
0.174000	5.216482
0.175200	4.702251
0.176400	4.184673
0.177600	3.663751
0.178800	3.139488
0.180000	2.611888
0.181200	2.080956
0.182400	1.546696
0.183600	1.009110
0.184800	0.468204
0.186000	0.076020
0.187200	0.623556
0.188400	1.174402
0.189600	1.728552
0.190800	2.286003
0.192000	2.846751
0.193200	3.410791
0.194400	3.978120
0.195600	4.548733
0.196800	5.122627
0.198000	5.699796
0.199200	6.280237
0.200400	6.863946
0.201600	7.450918
0.202800	8.041149
0.204000	8.634634
0.205200	9.231370
0.206400	9.831352
0.207600	10.434575
0.208800	11.041035
0.210000	11.650728
0.211200	12.263649
0.212400	12.879793
0.213600	13.499157
0.214800	14.121735
0.216000	14.747524
0.217200	15.376517
0.218400	16.008712
0.219600	16.644103
0.220800	17.282686
0.222000	17.924455
0.223200	18.569407
0.224400	19.217536
0.225600	19.868838
0.226800	20.523308
0.228000	21.180941
0.229200	21.841732
0.230400	22.505677
0.231600	23.172771
0.232800	23.843008
0.234000	24.516385
0.235200	25.192895
0.236400	25.872534
0.237600	26.555297
0.238800	27.241180
0.240000	27.930176
0.241200	28.622281
0.242400	29.317490
0.243600	30.015798
0.244800	30.717200
0.246000	31.421690
0.247200	32.129263
0.248400	32.839915
0.249600	33.553640
0.250800	34.270432
0.252000	34.990287
0.253200	35.713200
0.254400	36.439164
0.255600	37.168175
0.256800	37.900227
0.258000	38.635315
0.259200	39.373434
0.260400	40.114578
0.261600	40.858742
0.262800	41.605920
0.264000	42.356107
0.265200	43.109298
0.266400	43.865486
0.267600	44.624666
0.268800	45.386834
0.270000	46.151982
0.271200	46.920106
0.272400	47.691200
0.273600	48.465259
0.274800	49.242276
0.276000	50.022246
0.277200	50.805163
0.278400	51.591022
0.279600	52.379816
0.280800	53.171541
0.282000	53.966190
0.283200	54.763757
0.284400	55.564237
0.285600	56.367623
0.286800	57.173911
0.288000	57.983093
0.289200	58.795165
0.290400	59.610119
0.291600	60.427951
0.292800	61.248654
0.294000	62.072222
0.295200	62.898649
0.296400	63.727929
0.297600	64.560056
0.298800	65.395024
0.300000	66.232827
0.301200	67.073459
0.302400	67.916913
0.303600	68.763184
0.304800	69.612265
0.306000	70.464149
0.307200	71.318832
0.308400	72.176306
0.309600	73.036565
0.310800	73.899604
0.312000	74.765414
0.313200	75.633992
0.314400	76.505329
0.315600	77.379420
0.316800	78.256258
0.318000	79.135836
0.319200	80.018150
0.320400	80.903191
0.321600	81.790953
0.322800	82.681431
0.324000	83.574617
0.325200	84.470504
0.326400	85.369088
0.327600	86.270360
0.328800	87.174314
0.330000	88.080944
0.331200	88.990242
0.332400	89.902204
0.333600	90.816821
0.334800	91.734086
0.336000	92.653995
0.337200	93.576538
0.338400	94.501711
0.339600	95.429505
0.340800	96.359915
0.342000	97.292934
0.343200	98.228554
0.344400	99.166769
0.345600	100.107572
0.346800	101.050956
0.348000	101.996914
0.349200	102.945439
0.350400	103.896525
0.351600	104.850165
0.352800	105.806351
0.354000	106.765076
0.355200	107.726334
0.356400	108.690117
0.357600	109.656419
0.358800	110.625232
0.360000	111.596549
0.361200	112.570364
0.362400	113.546668
0.363600	114.525456
0.364800	115.506719
0.366000	116.490451
0.367200	117.476645
0.368400	118.465293
0.369600	119.456388
0.370800	120.449922
0.372000	121.445890
0.373200	122.444282
0.374400	123.445093
0.375600	124.448314
0.376800	125.453938
0.378000	126.461959
0.379200	127.472368
0.380400	128.485159
0.381600	129.500323
0.382800	130.517854
0.384000	131.537744
0.385200	132.559986
0.386400	133.584571
0.387600	134.611494
0.388800	135.640745
0.390000	136.672319
0.391200	137.706206
0.392400	138.742400
0.393600	139.780893
0.394800	140.821678
0.396000	141.864746
0.397200	142.910091
0.398400	143.957704
0.399600	145.007579
0.400800	146.059706
0.402000	147.114080
0.403200	148.170691
0.404400	149.229533
0.405600	150.290597
0.406800	151.353876
0.408000	152.419362
0.409200	153.487047
0.410400	154.556923
0.411600	155.628984
0.412800	156.703220
0.414000	157.779624
0.415200	158.858189
0.416400	159.938905
0.417600	161.021767
0.418800	162.106764
0.420000	163.193891
0.421200	164.283138
0.422400	165.374497
0.423600	166.467962
0.424800	167.563523
0.426000	168.661174
0.427200	169.760905
0.428400	170.862709
0.429600	171.966577
0.430800	173.072503
0.432000	174.180477
0.433200	175.290492
0.434400	176.402539
0.435600	177.516611
0.436800	178.632699
0.438000	179.750795
0.439200	180.870891
0.440400	181.992979
0.441600	183.117050
0.442800	184.243098
0.444000	185.371112
0.445200	186.501085
0.446400	187.633010
0.447600	188.766877
0.448800	189.902678
0.450000	191.040405
0.451200	192.180050
0.452400	193.321604
0.453600	194.465060
0.454800	195.610408
0.456000	196.757641
0.457200	197.906750
0.458400	199.057727
0.459600	200.210563
0.460800	201.365250
0.462000	202.521779
0.463200	203.680143
0.464400	204.840332
0.465600	206.002339
0.466800	207.166154
0.468000	208.331770
0.469200	209.499177
0.470400	210.668368
0.471600	211.839334
0.472800	213.012066
0.474000	214.186556
0.475200	215.362794
0.476400	216.540774
0.477600	217.720486
0.478800	218.901921
0.480000	220.085071
0.481200	221.269927
0.482400	222.456481
0.483600	223.644723
0.484800	224.834647
0.486000	226.026242
0.487200	227.219499
0.488400	228.414412
0.489600	229.610970
0.490800	230.809165
0.492000	232.008988
0.493200	233.210430
0.494400	234.413484
0.495600	235.618139
0.496800	236.824388
0.498000	238.032221
0.499200	239.241630
0.500400	240.452605
0.501600	241.665139
0.502800	242.879222
0.504000	244.094845
0.505200	245.312000
0.506400	246.530678
0.507600	247.750870
0.508800	248.972566
0.510000	250.195759
0.511200	251.420439
0.512400	252.646597
0.513600	253.874225
0.514800	255.103313
0.516000	256.333853
0.517200	257.565835
0.518400	258.799251
0.519600	260.034091
0.520800	261.270348
0.522000	262.508011
0.523200	263.747071
0.524400	264.987521
0.525600	266.229350
0.526800	267.472550
0.528000	268.717111
0.529200	269.963025
0.530400	271.210283
0.531600	272.458875
0.532800	273.708792
0.534000	274.960026
0.535200	276.212567
0.536400	277.466406
0.537600	278.721534
0.538800	279.977942
0.540000	281.235621
0.541200	282.494562
0.542400	283.754755
0.543600	285.016191
0.544800	286.278862
0.546000	287.542757
0.547200	288.807868
0.548400	290.074186
0.549600	291.341702
0.550800	292.610406
0.552000	293.880288
0.553200	295.151341
0.554400	296.423554
0.555600	297.696918
0.556800	298.971425
0.558000	300.247064
0.559200	301.523828
0.560400	302.801705
0.561600	304.080687
0.562800	305.360765
0.564000	306.641930
0.565200	307.924172
0.566400	309.207482
0.567600	310.491850
0.568800	311.777267
0.570000	313.063725
0.571200	314.351213
0.572400	315.639722
0.573600	316.929243
0.574800	318.219767
0.576000	319.511283
0.577200	320.803784
0.578400	322.097259
0.579600	323.391699
0.580800	324.687095
0.582000	325.983436
0.583200	327.280715
0.584400	328.578921
0.585600	329.878046
0.586800	331.178078
0.588000	332.479010
0.589200	333.780832
0.590400	335.083534
0.591600	336.387107
0.592800	337.691541
0.594000	338.996828
0.595200	340.302956
0.596400	341.609918
0.597600	342.917703
0.598800	344.226303
0.600000	345.535707
0.601200	346.845906
0.602400	348.156890
0.603600	349.468651
0.604800	350.781178
0.606000	352.094462
0.607200	353.408494
0.608400	354.723264
0.609600	356.038762
0.610800	357.354980
0.612000	358.671907
0.613200	359.989533
0.614400	361.307850
0.615600	362.626848
0.616800	363.946517
0.618000	365.266848
0.619200	366.587831
0.620400	367.909456
0.621600	369.231714
0.622800	370.554596
0.624000	371.878092
0.625200	373.202191
0.626400	374.526886
0.627600	375.852165
0.628800	377.178020
0.630000	378.504441
0.631200	379.831418
0.632400	381.158942
0.633600	382.487003
0.634800	383.815591
0.636000	385.144697
0.637200	386.474311
0.638400	387.804424
0.639600	389.135025
0.640800	390.466106
0.642000	391.797657
0.643200	393.129667
0.644400	394.462128
0.645600	395.795030
0.646800	397.128363
0.648000	398.462117
0.649200	399.796283
0.650400	401.130852
0.651600	402.465812
0.652800	403.801156
0.654000	405.136873
0.655200	406.472953
0.656400	407.809387
0.657600	409.146166
0.658800	410.483279
0.660000	411.820716
0.661200	413.158469
0.662400	414.496528
0.663600	415.834882
0.664800	417.173522
0.666000	418.512439
0.667200	419.851623
0.668400	421.191064
0.669600	422.530752
0.670800	423.870678
0.672000	425.210832
0.673200	426.551204
0.674400	427.891785
0.675600	429.232565
0.676800	430.573535
0.678000	431.914683
0.679200	433.256002
0.680400	434.597481
0.681600	435.939111
0.682800	437.280881
0.684000	438.622783
0.685200	439.964806
0.686400	441.306941
0.687600	442.649177
0.688800	443.991507
0.690000	445.333918
0.691200	446.676403
0.692400	448.018951
0.693600	449.361553
0.694800	450.704198
0.696000	452.046878
0.697200	453.389582
0.698400	454.732301
0.699600	456.075025
0.700800	457.417744
0.702000	458.760449
0.703200	460.103130
0.704400	461.445778
0.705600	462.788382
0.706800	464.130933
0.708000	465.473421
0.709200	466.815836
0.710400	468.158170
0.711600	469.500412
0.712800	470.842552
0.714000	472.184581
0.715200	473.526489
0.716400	474.868266
0.717600	476.209903
0.718800	477.551390
0.720000	478.892718
0.721200	480.233876
0.722400	481.574856
0.723600	482.915646
0.724800	484.256239
0.726000	485.596623
0.727200	486.936790
0.728400	488.276729
0.729600	489.616431
0.730800	490.955887
0.732000	492.295086
0.733200	493.634020
0.734400	494.972677
0.735600	496.311050
0.736800	497.649127
0.738000	498.986900
0.739200	500.324359
0.740400	501.661494
0.741600	502.998295
0.742800	504.334753
0.744000	505.670859
0.745200	507.006602
0.746400	508.341973
0.747600	509.676962
0.748800	511.011560
0.750000	512.345757
0.751200	513.679544
0.752400	515.012910
0.753600	516.345847
0.754800	517.678344
0.756000	519.010393
0.757200	520.341983
0.758400	521.673104
0.759600	523.003748
0.760800	524.333905
0.762000	525.663565
0.763200	526.992718
0.764400	528.321356
0.765600	529.649467
0.766800	530.977044
0.768000	532.304076
0.769200	533.630553
0.770400	534.956467
0.771600	536.281807
0.772800	537.606565
0.774000	538.930729
0.775200	540.254292
0.776400	541.577244
0.777600	542.899574
0.778800	544.221273
0.780000	545.542333
0.781200	546.862743
0.782400	548.182494
0.783600	549.501576
0.784800	550.819980
0.786000	552.137697
0.787200	553.454716
0.788400	554.771029
0.789600	556.086626
0.790800	557.401498
0.792000	558.715634
0.793200	560.029026
0.794400	561.341665
0.795600	562.653540
0.796800	563.964642
0.798000	565.274962
0.799200	566.584490
0.800400	567.893218
0.801600	569.201135
0.802800	570.508232
0.804000	571.814500
0.805200	573.119929
0.806400	574.424511
0.807600	575.728235
0.808800	577.031092
0.810000	578.333073
0.811200	579.634169
0.812400	580.934370
0.813600	582.233666
0.814800	583.532049
0.816000	584.829509
0.817200	586.126037
0.818400	587.421624
0.819600	588.716260
0.820800	590.009935
0.822000	591.302641
0.823200	592.594369
0.824400	593.885108
0.825600	595.174850
0.826800	596.463586
0.828000	597.751305
0.829200	599.038000
0.830400	600.323661
0.831600	601.608277
0.832800	602.891842
0.834000	604.174344
0.835200	605.455775
0.836400	606.736125
0.837600	608.015386
0.838800	609.293548
0.840000	610.570603
0.841200	611.846540
0.842400	613.121350
0.843600	614.395026
0.844800	615.667556
0.846000	616.938933
0.847200	618.209148
0.848400	619.478190
0.849600	620.746051
0.850800	622.012722
0.852000	623.278193
0.853200	624.542456
0.854400	625.805502
0.855600	627.067321
0.856800	628.327905
0.858000	629.587244
0.859200	630.845329
0.860400	632.102152
0.861600	633.357703
0.862800	634.611973
0.864000	635.864953
0.865200	637.116635
0.866400	638.367009
0.867600	639.616067
0.868800	640.863798
0.870000	642.110196
0.871200	643.355249
0.872400	644.598951
0.873600	645.841290
0.874800	647.082260
0.876000	648.321850
0.877200	649.560053
0.878400	650.796858
0.879600	652.032257
0.880800	653.266242
0.882000	654.498804
0.883200	655.729932
0.884400	656.959620
0.885600	658.187858
0.886800	659.414637
0.888000	660.639948
0.889200	661.863783
0.890400	663.086132
0.891600	664.306988
0.892800	665.526341
0.894000	666.744182
0.895200	667.960503
0.896400	669.175296
0.897600	670.388551
0.898800	671.600259
0.900000	672.810413
0.901200	674.019002
0.902400	675.226020
0.903600	676.431456
0.904800	677.635303
0.906000	678.837552
0.907200	680.038194
0.908400	681.237220
0.909600	682.434623
0.910800	683.630392
0.912000	684.824521
0.913200	686.017000
0.914400	687.207820
0.915600	688.396974
0.916800	689.584452
0.918000	690.770246
0.919200	691.954348
0.920400	693.136750
0.921600	694.317442
0.922800	695.496416
0.924000	696.673664
0.925200	697.849177
0.926400	699.022947
0.927600	700.194966
0.928800	701.365225
0.930000	702.533716
0.931200	703.700430
0.932400	704.865359
0.933600	706.028495
0.934800	707.189829
0.936000	708.349354
0.937200	709.507060
0.938400	710.662939
0.939600	711.816984
0.940800	712.969186
0.942000	714.119536
0.943200	715.268027
0.944400	716.414650
0.945600	717.559397
0.946800	718.702260
0.948000	719.843230
0.949200	720.982300
0.950400	722.119462
0.951600	723.254706
0.952800	724.388025
0.954000	725.519412
0.955200	726.648857
0.956400	727.776353
0.957600	728.901892
0.958800	730.025465
0.960000	731.147065
0.961200	732.266684
0.962400	733.384313
0.963600	734.499944
0.964800	735.613571
0.966000	736.725183
0.967200	737.834775
0.968400	738.942337
0.969600	740.047862
0.970800	741.151342
0.972000	742.252769
0.973200	743.352135
0.974400	744.449432
0.975600	745.544652
0.976800	746.637788
0.978000	747.728832
0.979200	748.817776
0.980400	749.904612
0.981600	750.989332
0.982800	752.071929
0.984000	753.152394
0.985200	754.230721
0.986400	755.306901
0.987600	756.380927
0.988800	757.452791
0.990000	758.522486
0.991200	759.590003
0.992400	760.655335
0.993600	761.718474
0.994800	762.779414
0.996000	763.838145
0.997200	764.894662
0.998400	765.948955
0.999600	767.001018
1.000800	768.050843
1.002000	769.098423
1.003200	770.143750
1.004400	771.186816
1.005600	772.227615
1.006800	773.266138
1.008000	774.302378
1.009200	775.336329
1.010400	776.367981
1.011600	777.397329
1.012800	778.424365
1.014000	779.449081
1.015200	780.471469
1.016400	781.491524
1.017600	782.509237
1.018800	783.524601
1.020000	784.537610
1.021200	785.548254
1.022400	786.556529
1.023600	787.562425
1.024800	788.565936
1.026000	789.567056
1.027200	790.565776
1.028400	791.562089
1.029600	792.555989
1.030800	793.547468
1.032000	794.536520
1.033200	795.523136
1.034400	796.507311
1.035600	797.489037
1.036800	798.468307
1.038000	799.445113
1.039200	800.419450
1.040400	801.391310
1.041600	802.360686
1.042800	803.327571
1.044000	804.291958
1.045200	805.253841
1.046400	806.213213
1.047600	807.170065
1.048800	808.124393
1.050000	809.076189
1.051200	810.025446
1.052400	810.972157
1.053600	811.916316
1.054800	812.857915
1.056000	813.796949
1.057200	814.733410
1.058400	815.667292
1.059600	816.598587
1.060800	817.527290
1.062000	818.453394
1.063200	819.376892
1.064400	820.297777
1.065600	821.216044
1.066800	822.131684
1.068000	823.044692
1.069200	823.955062
1.070400	824.862786
1.071600	825.767858
1.072800	826.670272
1.074000	827.570022
1.075200	828.467100
1.076400	829.361501
1.077600	830.253217
1.078800	831.142243
1.080000	832.028573
1.081200	832.912199
1.082400	833.793117
1.083600	834.671318
1.084800	835.546797
1.086000	836.419548
1.087200	837.289565
1.088400	838.156841
1.089600	839.021370
1.090800	839.883145
1.092000	840.742162
1.093200	841.598413
1.094400	842.451892
1.095600	843.302594
1.096800	844.150512
1.098000	844.995640
1.099200	845.837972
1.100400	846.677502
1.101600	847.514224
1.102800	848.348132
1.104000	849.179221
1.105200	850.007483
1.106400	850.832914
1.107600	851.655506
1.108800	852.475256
1.110000	853.292155
1.111200	854.106199
1.112400	854.917382
1.113600	855.725698
1.114800	856.531142
1.116000	857.333706
1.117200	858.133386
1.118400	858.930177
1.119600	859.724071
1.120800	860.515064
1.122000	861.303150
1.123200	862.088322
1.124400	862.870577
1.125600	863.649907
1.126800	864.426308
1.128000	865.199774
1.129200	865.970298
1.130400	866.737877
1.131600	867.502503
1.132800	868.264173
1.134000	869.022879
1.135200	869.778617
1.136400	870.531382
1.137600	871.281168
1.138800	872.027969
1.140000	872.771780
1.141200	873.512596
1.142400	874.250412
1.143600	874.985222
1.144800	875.717021
1.146000	876.445804
1.147200	877.171565
1.148400	877.894299
1.149600	878.614001
1.150800	879.330666
1.152000	880.044289
1.153200	880.754865
1.154400	881.462387
1.155600	882.166853
1.156800	882.868255
1.158000	883.566590
1.159200	884.261852
1.160400	884.954036
1.161600	885.643138
1.162800	886.329152
1.164000	887.012073
1.165200	887.691896
1.166400	888.368617
1.167600	889.042231
1.168800	889.712732
1.170000	890.380116
1.171200	891.044379
1.172400	891.705515
1.173600	892.363519
1.174800	893.018387
1.176000	893.670114
1.177200	894.318696
1.178400	894.964128
1.179600	895.606404
1.180800	896.245521
1.182000	896.881474
1.183200	897.514257
1.184400	898.143868
1.185600	898.770300
1.186800	899.393551
1.188000	900.013614
1.189200	900.630486
1.190400	901.244161
1.191600	901.854637
1.192800	902.461908
1.194000	903.065969
1.195200	903.666817
1.196400	904.264447
1.197600	904.858855
1.198800	905.450037
1.200000	906.037987
1.201200	906.622703
1.202400	907.204179
1.203600	907.782412
1.204800	908.357397
1.206000	908.929130
1.207200	909.497607
1.208400	910.062824
1.209600	910.624776
1.210800	911.183461
1.212000	911.738872
1.213200	912.291008
1.214400	912.839863
1.215600	913.385433
1.216800	913.927715
1.218000	914.466704
1.219200	915.002397
1.220400	915.534790
1.221600	916.063879
1.222800	916.589660
1.224000	917.112129
1.225200	917.631282
1.226400	918.147116
1.227600	918.659627
1.228800	919.168811
1.230000	919.674664
1.231200	920.177183
1.232400	920.676364
1.233600	921.172203
1.234800	921.664697
1.236000	922.153842
1.237200	922.639634
1.238400	923.122070
1.239600	923.601147
1.240800	924.076861
1.242000	924.549208
1.243200	925.018185
1.244400	925.483788
1.245600	925.946015
1.246800	926.404861
1.248000	926.860323
1.249200	927.312398
1.250400	927.761083
1.251600	928.206374
1.252800	928.648268
1.254000	929.086762
1.255200	929.521853
1.256400	929.953536
1.257600	930.381810
1.258800	930.806670
1.260000	931.228115
1.261200	931.646139
1.262400	932.060742
1.263600	932.471919
1.264800	932.879667
1.266000	933.283984
1.267200	933.684866
1.268400	934.082310
1.269600	934.476314
1.270800	934.866874
1.272000	935.253988
1.273200	935.637653
1.274400	936.017865
1.275600	936.394622
1.276800	936.767922
1.278000	937.137760
1.279200	937.504136
1.280400	937.867045
1.281600	938.226485
1.282800	938.582454
1.284000	938.934948
1.285200	939.283966
1.286400	939.629503
1.287600	939.971559
1.288800	940.310130
1.290000	940.645213
1.291200	940.976807
1.292400	941.304908
1.293600	941.629515
1.294800	941.950624
1.296000	942.268233
1.297200	942.582340
1.298400	942.892943
1.299600	943.200038
1.300800	943.503624
1.302000	943.803699
1.303200	944.100259
1.304400	944.393303
1.305600	944.682829
1.306800	944.968834
1.308000	945.251316
1.309200	945.530273
1.310400	945.805703
1.311600	946.077603
1.312800	946.345972
1.314000	946.610807
1.315200	946.872107
1.316400	947.129868
1.317600	947.384090
1.318800	947.634771
1.320000	947.881907
1.321200	948.125498
1.322400	948.365541
1.323600	948.602035
1.324800	948.834977
1.326000	949.064367
1.327200	949.290201
1.328400	949.512478
1.329600	949.731197
1.330800	949.946355
1.332000	950.157952
1.333200	950.365984
1.334400	950.570451
1.335600	950.771351
1.336800	950.968682
1.338000	951.162442
1.339200	951.352631
1.340400	951.539246
1.341600	951.722286
1.342800	951.901749
1.344000	952.077634
1.345200	952.249940
1.346400	952.418664
1.347600	952.583806
1.348800	952.745364
1.350000	952.903337
1.351200	953.057723
1.352400	953.208522
1.353600	953.355731
1.354800	953.499349
1.356000	953.639376
1.357200	953.775810
1.358400	953.908650
1.359600	954.037894
1.360800	954.163542
1.362000	954.285592
1.363200	954.404043
1.364400	954.518895
1.365600	954.630145
1.366800	954.737793
1.368000	954.841839
1.369200	954.942280
1.370400	955.039117
1.371600	955.132347
1.372800	955.221971
1.374000	955.307987
1.375200	955.390394
1.376400	955.469192
1.377600	955.544379
1.378800	955.615956
1.380000	955.683920
1.381200	955.748272
1.382400	955.809011
1.383600	955.866136
1.384800	955.919645
1.386000	955.969540
1.387200	956.015818
1.388400	956.058480
1.389600	956.097524
1.390800	956.132951
1.392000	956.164759
1.393200	956.192949
1.394400	956.217519
1.395600	956.238469
1.396800	956.255799
1.398000	956.269508
1.399200	956.279596
1.400400	956.286063
1.401600	956.288908
1.402800	956.288131
1.404000	956.283731
1.405200	956.275708
1.406400	956.264063
1.407600	956.248794
1.408800	956.229902
1.410000	956.207387
1.411200	956.181247
1.412400	956.151484
1.413600	956.118097
1.414800	956.081085
1.416000	956.040450
1.417200	955.996190
1.418400	955.948306
1.419600	955.896798
1.420800	955.841666
1.422000	955.782909
1.423200	955.720529
1.424400	955.654524
1.425600	955.584896
1.426800	955.511644
1.428000	955.434768
1.429200	955.354269
1.430400	955.270147
1.431600	955.182402
1.432800	955.091035
1.434000	954.996045
1.435200	954.897433
1.436400	954.795200
1.437600	954.689345
1.438800	954.579870
1.440000	954.466774
1.441200	954.350058
1.442400	954.229722
1.443600	954.105767
1.444800	953.978193
1.446000	953.847002
1.447200	953.712192
1.448400	953.573766
1.449600	953.431724
1.450800	953.286065
1.452000	953.136792
1.453200	952.983904
1.454400	952.827402
1.455600	952.667287
1.456800	952.503560
1.458000	952.336221
1.459200	952.165271
1.460400	951.990712
1.461600	951.812543
1.462800	951.630766
1.464000	951.445381
1.465200	951.256390
1.466400	951.063794
1.467600	950.867592
1.468800	950.667787
1.470000	950.464379
1.471200	950.257370
1.472400	950.046760
1.473600	949.832550
1.474800	949.614742
1.476000	949.393336
1.477200	949.168334
1.478400	948.939737
1.479600	948.707546
1.480800	948.471762
1.482000	948.232387
1.483200	947.989421
1.484400	947.742867
1.485600	947.492724
1.486800	947.238996
1.488000	946.981682
1.489200	946.720784
1.490400	946.456304
1.491600	946.188244
1.492800	945.916603
1.494000	945.641385
1.495200	945.362590
1.496400	945.080220
1.497600	944.794277
1.498800	944.504761
1.500000	944.211675
1.501200	943.915020
1.502400	943.614798
1.503600	943.311011
1.504800	943.003659
1.506000	942.692745
1.507200	942.378271
1.508400	942.060238
1.509600	941.738647
1.510800	941.413501
1.512000	941.084802
1.513200	940.752551
1.514400	940.416750
1.515600	940.077402
1.516800	939.734507
1.518000	939.388067
1.519200	939.038086
1.520400	938.684564
1.521600	938.327504
1.522800	937.966907
1.524000	937.602776
1.525200	937.235113
1.526400	936.863919
1.527600	936.489197
1.528800	936.110949
1.530000	935.729178
1.531200	935.343884
1.532400	934.955071
1.533600	934.562740
1.534800	934.166894
1.536000	933.767535
1.537200	933.364666
1.538400	932.958288
1.539600	932.548404
1.540800	932.135016
1.542000	931.718127
1.543200	931.297738
1.544400	930.873853
1.545600	930.446474
1.546800	930.015603
1.548000	929.581243
1.549200	929.143395
1.550400	928.702064
1.551600	928.257250
1.552800	927.808957
1.554000	927.357188
1.555200	926.901944
1.556400	926.443229
1.557600	925.981045
1.558800	925.515394
1.560000	925.046280
1.561200	924.573706
1.562400	924.097673
1.563600	923.618185
1.564800	923.135244
1.566000	922.648853
1.567200	922.159015
1.568400	921.665733
1.569600	921.169010
1.570800	920.668848
1.572000	920.165251
1.573200	919.658221
1.574400	919.147761
1.575600	918.633874
1.576800	918.116564
1.578000	917.595833
1.579200	917.071684
1.580400	916.544120
1.581600	916.013144
1.582800	915.478760
1.584000	914.940971
1.585200	914.399779
1.586400	913.855188
1.587600	913.307201
1.588800	912.755821
1.590000	912.201051
1.591200	911.642895
1.592400	911.081356
1.593600	910.516437
1.594800	909.948141
1.596000	909.376472
1.597200	908.801433
1.598400	908.223027
1.599600	907.641258
1.600800	907.056130
1.602000	906.467645
1.603200	905.875807
1.604400	905.280619
1.605600	904.682086
1.606800	904.080210
1.608000	903.474995
1.609200	902.866444
1.610400	902.254562
1.611600	901.639351
1.612800	901.020816
1.614000	900.398959
1.615200	899.773785
1.616400	899.145298
1.617600	898.513500
1.618800	897.878396
1.620000	897.239989
1.621200	896.598283
1.622400	895.953282
1.623600	895.304989
1.624800	894.653409
1.626000	893.998546
1.627200	893.340402
1.628400	892.678982
1.629600	892.014291
1.630800	891.346331
1.632000	890.675106
1.633200	890.000621
1.634400	889.322880
1.635600	888.641887
1.636800	887.957644
1.638000	887.270158
1.639200	886.579431
1.640400	885.885468
1.641600	885.188273
1.642800	884.487849
1.644000	883.784202
1.645200	883.077334
1.646400	882.367251
1.647600	881.653956
1.648800	880.937454
1.650000	880.217749
1.651200	879.494845
1.652400	878.768747
1.653600	878.039458
1.654800	877.306983
1.656000	876.571326
1.657200	875.832492
1.658400	875.090485
1.659600	874.345309
1.660800	873.596969
1.662000	872.845469
1.663200	872.090813
1.664400	871.333007
1.665600	870.572054
1.666800	869.807959
1.668000	869.040726
1.669200	868.270360
1.670400	867.496866
1.671600	866.720248
1.672800	865.940511
1.674000	865.157658
1.675200	864.371696
1.676400	863.582628
1.677600	862.790459
1.678800	861.995194
1.680000	861.196838
1.681200	860.395394
1.682400	859.590869
1.683600	858.783266
1.684800	857.972591
1.686000	857.158848
1.687200	856.342041
1.688400	855.522177
1.689600	854.699259
1.690800	853.873293
1.692000	853.044284
1.693200	852.212235
1.694400	851.377153
1.695600	850.539041
1.696800	849.697906
1.698000	848.853752
1.699200	848.006584
1.700400	847.156406
1.701600	846.303225
1.702800	845.447044
1.704000	844.587870
1.705200	843.725707
1.706400	842.860560
1.707600	841.992434
1.708800	841.121335
1.710000	840.247267
1.711200	839.370236
1.712400	838.490247
1.713600	837.607305
1.714800	836.721415
1.716000	835.832582
1.717200	834.940812
1.718400	834.046111
1.719600	833.148482
1.720800	832.247932
1.722000	831.344466
1.723200	830.438089
1.724400	829.528807
1.725600	828.616624
1.726800	827.701546
1.728000	826.783580
1.729200	825.862729
1.730400	824.939000
1.731600	824.012397
1.732800	823.082927
1.734000	822.150595
1.735200	821.215406
1.736400	820.277365
1.737600	819.336480
1.738800	818.392754
1.740000	817.446193
1.741200	816.496803
1.742400	815.544590
1.743600	814.589560
1.744800	813.631717
1.746000	812.671067
1.747200	811.707617
1.748400	810.741371
1.749600	809.772336
1.750800	808.800516
1.752000	807.825919
1.753200	806.848549
1.754400	805.868413
1.755600	804.885516
1.756800	803.899863
1.758000	802.911462
1.759200	801.920317
1.760400	800.926434
1.761600	799.929819
1.762800	798.930478
1.764000	797.928417
1.765200	796.923642
1.766400	795.916159
1.767600	794.905973
1.768800	793.893090
1.770000	792.877517
1.771200	791.859260
1.772400	790.838324
1.773600	789.814715
1.774800	788.788440
1.776000	787.759504
1.777200	786.727913
1.778400	785.693674
1.779600	784.656793
1.780800	783.617275
1.782000	782.575127
1.783200	781.530355
1.784400	780.482965
1.785600	779.432963
1.786800	778.380356
1.788000	777.325148
1.789200	776.267348
1.790400	775.206960
1.791600	774.143992
1.792800	773.078448
1.794000	772.010336
1.795200	770.939662
1.796400	769.866432
1.797600	768.790653
1.798800	767.712330
1.800000	766.631470
1.801200	765.548079
1.802400	764.462163
1.803600	763.373730
1.804800	762.282785
1.806000	761.189335
1.807200	760.093386
1.808400	758.994944
1.809600	757.894017
1.810800	756.790609
1.812000	755.684729
1.813200	754.576382
1.814400	753.465574
1.815600	752.352313
1.816800	751.236605
1.818000	750.118455
1.819200	748.997872
1.820400	747.874861
1.821600	746.749429
1.822800	745.621582
1.824000	744.491327
1.825200	743.358671
1.826400	742.223621
1.827600	741.086182
1.828800	739.946361
1.830000	738.804166
1.831200	737.659602
1.832400	736.512677
1.833600	735.363397
1.834800	734.211769
1.836000	733.057800
1.837200	731.901496
1.838400	730.742863
1.839600	729.581910
1.840800	728.418642
1.842000	727.253066
1.843200	726.085190
1.844400	724.915019
1.845600	723.742561
1.846800	722.567823
1.848000	721.390810
1.849200	720.211531
1.850400	719.029992
1.851600	717.846200
1.852800	716.660162
1.854000	715.471884
1.855200	714.281374
1.856400	713.088638
1.857600	711.893684
1.858800	710.696518
1.860000	709.497148
1.861200	708.295579
1.862400	707.091820
1.863600	705.885877
1.864800	704.677757
1.866000	703.467468
1.867200	702.255015
1.868400	701.040407
1.869600	699.823650
1.870800	698.604752
1.872000	697.383719
1.873200	696.160558
1.874400	694.935277
1.875600	693.707882
1.876800	692.478382
1.878000	691.246782
1.879200	690.013090
1.880400	688.777313
1.881600	687.539459
1.882800	686.299533
1.884000	685.057545
1.885200	683.813500
1.886400	682.567407
1.887600	681.319271
1.888800	680.069101
1.890000	678.816903
1.891200	677.562685
1.892400	676.306455
1.893600	675.048218
1.894800	673.787983
1.896000	672.525757
1.897200	671.261547
1.898400	669.995361
1.899600	668.727205
1.900800	667.457087
1.902000	666.185015
1.903200	664.910995
1.904400	663.635036
1.905600	662.357143
1.906800	661.077325
1.908000	659.795590
1.909200	658.511944
1.910400	657.226394
1.911600	655.938949
1.912800	654.649616
1.914000	653.358401
1.915200	652.065313
1.916400	650.770359
1.917600	649.473546
1.918800	648.174883
1.920000	646.874375
1.921200	645.572031
1.922400	644.267858
1.923600	642.961864
1.924800	641.654056
1.926000	640.344442
1.927200	639.033029
1.928400	637.719824
1.929600	636.404836
1.930800	635.088072
1.932000	633.769538
1.933200	632.449244
1.934400	631.127196
1.935600	629.803402
1.936800	628.477870
1.938000	627.150607
1.939200	625.821621
1.940400	624.490918
1.941600	623.158508
1.942800	621.824398
1.944000	620.488594
1.945200	619.151106
1.946400	617.811940
1.947600	616.471104
1.948800	615.128605
1.950000	613.784453
1.951200	612.438653
1.952400	611.091214
1.953600	609.742144
1.954800	608.391449
1.956000	607.039139
1.957200	605.685220
1.958400	604.329700
1.959600	602.972588
1.960800	601.613890
1.962000	600.253614
1.963200	598.891769
1.964400	597.528362
1.965600	596.163400
1.966800	594.796892
1.968000	593.428845
1.969200	592.059267
1.970400	590.688166
1.971600	589.315550
1.972800	587.941426
1.974000	586.565802
1.975200	585.188686
1.976400	583.810086
1.977600	582.430010
1.978800	581.048465
1.980000	579.665459
1.981200	578.281000
1.982400	576.895097
1.983600	575.507756
1.984800	574.118986
1.986000	572.728795
1.987200	571.337190
1.988400	569.944179
1.989600	568.549770
1.990800	567.153972
1.992000	565.756792
1.993200	564.358237
1.994400	562.958316
1.995600	561.557037
1.996800	560.154407
1.998000	558.750435
1.999200	557.345129
2.000400	555.938496
2.001600	554.530544
2.002800	553.121281
2.004000	551.710716
2.005200	550.298855
2.006400	548.885708
2.007600	547.471282
2.008800	546.055585
2.010000	544.638625
2.011200	543.220410
2.012400	541.800948
2.013600	540.380247
2.014800	538.958315
2.016000	537.535160
2.017200	536.110789
2.018400	534.685212
2.019600	533.258436
2.020800	531.830468
2.022000	530.401318
2.023200	528.970992
2.024400	527.539500
2.025600	526.106849
2.026800	524.673046
2.028000	523.238101
2.029200	521.802021
2.030400	520.364815
2.031600	518.926489
2.032800	517.487053
2.034000	516.046514
2.035200	514.604881
2.036400	513.162161
2.037600	511.718363
2.038800	510.273495
2.040000	508.827564
2.041200	507.380579
2.042400	505.932548
2.043600	504.483478
2.044800	503.033379
2.046000	501.582258
2.047200	500.130124
2.048400	498.676983
2.049600	497.222845
2.050800	495.767718
2.052000	494.311609
2.053200	492.854527
2.054400	491.396480
2.055600	489.937476
2.056800	488.477523
2.058000	487.016629
2.059200	485.554803
2.060400	484.092052
2.061600	482.628385
2.062800	481.163809
2.064000	479.698333
2.065200	478.231966
2.066400	476.764714
2.067600	475.296587
2.068800	473.827592
2.070000	472.357738
2.071200	470.887032
2.072400	469.415484
2.073600	467.943100
2.074800	466.469890
2.076000	464.995861
2.077200	463.521021
2.078400	462.045379
2.079600	460.568943
2.080800	459.091721
2.082000	457.613721
2.083200	456.134951
2.084400	454.655419
2.085600	453.175135
2.086800	451.694105
2.088000	450.212338
2.089200	448.729842
2.090400	447.246626
2.091600	445.762697
2.092800	444.278063
2.094000	442.792734
2.095200	441.306716
2.096400	439.820019
2.097600	438.332650
2.098800	436.844618
2.100000	435.355930
2.101200	433.866595
2.102400	432.376622
2.103600	430.886017
2.104800	429.394790
2.106000	427.902949
2.107200	426.410502
2.108400	424.917456
2.109600	423.423821
2.110800	421.929604
2.112000	420.434814
2.113200	418.939459
2.114400	417.443546
2.115600	415.947084
2.116800	414.450082
2.118000	412.952548
2.119200	411.454489
2.120400	409.955914
2.121600	408.456831
2.122800	406.957248
2.124000	405.457173
2.125200	403.956616
2.126400	402.455583
2.127600	400.954083
2.128800	399.452124
2.130000	397.949714
2.131200	396.446862
2.132400	394.943576
2.133600	393.439864
2.134800	391.935733
2.136000	390.431193
2.137200	388.926252
2.138400	387.420917
2.139600	385.915196
2.140800	384.409099
2.142000	382.902633
2.143200	381.395806
2.144400	379.888627
2.145600	378.381103
2.146800	376.873243
2.148000	375.365055
2.149200	373.856547
2.150400	372.347728
2.151600	370.838605
2.152800	369.329187
2.154000	367.819481
2.155200	366.309496
2.156400	364.799241
2.157600	363.288723
2.158800	361.777950
2.160000	360.266931
2.161200	358.755674
2.162400	357.244186
2.163600	355.732477
2.164800	354.220554
2.166000	352.708425
2.167200	351.196098
2.168400	349.683582
2.169600	348.170885
2.170800	346.658015
2.172000	345.144980
2.173200	343.631787
2.174400	342.118447
2.175600	340.604965
2.176800	339.091351
2.178000	337.577613
2.179200	336.063758
2.180400	334.549795
2.181600	333.035732
2.182800	331.521577
2.184000	330.007339
2.185200	328.493025
2.186400	326.978643
2.187600	325.464201
2.188800	323.949708
2.190000	322.435172
2.191200	320.920600
2.192400	319.406002
2.193600	317.891384
2.194800	316.376755
2.196000	314.862123
2.197200	313.347497
2.198400	311.832883
2.199600	310.318291
2.200800	308.803728
2.202000	307.289202
2.203200	305.774722
2.204400	304.260296
2.205600	302.745930
2.206800	301.231635
2.208000	299.717417
2.209200	298.203284
2.210400	296.689246
2.211600	295.175309
2.212800	293.661481
2.214000	292.147772
2.215200	290.634188
2.216400	289.120737
2.217600	287.607429
2.218800	286.094270
2.220000	284.581269
2.221200	283.068434
2.222400	281.555772
2.223600	280.043293
2.224800	278.531002
2.226000	277.018910
2.227200	275.507023
2.228400	273.995350
2.229600	272.483898
2.230800	270.972676
2.232000	269.461691
2.233200	267.950951
2.234400	266.440465
2.235600	264.930240
2.236800	263.420284
2.238000	261.910606
2.239200	260.401212
2.240400	258.892112
2.241600	257.383312
2.242800	255.874821
2.244000	254.366646
2.245200	252.858797
2.246400	251.351279
2.247600	249.844102
2.248800	248.337273
2.250000	246.830800
2.251200	245.324692
2.252400	243.818954
2.253600	242.313597
2.254800	240.808627
2.256000	239.304052
2.257200	237.799881
2.258400	236.296120
2.259600	234.792779
2.260800	233.289864
2.262000	231.787383
2.263200	230.285345
2.264400	228.783757
2.265600	227.282626
2.266800	225.781961
2.268000	224.281770
2.269200	222.782060
2.270400	221.282839
2.271600	219.784114
2.272800	218.285894
2.274000	216.788187
2.275200	215.290999
2.276400	213.794339
2.277600	212.298214
2.278800	210.802633
2.280000	209.307603
2.281200	207.813131
2.282400	206.319225
2.283600	204.825893
2.284800	203.333143
2.286000	201.840983
2.287200	200.349419
2.288400	198.858460
2.289600	197.368114
2.290800	195.878387
2.292000	194.389289
2.293200	192.900825
2.294400	191.413004
2.295600	189.925834
2.296800	188.439323
2.298000	186.953477
2.299200	185.468304
2.300400	183.983812
2.301600	182.500009
2.302800	181.016902
2.304000	179.534499
2.305200	178.052807
2.306400	176.571834
2.307600	175.091587
2.308800	173.612075
2.310000	172.133303
2.311200	170.655281
2.312400	169.178015
2.313600	167.701514
2.314800	166.225783
2.316000	164.750832
2.317200	163.276667
2.318400	161.803297
2.319600	160.330727
2.320800	158.858967
2.322000	157.388023
2.323200	155.917903
2.324400	154.448614
2.325600	152.980164
2.326800	151.512559
2.328000	150.045809
2.329200	148.579919
2.330400	147.114897
2.331600	145.650751
2.332800	144.187489
2.334000	142.725116
2.335200	141.263642
2.336400	139.803072
2.337600	138.343415
2.338800	136.884678
2.340000	135.426868
2.341200	133.969992
2.342400	132.514059
2.343600	131.059074
2.344800	129.605045
2.346000	128.151980
2.347200	126.699886
2.348400	125.248770
2.349600	123.798640
2.350800	122.349502
2.352000	120.901364
2.353200	119.454233
2.354400	118.008116
2.355600	116.563021
2.356800	115.118955
2.358000	113.675924
2.359200	112.233936
2.360400	110.792999
2.361600	109.353119
2.362800	107.914304
2.364000	106.476560
2.365200	105.039895
2.366400	103.604316
2.367600	102.169829
2.368800	100.736443
2.370000	99.304165
2.371200	97.873000
2.372400	96.442957
2.373600	95.014042
2.374800	93.586262
2.376000	92.159625
2.377200	90.734138
2.378400	89.309807
2.379600	87.886639
2.380800	86.464642
2.382000	85.043823
2.383200	83.624188
2.384400	82.205744
2.385600	80.788499
2.386800	79.372459
2.388000	77.957632
2.389200	76.544023
2.390400	75.131641
2.391600	73.720492
2.392800	72.310582
2.394000	70.901920
2.395200	69.494511
2.396400	68.088362
2.397600	66.683481
2.398800	65.279874
2.400000	63.877548
2.401200	62.476510
2.402400	61.076767
2.403600	59.678325
2.404800	58.281191
2.406000	56.885372
2.407200	55.490875
2.408400	54.097706
2.409600	52.705873
2.410800	51.315382
2.412000	49.926239
2.413200	48.538451
2.414400	47.152026
2.415600	45.766970
2.416800	44.383288
2.418000	43.000989
2.419200	41.620079
2.420400	40.240564
2.421600	38.862451
2.422800	37.485746
2.424000	36.110457
2.425200	34.736589
2.426400	33.364150
2.427600	31.993146
2.428800	30.623583
2.430000	29.255469
2.431200	27.888808
2.432400	26.523609
2.433600	25.159878
2.434800	23.797620
2.436000	22.436843
2.437200	21.077554
2.438400	19.719757
2.439600	18.363461
2.440800	17.008670
2.442000	15.655393
2.443200	14.303635
2.444400	12.953402
2.445600	11.604702
2.446800	10.257540
2.448000	8.911922
2.449200	7.567856
2.450400	6.225347
2.451600	4.884401
2.452800	3.545026
2.454000	2.207227
2.455200	0.871011
2.456400	0.463617
2.457600	1.796649
2.458800	3.128080
2.460000	4.457903
2.461200	5.786113
2.462400	7.112702
2.463600	8.437665
2.464800	9.760996
2.466000	11.082688
2.467200	12.402735
2.468400	13.721131
2.469600	15.037870
2.470800	16.352946
2.472000	17.666353
2.473200	18.978084
2.474400	20.288134
2.475600	21.596496
2.476800	22.903165
2.478000	24.208134
2.479200	25.511397
2.480400	26.812949
2.481600	28.112783
2.482800	29.410893
2.484000	30.707274
2.485200	32.001918
2.486400	33.294822
2.487600	34.585978
2.488800	35.875380
2.490000	37.163023
2.491200	38.448901
2.492400	39.733007
2.493600	41.015337
2.494800	42.295883
2.496000	43.574641
2.497200	44.851605
2.498400	46.126768
2.499600	47.400125
2.500800	48.671670
2.502000	49.941397
2.503200	51.209301
2.504400	52.475375
2.505600	53.739615
2.506800	55.002014
2.508000	56.262566
2.509200	57.521267
2.510400	58.778109
2.511600	60.033089
2.512800	61.286199
2.514000	62.537434
2.515200	63.786789
2.516400	65.034258
2.517600	66.279836
2.518800	67.523516
2.520000	68.765294
2.521200	70.005163
2.522400	71.243119
2.523600	72.479155
2.524800	73.713267
2.526000	74.945448
2.527200	76.175694
2.528400	77.403998
2.529600	78.630355
2.530800	79.854760
2.532000	81.077208
2.533200	82.297693
2.534400	83.516209
2.535600	84.732752
2.536800	85.947315
2.538000	87.159894
2.539200	88.370483
2.540400	89.579077
2.541600	90.785670
2.542800	91.990258
2.544000	93.192835
2.545200	94.393395
2.546400	95.591934
2.547600	96.788446
2.548800	97.982926
2.550000	99.175369
2.551200	100.365769
2.552400	101.554122
2.553600	102.740422
2.554800	103.924664
2.556000	105.106843
2.557200	106.286954
2.558400	107.464992
2.559600	108.640951
2.560800	109.814827
2.562000	110.986615
2.563200	112.156309
2.564400	113.323904
2.565600	114.489396
2.566800	115.652780
2.568000	116.814050
2.569200	117.973201
2.570400	119.130229
2.571600	120.285128
2.572800	121.437895
2.574000	122.588523
2.575200	123.737008
2.576400	124.883344
2.577600	126.027529
2.578800	127.169555
2.580000	128.309419
2.581200	129.447115
2.582400	130.582640
2.583600	131.715987
2.584800	132.847153
2.586000	133.976132
2.587200	135.102920
2.588400	136.227513
2.589600	137.349904
2.590800	138.470091
2.592000	139.588067
2.593200	140.703829
2.594400	141.817371
2.595600	142.928689
2.596800	144.037779
2.598000	145.144636
2.599200	146.249255
2.600400	147.351632
2.601600	148.451762
2.602800	149.549640
2.604000	150.645263
2.605200	151.738625
2.606400	152.829723
2.607600	153.918550
2.608800	155.005105
2.610000	156.089381
2.611200	157.171374
2.612400	158.251080
2.613600	159.328494
2.614800	160.403613
2.616000	161.476432
2.617200	162.546945
2.618400	163.615150
2.619600	164.681042
2.620800	165.744616
2.622000	166.805869
2.623200	167.864795
2.624400	168.921391
2.625600	169.975652
2.626800	171.027575
2.628000	172.077155
2.629200	173.124387
2.630400	174.169268
2.631600	175.211794
2.632800	176.251960
2.634000	177.289762
2.635200	178.325196
2.636400	179.358258
2.637600	180.388945
2.638800	181.417251
2.640000	182.443173
2.641200	183.466707
2.642400	184.487848
2.643600	185.506594
2.644800	186.522939
2.646000	187.536880
2.647200	188.548413
2.648400	189.557535
2.649600	190.564240
2.650800	191.568525
2.652000	192.570387
2.653200	193.569822
2.654400	194.566824
2.655600	195.561392
2.656800	196.553521
2.658000	197.543207
2.659200	198.530446
2.660400	199.515235
2.661600	200.497570
2.662800	201.477447
2.664000	202.454862
2.665200	203.429812
2.666400	204.402293
2.667600	205.372302
2.668800	206.339834
2.670000	207.304887
2.671200	208.267456
2.672400	209.227537
2.673600	210.185129
2.674800	211.140226
2.676000	212.092825
2.677200	213.042922
2.678400	213.990515
2.679600	214.935600
2.680800	215.878173
2.682000	216.818230
2.683200	217.755769
2.684400	218.690785
2.685600	219.623276
2.686800	220.553238
2.688000	221.480667
2.689200	222.405561
2.690400	223.327916
2.691600	224.247728
2.692800	225.164995
2.694000	226.079712
2.695200	226.991877
2.696400	227.901487
2.697600	228.808537
2.698800	229.713026
2.700000	230.614949
2.701200	231.514304
2.702400	232.411087
2.703600	233.305296
2.704800	234.196926
2.706000	235.085975
2.707200	235.972440
2.708400	236.856318
2.709600	237.737605
2.710800	238.616299
2.712000	239.492397
2.713200	240.365894
2.714400	241.236790
2.715600	242.105079
2.716800	242.970760
2.718000	243.833830
2.719200	244.694285
2.720400	245.552123
2.721600	246.407341
2.722800	247.259935
2.724000	248.109904
2.725200	248.957243
2.726400	249.801951
2.727600	250.644024
2.728800	251.483460
2.730000	252.320256
2.731200	253.154409
2.732400	253.985916
2.733600	254.814774
2.734800	255.640982
2.736000	256.464535
2.737200	257.285432
2.738400	258.103670
2.739600	258.919246
2.740800	259.732158
2.742000	260.542402
2.743200	261.349976
2.744400	262.154878
2.745600	262.957106
2.746800	263.756656
2.748000	264.553525
2.749200	265.347713
2.750400	266.139215
2.751600	266.928030
2.752800	267.714155
2.754000	268.497587
2.755200	269.278325
2.756400	270.056365
2.757600	270.831706
2.758800	271.604344
2.760000	272.374278
2.761200	273.141506
2.762400	273.906024
2.763600	274.667831
2.764800	275.426925
2.766000	276.183302
2.767200	276.936961
2.768400	277.687900
2.769600	278.436116
2.770800	279.181607
2.772000	279.924371
2.773200	280.664406
2.774400	281.401709
2.775600	282.136279
2.776800	282.868113
2.778000	283.597209
2.779200	284.323565
2.780400	285.047180
2.781600	285.768050
2.782800	286.486175
2.784000	287.201551
2.785200	287.914177
2.786400	288.624051
2.787600	289.331172
2.788800	290.035536
2.790000	290.737142
2.791200	291.435989
2.792400	292.132073
2.793600	292.825394
2.794800	293.515950
2.796000	294.203738
2.797200	294.888758
2.798400	295.571006
2.799600	296.250481
2.800800	296.927182
2.802000	297.601107
2.803200	298.272254
2.804400	298.940621
2.805600	299.606206
2.806800	300.269008
2.808000	300.929026
2.809200	301.586256
2.810400	302.240699
2.811600	302.892352
2.812800	303.541214
2.814000	304.187283
2.815200	304.830557
2.816400	305.471035
2.817600	306.108715
2.818800	306.743596
2.820000	307.375677
2.821200	308.004956
2.822400	308.631431
2.823600	309.255100
2.824800	309.875964
2.826000	310.494019
2.827200	311.109266
2.828400	311.721701
2.829600	312.331325
2.830800	312.938135
2.832000	313.542130
2.833200	314.143309
2.834400	314.741671
2.835600	315.337215
2.836800	315.929938
2.838000	316.519841
2.839200	317.106921
2.840400	317.691177
2.841600	318.272609
2.842800	318.851215
2.844000	319.426994
2.845200	319.999944
2.846400	320.570066
2.847600	321.137356
2.848800	321.701816
2.850000	322.263442
2.851200	322.822235
2.852400	323.378193
2.853600	323.931316
2.854800	324.481602
2.856000	325.029050
2.857200	325.573659
2.858400	326.115429
2.859600	326.654358
2.860800	327.190446
2.862000	327.723691
2.863200	328.254093
2.864400	328.781651
2.865600	329.306363
2.866800	329.828230
2.868000	330.347251
2.869200	330.863424
2.870400	331.376748
2.871600	331.887224
2.872800	332.394850
2.874000	332.899625
2.875200	333.401550
2.876400	333.900622
2.877600	334.396842
2.878800	334.890208
2.880000	335.380721
2.881200	335.868379
2.882400	336.353183
2.883600	336.835130
2.884800	337.314221
2.886000	337.790455
2.887200	338.263832
2.888400	338.734351
2.889600	339.202012
2.890800	339.666814
2.892000	340.128756
2.893200	340.587838
2.894400	341.044061
2.895600	341.497422
2.896800	341.947922
2.898000	342.395561
2.899200	342.840338
2.900400	343.282253
2.901600	343.721305
2.902800	344.157494
2.904000	344.590820
2.905200	345.021283
2.906400	345.448882
2.907600	345.873616
2.908800	346.295487
2.910000	346.714493
2.911200	347.130634
2.912400	347.543910
2.913600	347.954322
2.914800	348.361868
2.916000	348.766549
2.917200	349.168364
2.918400	349.567314
2.919600	349.963398
2.920800	350.356616
2.922000	350.746969
2.923200	351.134455
2.924400	351.519076
2.925600	351.900831
2.926800	352.279720
2.928000	352.655744
2.929200	353.028901
2.930400	353.399193
2.931600	353.766620
2.932800	354.131180
2.934000	354.492876
2.935200	354.851706
2.936400	355.207671
2.937600	355.560770
2.938800	355.911006
2.940000	356.258376
2.941200	356.602882
2.942400	356.944524
2.943600	357.283302
2.944800	357.619217
2.946000	357.952268
2.947200	358.282455
2.948400	358.609781
2.949600	358.934243
2.950800	359.255844
2.952000	359.574583
2.953200	359.890460
2.954400	360.203476
2.955600	360.513632
2.956800	360.820928
2.958000	361.125364
2.959200	361.426941
2.960400	361.725659
2.961600	362.021519
2.962800	362.314521
2.964000	362.604665
2.965200	362.891953
2.966400	363.176385
2.967600	363.457962
2.968800	363.736683
2.970000	364.012550
2.971200	364.285563
2.972400	364.555723
2.973600	364.823031
2.974800	365.087486
2.976000	365.349091
2.977200	365.607845
2.978400	365.863750
2.979600	366.116805
2.980800	366.367013
2.982000	366.614373
2.983200	366.858886
2.984400	367.100553
2.985600	367.339375
2.986800	367.575354
2.988000	367.808488
2.989200	368.038781
2.990400	368.266231
2.991600	368.490841
2.992800	368.712611
2.994000	368.931542
2.995200	369.147635
2.996400	369.360892
2.997600	369.571312
2.998800	369.778897
3.000000	369.983648
3.001200	370.185566
3.002400	370.384652
3.003600	370.580907
3.004800	370.774333
3.006000	370.964929
3.007200	371.152698
3.008400	371.337641
3.009600	371.519758
3.010800	371.699051
3.012000	371.875520
3.013200	372.049168
3.014400	372.219995
3.015600	372.388002
3.016800	372.553192
3.018000	372.715564
3.019200	372.875120
3.020400	373.031862
3.021600	373.185791
3.022800	373.336907
3.024000	373.485214
3.025200	373.630710
3.026400	373.773399
3.027600	373.913282
3.028800	374.050359
3.030000	374.184632
3.031200	374.316103
3.032400	374.444774
3.033600	374.570644
3.034800	374.693717
3.036000	374.813993
3.037200	374.931474
3.038400	375.046161
3.039600	375.158057
3.040800	375.267162
3.042000	375.373478
3.043200	375.477006
3.044400	375.577749
3.045600	375.675708
3.046800	375.770883
3.048000	375.863278
3.049200	375.952894
3.050400	376.039732
3.051600	376.123794
3.052800	376.205081
3.054000	376.283596
3.055200	376.359340
3.056400	376.432315
3.057600	376.502523
3.058800	376.569965
3.060000	376.634642
3.061200	376.696558
3.062400	376.755714
3.063600	376.812111
3.064800	376.865751
3.066000	376.916637
3.067200	376.964769
3.068400	377.010151
3.069600	377.052784
3.070800	377.092669
3.072000	377.129809
3.073200	377.164205
3.074400	377.195860
3.075600	377.224776
3.076800	377.250954
3.078000	377.274397
3.079200	377.295106
3.080400	377.313084
3.081600	377.328333
3.082800	377.340854
3.084000	377.350650
3.085200	377.357723
3.086400	377.362074
3.087600	377.363707
3.088800	377.362623
3.090000	377.358824
3.091200	377.352313
3.092400	377.343091
3.093600	377.331161
3.094800	377.316525
3.096000	377.299185
3.097200	377.279144
3.098400	377.256404
3.099600	377.230966
3.100800	377.202834
3.102000	377.172009
3.103200	377.138494
3.104400	377.102292
3.105600	377.063403
3.106800	377.021832
3.108000	376.977579
3.109200	376.930648
3.110400	376.881042
3.111600	376.828761
3.112800	376.773809
3.114000	376.716188
3.115200	376.655901
3.116400	376.592950
3.117600	376.527338
3.118800	376.459066
3.120000	376.388138
3.121200	376.314556
3.122400	376.238322
3.123600	376.159440
3.124800	376.077911
3.126000	375.993738
3.127200	375.906924
3.128400	375.817472
3.129600	375.725383
3.130800	375.630661
3.132000	375.533308
3.133200	375.433327
3.134400	375.330721
3.135600	375.225491
3.136800	375.117642
3.138000	375.007175
3.139200	374.894093
3.140400	374.778400
3.141600	374.660097
3.142800	374.539187
3.144000	374.415674
3.145200	374.289560
3.146400	374.160848
3.147600	374.029540
3.148800	373.895640
3.150000	373.759150
3.151200	373.620073
3.152400	373.478413
3.153600	373.334171
3.154800	373.187351
3.156000	373.037955
3.157200	372.885987
3.158400	372.731450
3.159600	372.574346
3.160800	372.414678
3.162000	372.252450
3.163200	372.087664
3.164400	371.920323
3.165600	371.750431
3.166800	371.577990
3.168000	371.403003
3.169200	371.225474
3.170400	371.045405
3.171600	370.862800
3.172800	370.677661
3.174000	370.489992
3.175200	370.299796
3.176400	370.107076
3.177600	369.911834
3.178800	369.714075
3.180000	369.513801
3.181200	369.311016
3.182400	369.105722
3.183600	368.897923
3.184800	368.687623
3.186000	368.474823
3.187200	368.259528
3.188400	368.041741
3.189600	367.821465
3.190800	367.598703
3.192000	367.373459
3.193200	367.145735
3.194400	366.915536
3.195600	366.682864
3.196800	366.447722
3.198000	366.210115
3.199200	365.970046
3.200400	365.727517
3.201600	365.482532
3.202800	365.235095
3.204000	364.985210
3.205200	364.732878
3.206400	364.478104
3.207600	364.220892
3.208800	363.961244
3.210000	363.699164
3.211200	363.434656
3.212400	363.167724
3.213600	362.898369
3.214800	362.626597
3.216000	362.352411
3.217200	362.075813
3.218400	361.796809
3.219600	361.515400
3.220800	361.231592
3.222000	360.945387
3.223200	360.656788
3.224400	360.365801
3.225600	360.072427
3.226800	359.776672
3.228000	359.478538
3.229200	359.178029
3.230400	358.875148
3.231600	358.569900
3.232800	358.262288
3.234000	357.952316
3.235200	357.639988
3.236400	357.325306
3.237600	357.008276
3.238800	356.688900
3.240000	356.367182
3.241200	356.043127
3.242400	355.716737
3.243600	355.388017
3.244800	355.056971
3.246000	354.723602
3.247200	354.387914
3.248400	354.049911
3.249600	353.709596
3.250800	353.366975
3.252000	353.022049
3.253200	352.674824
3.254400	352.325303
3.255600	351.973490
3.256800	351.619390
3.258000	351.263004
3.259200	350.904339
3.260400	350.543398
3.261600	350.180184
3.262800	349.814701
3.264000	349.446955
3.265200	349.076947
3.266400	348.704684
3.267600	348.330167
3.268800	347.953402
3.270000	347.574393
3.271200	347.193143
3.272400	346.809657
3.273600	346.423939
3.274800	346.035992
3.276000	345.645821
3.277200	345.253429
3.278400	344.858822
3.279600	344.462002
3.280800	344.062975
3.282000	343.661744
3.283200	343.258313
3.284400	342.852686
3.285600	342.444868
3.286800	342.034863
3.288000	341.622675
3.289200	341.208307
3.290400	340.791766
3.291600	340.373053
3.292800	339.952174
3.294000	339.529133
3.295200	339.103934
3.296400	338.676582
3.297600	338.247080
3.298800	337.815433
3.300000	337.381645
3.301200	336.945720
3.302400	336.507663
3.303600	336.067478
3.304800	335.625168
3.306000	335.180740
3.307200	334.734196
3.308400	334.285542
3.309600	333.834781
3.310800	333.381918
3.312000	332.926957
3.313200	332.469902
3.314400	332.010759
3.315600	331.549530
3.316800	331.086222
3.318000	330.620837
3.319200	330.153382
3.320400	329.683859
3.321600	329.212273
3.322800	328.738629
3.324000	328.262931
3.325200	327.785184
3.326400	327.305393
3.327600	326.823560
3.328800	326.339692
3.330000	325.853793
3.331200	325.365866
3.332400	324.875917
3.333600	324.383950
3.334800	323.889970
3.336000	323.393981
3.337200	322.895988
3.338400	322.395995
3.339600	321.894006
3.340800	321.390027
3.342000	320.884062
3.343200	320.376116
3.344400	319.866193
3.345600	319.354297
3.346800	318.840433
3.348000	318.324607
3.349200	317.806822
3.350400	317.287083
3.351600	316.765395
3.352800	316.241763
3.354000	315.716190
3.355200	315.188683
3.356400	314.659245
3.357600	314.127881
3.358800	313.594596
3.360000	313.059394
3.361200	312.522280
3.362400	311.983260
3.363600	311.442337
3.364800	310.899517
3.366000	310.354803
3.367200	309.808202
3.368400	309.259717
3.369600	308.709353
3.370800	308.157116
3.372000	307.603009
3.373200	307.047038
3.374400	306.489208
3.375600	305.929523
3.376800	305.367988
3.378000	304.804608
3.379200	304.239387
3.380400	303.672331
3.381600	303.103445
3.382800	302.532732
3.384000	301.960199
3.385200	301.385849
3.386400	300.809688
3.387600	300.231721
3.388800	299.651952
3.390000	299.070387
3.391200	298.487030
3.392400	297.901886
3.393600	297.314960
3.394800	296.726257
3.396000	296.135782
3.397200	295.543540
3.398400	294.949536
3.399600	294.353774
3.400800	293.756260
3.402000	293.156998
3.403200	292.555994
3.404400	291.953252
3.405600	291.348778
3.406800	290.742577
3.408000	290.134652
3.409200	289.525010
3.410400	288.913656
3.411600	288.300594
3.412800	287.685829
3.414000	287.069367
3.415200	286.451212
3.416400	285.831370
3.417600	285.209845
3.418800	284.586643
3.420000	283.961768
3.421200	283.335226
3.422400	282.707022
3.423600	282.077161
3.424800	281.445647
3.426000	280.812486
3.427200	280.177684
3.428400	279.541244
3.429600	278.903173
3.430800	278.263475
3.432000	277.622155
3.433200	276.979219
3.434400	276.334672
3.435600	275.688518
3.436800	275.040763
3.438000	274.391412
3.439200	273.740470
3.440400	273.087943
3.441600	272.433835
3.442800	271.778152
3.444000	271.120899
3.445200	270.462080
3.446400	269.801702
3.447600	269.139769
3.448800	268.476286
3.450000	267.811259
3.451200	267.144693
3.452400	266.476593
3.453600	265.806964
3.454800	265.135812
3.456000	264.463142
3.457200	263.788958
3.458400	263.113267
3.459600	262.436073
3.460800	261.757382
3.462000	261.077198
3.463200	260.395528
3.464400	259.712376
3.465600	259.027748
3.466800	258.341648
3.468000	257.654083
3.469200	256.965057
3.470400	256.274576
3.471600	255.582645
3.472800	254.889269
3.474000	254.194453
3.475200	253.498204
3.476400	252.800525
3.477600	252.101423
3.478800	251.400903
3.480000	250.698970
3.481200	249.995629
3.482400	249.290886
3.483600	248.584746
3.484800	247.877215
3.486000	247.168297
3.487200	246.457998
3.488400	245.746323
3.489600	245.033278
3.490800	244.318869
3.492000	243.603099
3.493200	242.885976
3.494400	242.167503
3.495600	241.447687
3.496800	240.726533
3.498000	240.004047
3.499200	239.280232
3.500400	238.555096
3.501600	237.828644
3.502800	237.100880
3.504000	236.371810
3.505200	235.641440
3.506400	234.909774
3.507600	234.176820
3.508800	233.442581
3.510000	232.707063
3.511200	231.970271
3.512400	231.232212
3.513600	230.492891
3.514800	229.752312
3.516000	229.010481
3.517200	228.267404
3.518400	227.523087
3.519600	226.777534
3.520800	226.030751
3.522000	225.282744
3.523200	224.533517
3.524400	223.783077
3.525600	223.031429
3.526800	222.278578
3.528000	221.524530
3.529200	220.769290
3.530400	220.012864
3.531600	219.255257
3.532800	218.496475
3.534000	217.736523
3.535200	216.975406
3.536400	216.213131
3.537600	215.449702
3.538800	214.685125
3.540000	213.919406
3.541200	213.152550
3.542400	212.384562
3.543600	211.615448
3.544800	210.845214
3.546000	210.073865
3.547200	209.301407
3.548400	208.527844
3.549600	207.753183
3.550800	206.977430
3.552000	206.200588
3.553200	205.422665
3.554400	204.643666
3.555600	203.863595
3.556800	203.082459
3.558000	202.300264
3.559200	201.517014
3.560400	200.732715
3.561600	199.947374
3.562800	199.160994
3.564000	198.373582
3.565200	197.585144
3.566400	196.795685
3.567600	196.005210
3.568800	195.213725
3.570000	194.421236
3.571200	193.627748
3.572400	192.833266
3.573600	192.037797
3.574800	191.241345
3.576000	190.443917
3.577200	189.645517
3.578400	188.846152
3.579600	188.045827
3.580800	187.244548
3.582000	186.442320
3.583200	185.639148
3.584400	184.835038
3.585600	184.029997
3.586800	183.224028
3.588000	182.417139
3.589200	181.609334
3.590400	180.800619
3.591600	179.991000
3.592800	179.180482
3.594000	178.369071
3.595200	177.556772
3.596400	176.743592
3.597600	175.929534
3.598800	175.114606
3.600000	174.298812
3.601200	173.482159
3.602400	172.664652
3.603600	171.846296
3.604800	171.027097
3.606000	170.207060
3.607200	169.386192
3.608400	168.564498
3.609600	167.741982
3.610800	166.918652
3.612000	166.094513
3.613200	165.269569
3.614400	164.443827
3.615600	163.617293
3.616800	162.789971
3.618000	161.961868
3.619200	161.132988
3.620400	160.303339
3.621600	159.472925
3.622800	158.641751
3.624000	157.809824
3.625200	156.977149
3.626400	156.143732
3.627600	155.309577
3.628800	154.474692
3.630000	153.639081
3.631200	152.802750
3.632400	151.965704
3.633600	151.127950
3.634800	150.289492
3.636000	149.450337
3.637200	148.610490
3.638400	147.769956
3.639600	146.928741
3.640800	146.086851
3.642000	145.244291
3.643200	144.401068
3.644400	143.557185
3.645600	142.712650
3.646800	141.867468
3.648000	141.021643
3.649200	140.175183
3.650400	139.328092
3.651600	138.480376
3.652800	137.632041
3.654000	136.783091
3.655200	135.933534
3.656400	135.083374
3.657600	134.232617
3.658800	133.381268
3.660000	132.529334
3.661200	131.676819
3.662400	130.823730
3.663600	129.970071
3.664800	129.115849
3.666000	128.261069
3.667200	127.405737
3.668400	126.549858
3.669600	125.693437
3.670800	124.836481
3.672000	123.978995
3.673200	123.120984
3.674400	122.262455
3.675600	121.403412
3.676800	120.543861
3.678000	119.683808
3.679200	118.823259
3.680400	117.962218
3.681600	117.100692
3.682800	116.238685
3.684000	115.376205
3.685200	114.513255
3.686400	113.649843
3.687600	112.785972
3.688800	111.921650
3.690000	111.056880
3.691200	110.191670
3.692400	109.326025
3.693600	108.459949
3.694800	107.593449
3.696000	106.726530
3.697200	105.859198
3.698400	104.991458
3.699600	104.123315
3.700800	103.254776
3.702000	102.385846
3.703200	101.516531
3.704400	100.646835
3.705600	99.776765
3.706800	98.906325
3.708000	98.035523
3.709200	97.164362
3.710400	96.292849
3.711600	95.420988
3.712800	94.548787
3.714000	93.676250
3.715200	92.803382
3.716400	91.930189
3.717600	91.056677
3.718800	90.182851
3.720000	89.308717
3.721200	88.434280
3.722400	87.559546
3.723600	86.684520
3.724800	85.809208
3.726000	84.933614
3.727200	84.057746
3.728400	83.181607
3.729600	82.305205
3.730800	81.428543
3.732000	80.551628
3.733200	79.674465
3.734400	78.797059
3.735600	77.919417
3.736800	77.041543
3.738000	76.163443
3.739200	75.285122
3.740400	74.406586
3.741600	73.527841
3.742800	72.648891
3.744000	71.769743
3.745200	70.890401
3.746400	70.010871
3.747600	69.131159
3.748800	68.251270
3.750000	67.371210
3.751200	66.490983
3.752400	65.610596
3.753600	64.730053
3.754800	63.849361
3.756000	62.968524
3.757200	62.087548
3.758400	61.206439
3.759600	60.325201
3.760800	59.443841
3.762000	58.562363
3.763200	57.680774
3.764400	56.799078
3.765600	55.917280
3.766800	55.035387
3.768000	54.153404
3.769200	53.271335
3.770400	52.389187
3.771600	51.506964
3.772800	50.624673
3.774000	49.742318
3.775200	48.859905
3.776400	47.977439
3.777600	47.094926
3.778800	46.212371
3.780000	45.329779
3.781200	44.447155
3.782400	43.564506
3.783600	42.681836
3.784800	41.799150
3.786000	40.916454
3.787200	40.033754
3.788400	39.151054
3.789600	38.268360
3.790800	37.385677
3.792000	36.503011
3.793200	35.620367
3.794400	34.737749
3.795600	33.855164
3.796800	32.972617
3.798000	32.090113
3.799200	31.207657
3.800400	30.325255
3.801600	29.442911
3.802800	28.560632
3.804000	27.678422
3.805200	26.796287
3.806400	25.914231
3.807600	25.032261
3.808800	24.150381
3.810000	23.268596
3.811200	22.386913
3.812400	21.505335
3.813600	20.623869
3.814800	19.742519
3.816000	18.861291
3.817200	17.980190
3.818400	17.099221
3.819600	16.218390
3.820800	15.337701
3.822000	14.457160
3.823200	13.576772
3.824400	12.696542
3.825600	11.816475
3.826800	10.936577
3.828000	10.056852
3.829200	9.177307
3.830400	8.297945
3.831600	7.418772
3.832800	6.539794
3.834000	5.661015
3.835200	4.782441
3.836400	3.904076
3.837600	3.025926
3.838800	2.147996
3.840000	1.270291
3.841200	0.392817
3.842400	0.484423
3.843600	1.361422
3.844800	2.238175
3.846000	3.114678
3.847200	3.990926
3.848400	4.866912
3.849600	5.742633
3.850800	6.618083
3.852000	7.493257
3.853200	8.368150
3.854400	9.242757
3.855600	10.117073
3.856800	10.991093
3.858000	11.864812
3.859200	12.738225
3.860400	13.611326
3.861600	14.484111
3.862800	15.356575
3.864000	16.228713
3.865200	17.100519
3.866400	17.971989
3.867600	18.843118
3.868800	19.713901
3.870000	20.584333
3.871200	21.454408
3.872400	22.324123
3.873600	23.193471
3.874800	24.062448
3.876000	24.931050
3.877200	25.799270
3.878400	26.667105
3.879600	27.534549
3.880800	28.401598
3.882000	29.268245
3.883200	30.134488
3.884400	31.000319
3.885600	31.865736
3.886800	32.730733
3.888000	33.595304
3.889200	34.459445
3.890400	35.323152
3.891600	36.186419
3.892800	37.049242
3.894000	37.911615
3.895200	38.773534
3.896400	39.634994
3.897600	40.495990
3.898800	41.356517
3.900000	42.216571
3.901200	43.076147
3.902400	43.935239
3.903600	44.793844
3.904800	45.651955
3.906000	46.509570
3.907200	47.366682
3.908400	48.223287
3.909600	49.079380
3.910800	49.934957
3.912000	50.790012
3.913200	51.644541
3.914400	52.498540
3.915600	53.352003
3.916800	54.204925
3.918000	55.057303
3.919200	55.909131
3.920400	56.760405
3.921600	57.611120
3.922800	58.461271
3.924000	59.310853
3.925200	60.159863
3.926400	61.008295
3.927600	61.856144
3.928800	62.703406
3.930000	63.550077
3.931200	64.396151
3.932400	65.241625
3.933600	66.086492
3.934800	66.930750
3.936000	67.774392
3.937200	68.617416
3.938400	69.459815
3.939600	70.301586
3.940800	71.142723
3.942000	71.983223
3.943200	72.823080
3.944400	73.662291
3.945600	74.500850
3.946800	75.338754
3.948000	76.175997
3.949200	77.012574
3.950400	77.848483
3.951600	78.683717
3.952800	79.518273
3.954000	80.352146
3.955200	81.185331
3.956400	82.017824
3.957600	82.849621
3.958800	83.680717
3.960000	84.511108
3.961200	85.340788
3.962400	86.169755
3.963600	86.998003
3.964800	87.825527
3.966000	88.652325
3.967200	89.478390
3.968400	90.303719
3.969600	91.128307
3.970800	91.952150
3.972000	92.775244
3.973200	93.597583
3.974400	94.419165
3.975600	95.239984
3.976800	96.060036
3.978000	96.879316
3.979200	97.697822
3.980400	98.515547
3.981600	99.332488
3.982800	100.148640
3.984000	100.964000
3.985200	101.778563
3.986400	102.592324
3.987600	103.405280
3.988800	104.217425
3.990000	105.028757
3.991200	105.839270
3.992400	106.648961
3.993600	107.457824
3.994800	108.265857
3.996000	109.073054
3.997200	109.879412
3.998400	110.684926
3.999600	111.489592
4.000800	112.293406
4.002000	113.096364
4.003200	113.898461
4.004400	114.699694
4.005600	115.500058
4.006800	116.299549
4.008000	117.098164
4.009200	117.895897
4.010400	118.692745
4.011600	119.488704
4.012800	120.283769
4.014000	121.077937
4.015200	121.871204
4.016400	122.663565
4.017600	123.455016
4.018800	124.245553
4.020000	125.035173
4.021200	125.823871
4.022400	126.611643
4.023600	127.398485
4.024800	128.184394
4.026000	128.969364
4.027200	129.753393
4.028400	130.536476
4.029600	131.318609
4.030800	132.099789
4.032000	132.880011
4.033200	133.659271
4.034400	134.437566
4.035600	135.214891
4.036800	135.991243
4.038000	136.766618
4.039200	137.541011
4.040400	138.314419
4.041600	139.086839
4.042800	139.858265
4.044000	140.628695
4.045200	141.398125
4.046400	142.166550
4.047600	142.933966
4.048800	143.700371
4.050000	144.465760
4.051200	145.230129
4.052400	145.993475
4.053600	146.755794
4.054800	147.517081
4.056000	148.277334
4.057200	149.036548
4.058400	149.794720
4.059600	150.551846
4.060800	151.307923
4.062000	152.062945
4.063200	152.816911
4.064400	153.569815
4.065600	154.321655
4.066800	155.072427
4.068000	155.822127
4.069200	156.570751
4.070400	157.318296
4.071600	158.064758
4.072800	158.810134
4.074000	159.554419
4.075200	160.297611
4.076400	161.039705
4.077600	161.780698
4.078800	162.520587
4.080000	163.259367
4.081200	163.997036
4.082400	164.733589
4.083600	165.469024
4.084800	166.203336
4.086000	166.936522
4.087200	167.668579
4.088400	168.399503
4.089600	169.129290
4.090800	169.857938
4.092000	170.585442
4.093200	171.311799
4.094400	172.037006
4.095600	172.761059
4.096800	173.483955
4.098000	174.205690
4.099200	174.926261
4.100400	175.645664
4.101600	176.363897
4.102800	177.080955
4.104000	177.796836
4.105200	178.511535
4.106400	179.225050
4.107600	179.937378
4.108800	180.648514
4.110000	181.358456
4.111200	182.067200
4.112400	182.774742
4.113600	183.481081
4.114800	184.186212
4.116000	184.890132
4.117200	185.592837
4.118400	186.294325
4.119600	186.994592
4.120800	187.693636
4.122000	188.391452
4.123200	189.088037
4.124400	189.783389
4.125600	190.477504
4.126800	191.170379
4.128000	191.862011
4.129200	192.552396
4.130400	193.241532
4.131600	193.929415
4.132800	194.616042
4.134000	195.301410
4.135200	195.985516
4.136400	196.668356
4.137600	197.349929
4.138800	198.030230
4.140000	198.709256
4.141200	199.387005
4.142400	200.063473
4.143600	200.738658
4.144800	201.412555
4.146000	202.085163
4.147200	202.756478
4.148400	203.426498
4.149600	204.095219
4.150800	204.762637
4.152000	205.428752
4.153200	206.093558
4.154400	206.757054
4.155600	207.419236
4.156800	208.080102
4.158000	208.739648
4.159200	209.397872
4.160400	210.054770
4.161600	210.710340
4.162800	211.364580
4.164000	212.017485
4.165200	212.669053
4.166400	213.319282
4.167600	213.968169
4.168800	214.615710
4.170000	215.261903
4.171200	215.906745
4.172400	216.550233
4.173600	217.192365
4.174800	217.833137
4.176000	218.472547
4.177200	219.110593
4.178400	219.747271
4.179600	220.382579
4.180800	221.016513
4.182000	221.649072
4.183200	222.280252
4.184400	222.910052
4.185600	223.538467
4.186800	224.165496
4.188000	224.791136
4.189200	225.415384
4.190400	226.038238
4.191600	226.659694
4.192800	227.279751
4.194000	227.898406
4.195200	228.515655
4.196400	229.131497
4.197600	229.745930
4.198800	230.358949
4.200000	230.970554
4.201200	231.580740
4.202400	232.189507
4.203600	232.796851
4.204800	233.402769
4.206000	234.007260
4.207200	234.610320
4.208400	235.211948
4.209600	235.812141
4.210800	236.410895
4.212000	237.008210
4.213200	237.604083
4.214400	238.198510
4.215600	238.791490
4.216800	239.383020
4.218000	239.973098
4.219200	240.561722
4.220400	241.148888
4.221600	241.734596
4.222800	242.318842
4.224000	242.901624
4.225200	243.482939
4.226400	244.062786
4.227600	244.641163
4.228800	245.218066
4.230000	245.793493
4.231200	246.367443
4.232400	246.939913
4.233600	247.510901
4.234800	248.080404
4.236000	248.648420
4.237200	249.214948
4.238400	249.779984
4.239600	250.343527
4.240800	250.905575
4.242000	251.466125
4.243200	252.025176
4.244400	252.582724
4.245600	253.138768
4.246800	253.693306
4.248000	254.246336
4.249200	254.797855
4.250400	255.347861
4.251600	255.896353
4.252800	256.443329
4.254000	256.988785
4.255200	257.532721
4.256400	258.075134
4.257600	258.616022
4.258800	259.155383
4.260000	259.693215
4.261200	260.229516
4.262400	260.764285
4.263600	261.297519
4.264800	261.829215
4.266000	262.359373
4.267200	262.887991
4.268400	263.415065
4.269600	263.940596
4.270800	264.464579
4.272000	264.987015
4.273200	265.507900
4.274400	266.027233
4.275600	266.545012
4.276800	267.061235
4.278000	267.575901
4.279200	268.089007
4.280400	268.600552
4.281600	269.110534
4.282800	269.618951
4.284000	270.125801
4.285200	270.631083
4.286400	271.134794
4.287600	271.636934
4.288800	272.137500
4.290000	272.636490
4.291200	273.133904
4.292400	273.629738
4.293600	274.123992
4.294800	274.616664
4.296000	275.107752
4.297200	275.597254
4.298400	276.085169
4.299600	276.571495
4.300800	277.056231
4.302000	277.539374
4.303200	278.020924
4.304400	278.500879
4.305600	278.979237
4.306800	279.455996
4.308000	279.931156
4.309200	280.404713
4.310400	280.876668
4.311600	281.347018
4.312800	281.815762
4.314000	282.282899
4.315200	282.748426
4.316400	283.212343
4.317600	283.674647
4.318800	284.135338
4.320000	284.594414
4.321200	285.051874
4.322400	285.507716
4.323600	285.961938
4.324800	286.414540
4.326000	286.865520
4.327200	287.314876
4.328400	287.762608
4.329600	288.208713
4.330800	288.653191
4.332000	289.096040
4.333200	289.537259
4.334400	289.976846
4.335600	290.414800
4.336800	290.851121
4.338000	291.285806
4.339200	291.718854
4.340400	292.150265
4.341600	292.580037
4.342800	293.008168
4.344000	293.434657
4.345200	293.859504
4.346400	294.282706
4.347600	294.704264
4.348800	295.124175
4.350000	295.542438
4.351200	295.959053
4.352400	296.374018
4.353600	296.787332
4.354800	297.198994
4.356000	297.609003
4.357200	298.017357
4.358400	298.424056
4.359600	298.829098
4.360800	299.232483
4.362000	299.634209
4.363200	300.034276
4.364400	300.432682
4.365600	300.829426
4.366800	301.224507
4.368000	301.617925
4.369200	302.009678
4.370400	302.399765
4.371600	302.788186
4.372800	303.174939
4.374000	303.560023
4.375200	303.943438
4.376400	304.325183
4.377600	304.705256
4.378800	305.083657
4.380000	305.460384
4.381200	305.835438
4.382400	306.208817
4.383600	306.580520
4.384800	306.950547
4.386000	307.318896
4.387200	307.685567
4.388400	308.050559
4.389600	308.413871
4.390800	308.775502
4.392000	309.135452
4.393200	309.493720
4.394400	309.850305
4.395600	310.205206
4.396800	310.558423
4.398000	310.909955
4.399200	311.259801
4.400400	311.607960
4.401600	311.954432
4.402800	312.299216
4.404000	312.642312
4.405200	312.983718
4.406400	313.323435
4.407600	313.661461
4.408800	313.997795
4.410000	314.332438
4.411200	314.665389
4.412400	314.996647
4.413600	315.326211
4.414800	315.654081
4.416000	315.980257
4.417200	316.304737
4.418400	316.627522
4.419600	316.948610
4.420800	317.268002
4.422000	317.585696
4.423200	317.901692
4.424400	318.215991
4.425600	318.528590
4.426800	318.839491
4.428000	319.148692
4.429200	319.456193
4.430400	319.761993
4.431600	320.066092
4.432800	320.368490
4.434000	320.669187
4.435200	320.968181
4.436400	321.265473
4.437600	321.561062
4.438800	321.854949
4.440000	322.147131
4.441200	322.437610
4.442400	322.726384
4.443600	323.013455
4.444800	323.298820
4.446000	323.582481
4.447200	323.864436
4.448400	324.144686
4.449600	324.423229
4.450800	324.700067
4.452000	324.975199
4.453200	325.248624
4.454400	325.520342
4.455600	325.790354
4.456800	326.058658
4.458000	326.325256
4.459200	326.590146
4.460400	326.853328
4.461600	327.114802
4.462800	327.374569
4.464000	327.632628
4.465200	327.888979
4.466400	328.143621
4.467600	328.396556
4.468800	328.647782
4.470000	328.897299
4.471200	329.145108
4.472400	329.391209
4.473600	329.635601
4.474800	329.878285
4.476000	330.119260
4.477200	330.358526
4.478400	330.596084
4.479600	330.831933
4.480800	331.066074
4.482000	331.298506
4.483200	331.529230
4.484400	331.758245
4.485600	331.985552
4.486800	332.211151
4.488000	332.435042
4.489200	332.657225
4.490400	332.877700
4.491600	333.096467
4.492800	333.313526
4.494000	333.528878
4.495200	333.742523
4.496400	333.954460
4.497600	334.164690
4.498800	334.373214
4.500000	334.580031
4.501200	334.785141
4.502400	334.988546
4.503600	335.190244
4.504800	335.390237
4.506000	335.588524
4.507200	335.785106
4.508400	335.979983
4.509600	336.173155
4.510800	336.364623
4.512000	336.554387
4.513200	336.742447
4.514400	336.928804
4.515600	337.113458
4.516800	337.296408
4.518000	337.477657
4.519200	337.657203
4.520400	337.835048
4.521600	338.011192
4.522800	338.185634
4.524000	338.358377
4.525200	338.529419
4.526400	338.698761
4.527600	338.866404
4.528800	339.032349
4.530000	339.196595
4.531200	339.359144
4.532400	339.519995
4.533600	339.679149
4.534800	339.836607
4.536000	339.992369
4.537200	340.146436
4.538400	340.298808
4.539600	340.449486
4.540800	340.598470
4.542000	340.745760
4.543200	340.891359
4.544400	341.035265
4.545600	341.177480
4.546800	341.318004
4.548000	341.456838
4.549200	341.593982
4.550400	341.729437
4.551600	341.863204
4.552800	341.995284
4.554000	342.125676
4.555200	342.254382
4.556400	342.381403
4.557600	342.506738
4.558800	342.630389
4.560000	342.752357
4.561200	342.872641
4.562400	342.991244
4.563600	343.108165
4.564800	343.223406
4.566000	343.336967
4.567200	343.448849
4.568400	343.559052
4.569600	343.667578
4.570800	343.774428
4.572000	343.879601
4.573200	343.983099
4.574400	344.084923
4.575600	344.185074
4.576800	344.283552
4.578000	344.380358
4.579200	344.475494
4.580400	344.568959
4.581600	344.660756
4.582800	344.750884
4.584000	344.839345
4.585200	344.926139
4.586400	345.011269
4.587600	345.094733
4.588800	345.176534
4.590000	345.256673
4.591200	345.335150
4.592400	345.411966
4.593600	345.487123
4.594800	345.560621
4.596000	345.632461
4.597200	345.702644
4.598400	345.771172
4.599600	345.838045
4.600800	345.903265
4.602000	345.966832
4.603200	346.028748
4.604400	346.089013
4.605600	346.147629
4.606800	346.204597
4.608000	346.259918
4.609200	346.313592
4.610400	346.365622
4.611600	346.416008
4.612800	346.464752
4.614000	346.511853
4.615200	346.557315
4.616400	346.601137
4.617600	346.643321
4.618800	346.683869
4.620000	346.722781
4.621200	346.760058
4.622400	346.795702
4.623600	346.829714
4.624800	346.862096
4.626000	346.892847
4.627200	346.921971
4.628400	346.949467
4.629600	346.975338
4.630800	346.999584
4.632000	347.022207
4.633200	347.043208
4.634400	347.062589
4.635600	347.080350
4.636800	347.096493
4.638000	347.111020
4.639200	347.123931
4.640400	347.135228
4.641600	347.144912
4.642800	347.152985
4.644000	347.159449
4.645200	347.164304
4.646400	347.167551
4.647600	347.169193
4.648800	347.169231
4.650000	347.167666
4.651200	347.164499
4.652400	347.159732
4.653600	347.153367
4.654800	347.145405
4.656000	347.135847
4.657200	347.124694
4.658400	347.111949
4.659600	347.097613
4.660800	347.081687
4.662000	347.064173
4.663200	347.045072
4.664400	347.024386
4.665600	347.002116
4.666800	346.978264
4.668000	346.952832
4.669200	346.925820
4.670400	346.897231
4.671600	346.867066
4.672800	346.835327
4.674000	346.802015
4.675200	346.767132
4.676400	346.730680
4.677600	346.692660
4.678800	346.653073
4.680000	346.611922
4.681200	346.569208
4.682400	346.524933
4.683600	346.479097
4.684800	346.431704
4.686000	346.382755
4.687200	346.332251
4.688400	346.280194
4.689600	346.226586
4.690800	346.171428
4.692000	346.114723
4.693200	346.056471
4.694400	345.996675
4.695600	345.935337
4.696800	345.872457
4.698000	345.808039
4.699200	345.742083
4.700400	345.674591
4.701600	345.605566
4.702800	345.535009
4.704000	345.462922
4.705200	345.389306
4.706400	345.314164
4.707600	345.237497
4.708800	345.159307
4.710000	345.079596
4.711200	344.998366
4.712400	344.915619
4.713600	344.831356
4.714800	344.745579
4.716000	344.658291
4.717200	344.569493
4.718400	344.479186
4.719600	344.387374
4.720800	344.294058
4.722000	344.199239
4.723200	344.102920
4.724400	344.005103
4.725600	343.905790
4.726800	343.804981
4.728000	343.702681
4.729200	343.598890
4.730400	343.493610
4.731600	343.386844
4.732800	343.278593
4.734000	343.168859
4.735200	343.057645
4.736400	342.944952
4.737600	342.830783
4.738800	342.715139
4.740000	342.598023
4.741200	342.479436
4.742400	342.359381
4.743600	342.237859
4.744800	342.114873
4.746000	341.990425
4.747200	341.864517
4.748400	341.737150
4.749600	341.608328
4.750800	341.478052
4.752000	341.346324
4.753200	341.213146
4.754400	341.078521
4.755600	340.942450
4.756800	340.804936
4.758000	340.665982
4.759200	340.525588
4.760400	340.383757
4.761600	340.240492
4.762800	340.095794
4.764000	339.949666
4.765200	339.802110
4.766400	339.653128
4.767600	339.502722
4.768800	339.350894
4.770000	339.197648
4.771200	339.042984
4.772400	338.886906
4.773600	338.729415
4.774800	338.570514
4.776000	338.410204
4.777200	338.248489
4.778400	338.085370
4.779600	337.920850
4.780800	337.754931
4.782000	337.587615
4.783200	337.418905
4.784400	337.248802
4.785600	337.077310
4.786800	336.904430
4.788000	336.730165
4.789200	336.554517
4.790400	336.377489
4.791600	336.199082
4.792800	336.019300
4.794000	335.838144
4.795200	335.655616
4.796400	335.471720
4.797600	335.286458
4.798800	335.099832
4.800000	334.911844
4.801200	334.722496
4.802400	334.531792
4.803600	334.339733
4.804800	334.146323
4.806000	333.951562
4.807200	333.755455
4.808400	333.558003
4.809600	333.359208
4.810800	333.159073
4.812000	332.957601
4.813200	332.754794
4.814400	332.550655
4.815600	332.345185
4.816800	332.138388
4.818000	331.930266
4.819200	331.720821
4.820400	331.510056
4.821600	331.297973
4.822800	331.084576
4.824000	330.869865
4.825200	330.653845
4.826400	330.436517
4.827600	330.217884
4.828800	329.997948
4.830000	329.776713
4.831200	329.554180
4.832400	329.330352
4.833600	329.105232
4.834800	328.878822
4.836000	328.651125
4.837200	328.422143
4.838400	328.191879
4.839600	327.960336
4.840800	327.727516
4.842000	327.493422
4.843200	327.258056
4.844400	327.021422
4.845600	326.783520
4.846800	326.544355
4.848000	326.303929
4.849200	326.062245
4.850400	325.819304
4.851600	325.575110
4.852800	325.329666
4.854000	325.082974
4.855200	324.835036
4.856400	324.585856
4.857600	324.335436
4.858800	324.083779
4.860000	323.830887
4.861200	323.576763
4.862400	323.321410
4.863600	323.064831
4.864800	322.807028
4.866000	322.548004
4.867200	322.287761
4.868400	322.026303
4.869600	321.763632
4.870800	321.499751
4.872000	321.234662
4.873200	320.968369
4.874400	320.700874
4.875600	320.432179
4.876800	320.162288
4.878000	319.891204
4.879200	319.618928
4.880400	319.345465
4.881600	319.070816
4.882800	318.794985
4.884000	318.517973
4.885200	318.239785
4.886400	317.960423
4.887600	317.679889
4.888800	317.398186
4.890000	317.115318
4.891200	316.831287
4.892400	316.546096
4.893600	316.259747
4.894800	315.972244
4.896000	315.683590
4.897200	315.393786
4.898400	315.102837
4.899600	314.810744
4.900800	314.517511
4.902000	314.223141
4.903200	313.927637
4.904400	313.631000
4.905600	313.333235
4.906800	313.034344
4.908000	312.734330
4.909200	312.433196
4.910400	312.130945
4.911600	311.827579
4.912800	311.523102
4.914000	311.217516
4.915200	310.910825
4.916400	310.603031
4.917600	310.294137
4.918800	309.984146
4.920000	309.673062
4.921200	309.360886
4.922400	309.047622
4.923600	308.733274
4.924800	308.417843
4.926000	308.101332
4.927200	307.783746
4.928400	307.465086
4.929600	307.145355
4.930800	306.824557
4.932000	306.502695
4.933200	306.179772
4.934400	305.855789
4.935600	305.530752
4.936800	305.204661
4.938000	304.877522
4.939200	304.549335
4.940400	304.220105
4.941600	303.889835
4.942800	303.558527
4.944000	303.226184
4.945200	302.892810
4.946400	302.558407
4.947600	302.222979
4.948800	301.886529
4.950000	301.549058
4.951200	301.210572
4.952400	300.871072
4.953600	300.530562
4.954800	300.189044
4.956000	299.846522
4.957200	299.502999
4.958400	299.158478
4.959600	298.812962
4.960800	298.466453
4.962000	298.118956
4.963200	297.770473
4.964400	297.421006
4.965600	297.070560
4.966800	296.719138
4.968000	296.366742
4.969200	296.013375
4.970400	295.659040
4.971600	295.303742
4.972800	294.947482
4.974000	294.590264
4.975200	294.232091
4.976400	293.872965
4.977600	293.512891
4.978800	293.151871
4.980000	292.789909
4.981200	292.427007
4.982400	292.063169
4.983600	291.698397
4.984800	291.332695
4.986000	290.966066
4.987200	290.598513
4.988400	290.230039
4.989600	289.860648
4.990800	289.490342
4.992000	289.119125
4.993200	288.747000
4.994400	288.373969
4.995600	288.000037
4.996800	287.625206
4.998000	287.249479
4.999200	286.872860
5.000400	286.495351
5.001600	286.116956
5.002800	285.737679
5.004000	285.357521
5.005200	284.976487
5.006400	284.594580
5.007600	284.211802
5.008800	283.828157
5.010000	283.443648
5.011200	283.058279
5.012400	282.672052
5.013600	282.284971
5.014800	281.897038
5.016000	281.508258
5.017200	281.118632
5.018400	280.728166
5.019600	280.336860
5.020800	279.944720
5.022000	279.551748
5.023200	279.157947
5.024400	278.763320
5.025600	278.367871
5.026800	277.971603
5.028000	277.574520
5.029200	277.176623
5.030400	276.777917
5.031600	276.378405
5.032800	275.978090
5.034000	275.576975
5.035200	275.175064
5.036400	274.772359
5.037600	274.368864
5.038800	273.964583
5.040000	273.559517
5.041200	273.153672
5.042400	272.747049
5.043600	272.339653
5.044800	271.931486
5.046000	271.522551
5.047200	271.112853
5.048400	270.702393
5.049600	270.291176
5.050800	269.879205
5.052000	269.466482
5.053200	269.053012
5.054400	268.638797
5.055600	268.223841
5.056800	267.808146
5.058000	267.391717
5.059200	266.974557
5.060400	266.556668
5.061600	266.138054
5.062800	265.718719
5.064000	265.298665
5.065200	264.877895
5.066400	264.456414
5.067600	264.034225
5.068800	263.611330
5.070000	263.187733
5.071200	262.763437
5.072400	262.338445
5.073600	261.912762
5.074800	261.486389
5.076000	261.059331
5.077200	260.631591
5.078400	260.203172
5.079600	259.774076
5.080800	259.344309
5.082000	258.913872
5.083200	258.482769
5.084400	258.051003
5.085600	257.618579
5.086800	257.185498
5.088000	256.751765
5.089200	256.317382
5.090400	255.882353
5.091600	255.446681
5.092800	255.010370
5.094000	254.573422
5.095200	254.135842
5.096400	253.697632
5.097600	253.258796
5.098800	252.819337
5.100000	252.379258
5.101200	251.938563
5.102400	251.497254
5.103600	251.055336
5.104800	250.612812
5.106000	250.169684
5.107200	249.725957
5.108400	249.281633
5.109600	248.836715
5.110800	248.391208
5.112000	247.945115
5.113200	247.498438
5.114400	247.051181
5.115600	246.603348
5.116800	246.154941
5.118000	245.705964
5.119200	245.256421
5.120400	244.806314
5.121600	244.355647
5.122800	243.904423
5.124000	243.452646
5.125200	243.000319
5.126400	242.547445
5.127600	242.094028
5.128800	241.640071
5.130000	241.185576
5.131200	240.730549
5.132400	240.274991
5.133600	239.818906
5.134800	239.362298
5.136000	238.905169
5.137200	238.447524
5.138400	237.989364
5.139600	237.530695
5.140800	237.071519
5.142000	236.611839
5.143200	236.151659
5.144400	235.690982
5.145600	235.229811
5.146800	234.768150
5.148000	234.306002
5.149200	233.843370
5.150400	233.380258
5.151600	232.916668
5.152800	232.452605
5.154000	231.988072
5.155200	231.523072
5.156400	231.057607
5.157600	230.591682
5.158800	230.125301
5.160000	229.658465
5.161200	229.191178
5.162400	228.723445
5.163600	228.255268
5.164800	227.786650
5.166000	227.317595
5.167200	226.848106
5.168400	226.378186
5.169600	225.907839
5.170800	225.437068
5.172000	224.965876
5.173200	224.494267
5.174400	224.022244
5.175600	223.549810
5.176800	223.076969
5.178000	222.603723
5.179200	222.130077
5.180400	221.656034
5.181600	221.181596
5.182800	220.706767
5.184000	220.231550
5.185200	219.755950
5.186400	219.279968
5.187600	218.803609
5.188800	218.326875
5.190000	217.849770
5.191200	217.372298
5.192400	216.894461
5.193600	216.416263
5.194800	215.937707
5.196000	215.458796
5.197200	214.979534
5.198400	214.499925
5.199600	214.019970
5.200800	213.539674
5.202000	213.059040
5.203200	212.578071
5.204400	212.096771
5.205600	211.615143
5.206800	211.133189
5.208000	210.650914
5.209200	210.168320
5.210400	209.685412
5.211600	209.202191
5.212800	208.718662
5.214000	208.234828
5.215200	207.750692
5.216400	207.266257
5.217600	206.781527
5.218800	206.296505
5.220000	205.811193
5.221200	205.325597
5.222400	204.839717
5.223600	204.353559
5.224800	203.867125
5.226000	203.380419
5.227200	202.893443
5.228400	202.406201
5.229600	201.918696
5.230800	201.430932
5.232000	200.942912
5.233200	200.454639
5.234400	199.966116
5.235600	199.477347
5.236800	198.988334
5.238000	198.499082
5.239200	198.009592
5.240400	197.519870
5.241600	197.029917
5.242800	196.539737
5.244000	196.049333
5.245200	195.558709
5.246400	195.067868
5.247600	194.576812
5.248800	194.085546
5.250000	193.594072
5.251200	193.102394
5.252400	192.610515
5.253600	192.118438
5.254800	191.626166
5.256000	191.133703
5.257200	190.641051
5.258400	190.148215
5.259600	189.655197
5.260800	189.162000
5.262000	188.668628
5.263200	188.175083
5.264400	187.681370
5.265600	187.187491
5.266800	186.693449
5.268000	186.199248
5.269200	185.704891
5.270400	185.210381
5.271600	184.715721
5.272800	184.220915
5.274000	183.725965
5.275200	183.230875
5.276400	182.735648
5.277600	182.240287
5.278800	181.744796
5.280000	181.249177
5.281200	180.753433
5.282400	180.257569
5.283600	179.761587
5.284800	179.265489
5.286000	178.769280
5.287200	178.272963
5.288400	177.776540
5.289600	177.280016
5.290800	176.783392
5.292000	176.286672
5.293200	175.789860
5.294400	175.292958
5.295600	174.795969
5.296800	174.298897
5.298000	173.801746
5.299200	173.304517
5.300400	172.807214
5.301600	172.309840
5.302800	171.812399
5.304000	171.314893
5.305200	170.817326
5.306400	170.319701
5.307600	169.822021
5.308800	169.324288
5.310000	168.826507
5.311200	168.328679
5.312400	167.830809
5.313600	167.332900
5.314800	166.834953
5.316000	166.336974
5.317200	165.838964
5.318400	165.340927
5.319600	164.842865
5.320800	164.344783
5.322000	163.846682
5.323200	163.348567
5.324400	162.850440
5.325600	162.352304
5.326800	161.854162
5.328000	161.356017
5.329200	160.857873
5.330400	160.359733
5.331600	159.861598
5.332800	159.363474
5.334000	158.865362
5.335200	158.367266
5.336400	157.869188
5.337600	157.371132
5.338800	156.873101
5.340000	156.375098
5.341200	155.877125
5.342400	155.379186
5.343600	154.881285
5.344800	154.383423
5.346000	153.885603
5.347200	153.387830
5.348400	152.890106
5.349600	152.392434
5.350800	151.894816
5.352000	151.397257
5.353200	150.899758
5.354400	150.402323
5.355600	149.904955
5.356800	149.407657
5.358000	148.910432
5.359200	148.413282
5.360400	147.916212
5.361600	147.419223
5.362800	146.922318
5.364000	146.425502
5.365200	145.928776
5.366400	145.432143
5.367600	144.935607
5.368800	144.439171
5.370000	143.942837
5.371200	143.446608
5.372400	142.950488
5.373600	142.454478
5.374800	141.958583
5.376000	141.462805
5.377200	140.967147
5.378400	140.471611
5.379600	139.976202
5.380800	139.480921
5.382000	138.985772
5.383200	138.490757
5.384400	137.995880
5.385600	137.501143
5.386800	137.006549
5.388000	136.512101
5.389200	136.017802
5.390400	135.523655
5.391600	135.029662
5.392800	134.535827
5.394000	134.042153
5.395200	133.548641
5.396400	133.055296
5.397600	132.562119
5.398800	132.069115
5.400000	131.576285
5.401200	131.083633
5.402400	130.591160
5.403600	130.098871
5.404800	129.606768
5.406000	129.114854
5.407200	128.623131
5.408400	128.131603
5.409600	127.640271
5.410800	127.149140
5.412000	126.658212
5.413200	126.167489
5.414400	125.676975
5.415600	125.186671
5.416800	124.696582
5.418000	124.206710
5.419200	123.717056
5.420400	123.227626
5.421600	122.738420
5.422800	122.249442
5.424000	121.760694
5.425200	121.272180
5.426400	120.783902
5.427600	120.295862
5.428800	119.808064
5.430000	119.320511
5.431200	118.833204
5.432400	118.346147
5.433600	117.859342
5.434800	117.372792
5.436000	116.886501
5.437200	116.400469
5.438400	115.914701
5.439600	115.429199
5.440800	114.943965
5.442000	114.459003
5.443200	113.974315
5.444400	113.489903
5.445600	113.005771
5.446800	112.521920
5.448000	112.038354
5.449200	111.555076
5.450400	111.072087
5.451600	110.589391
5.452800	110.106990
5.454000	109.624887
5.455200	109.143085
5.456400	108.661585
5.457600	108.180392
5.458800	107.699507
5.460000	107.218932
5.461200	106.738671
5.462400	106.258727
5.463600	105.779101
5.464800	105.299797
5.466000	104.820816
5.467200	104.342162
5.468400	103.863837
5.469600	103.385844
5.470800	102.908185
5.472000	102.430863
5.473200	101.953880
5.474400	101.477239
5.475600	101.000942
5.476800	100.524993
5.478000	100.049393
5.479200	99.574145
5.480400	99.099252
5.481600	98.624716
5.482800	98.150539
5.484000	97.676725
5.485200	97.203275
5.486400	96.730192
5.487600	96.257479
5.488800	95.785138
5.490000	95.313172
5.491200	94.841583
5.492400	94.370373
5.493600	93.899546
5.494800	93.429103
5.496000	92.959047
5.497200	92.489380
5.498400	92.020105
5.499600	91.551225
5.500800	91.082741
5.502000	90.614656
5.503200	90.146973
5.504400	89.679694
5.505600	89.212821
5.506800	88.746357
5.508000	88.280305
5.509200	87.814666
5.510400	87.349443
5.511600	86.884638
5.512800	86.420255
5.514000	85.956294
5.515200	85.492759
5.516400	85.029652
5.517600	84.566975
5.518800	84.104731
5.520000	83.642922
5.521200	83.181550
5.522400	82.720618
5.523600	82.260128
5.524800	81.800082
5.526000	81.340482
5.527200	80.881332
5.528400	80.422633
5.529600	79.964388
5.530800	79.506598
5.532000	79.049267
5.533200	78.592396
5.534400	78.135988
5.535600	77.680044
5.536800	77.224568
5.538000	76.769562
5.539200	76.315027
5.540400	75.860967
5.541600	75.407383
5.542800	74.954277
5.544000	74.501652
5.545200	74.049510
5.546400	73.597854
5.547600	73.146685
5.548800	72.696005
5.550000	72.245818
5.551200	71.796124
5.552400	71.346927
5.553600	70.898228
5.554800	70.450030
5.556000	70.002335
5.557200	69.555145
5.558400	69.108462
5.559600	68.662288
5.560800	68.216626
5.562000	67.771477
5.563200	67.326845
5.564400	66.882730
5.565600	66.439135
5.566800	65.996062
5.568000	65.553514
5.569200	65.111492
5.570400	64.669999
5.571600	64.229036
5.572800	63.788606
5.574000	63.348711
5.575200	62.909352
5.576400	62.470533
5.577600	62.032255
5.578800	61.594519
5.580000	61.157329
5.581200	60.720687
5.582400	60.284593
5.583600	59.849051
5.584800	59.414062
5.586000	58.979629
5.587200	58.545752
5.588400	58.112436
5.589600	57.679681
5.590800	57.247489
5.592000	56.815862
5.593200	56.384803
5.594400	55.954314
5.595600	55.524396
5.596800	55.095051
5.598000	54.666282
5.599200	54.238090
5.600400	53.810477
5.601600	53.383445
5.602800	52.956997
5.604000	52.531134
5.605200	52.105857
5.606400	51.681170
5.607600	51.257073
5.608800	50.833570
5.610000	50.410661
5.611200	49.988348
5.612400	49.566634
5.613600	49.145521
5.614800	48.725010
5.616000	48.305102
5.617200	47.885801
5.618400	47.467108
5.619600	47.049025
5.620800	46.631553
5.622000	46.214694
5.623200	45.798451
5.624400	45.382825
5.625600	44.967817
5.626800	44.553431
5.628000	44.139667
5.629200	43.726527
5.630400	43.314014
5.631600	42.902128
5.632800	42.490872
5.634000	42.080248
5.635200	41.670257
5.636400	41.260901
5.637600	40.852182
5.638800	40.444102
5.640000	40.036662
5.641200	39.629864
5.642400	39.223710
5.643600	38.818201
5.644800	38.413339
5.646000	38.009127
5.647200	37.605565
5.648400	37.202656
5.649600	36.800401
5.650800	36.398801
5.652000	35.997859
5.653200	35.597577
5.654400	35.197955
5.655600	34.798995
5.656800	34.400700
5.658000	34.003071
5.659200	33.606109
5.660400	33.209816
5.661600	32.814194
5.662800	32.419244
5.664000	32.024968
5.665200	31.631368
5.666400	31.238445
5.667600	30.846201
5.668800	30.454637
5.670000	30.063755
5.671200	29.673557
5.672400	29.284044
5.673600	28.895217
5.674800	28.507079
5.676000	28.119631
5.677200	27.732874
5.678400	27.346810
5.679600	26.961441
5.680800	26.576768
5.682000	26.192792
5.683200	25.809515
5.684400	25.426939
5.685600	25.045064
5.686800	24.663894
5.688000	24.283428
5.689200	23.903669
5.690400	23.524618
5.691600	23.146276
5.692800	22.768646
5.694000	22.391727
5.695200	22.015523
5.696400	21.640034
5.697600	21.265261
5.698800	20.891207
5.700000	20.517873
5.701200	20.145259
5.702400	19.773368
5.703600	19.402200
5.704800	19.031758
5.706000	18.662043
5.707200	18.293055
5.708400	17.924797
5.709600	17.557270
5.710800	17.190474
5.712000	16.824413
5.713200	16.459086
5.714400	16.094495
5.715600	15.730642
5.716800	15.367527
5.718000	15.005153
5.719200	14.643520
5.720400	14.282631
5.721600	13.922485
5.722800	13.563084
5.724000	13.204431
5.725200	12.846525
5.726400	12.489369
5.727600	12.132963
5.728800	11.777309
5.730000	11.422408
5.731200	11.068261
5.732400	10.714870
5.733600	10.362236
5.734800	10.010359
5.736000	9.659242
5.737200	9.308886
5.738400	8.959291
5.739600	8.610459
5.740800	8.262391
5.742000	7.915089
5.743200	7.568553
5.744400	7.222785
5.745600	6.877785
5.746800	6.533556
5.748000	6.190097
5.749200	5.847411
5.750400	5.505499
5.751600	5.164361
5.752800	4.823998
5.754000	4.484413
5.755200	4.145606
5.756400	3.807577
5.757600	3.470329
5.758800	3.133862
5.760000	2.798178
5.761200	2.463277
5.762400	2.129161
5.763600	1.795830
5.764800	1.463286
5.766000	1.131529
5.767200	0.800562
5.768400	0.470384
5.769600	0.140997
5.770800	0.187598
5.772000	0.515400
5.773200	0.842408
5.774400	1.168621
5.775600	1.494038
5.776800	1.818658
5.778000	2.142480
5.779200	2.465503
5.780400	2.787726
5.781600	3.109149
5.782800	3.429769
5.784000	3.749587
5.785200	4.068600
5.786400	4.386809
5.787600	4.704213
5.788800	5.020810
5.790000	5.336599
5.791200	5.651580
5.792400	5.965751
5.793600	6.279113
5.794800	6.591663
5.796000	6.903401
5.797200	7.214326
5.798400	7.524437
5.799600	7.833734
5.800800	8.142215
5.802000	8.449879
5.803200	8.756727
5.804400	9.062756
5.805600	9.367966
5.806800	9.672357
5.808000	9.975927
5.809200	10.278675
5.810400	10.580602
5.811600	10.881705
5.812800	11.181984
5.814000	11.481439
5.815200	11.780069
5.816400	12.077872
5.817600	12.374848
5.818800	12.670997
5.820000	12.966317
5.821200	13.260807
5.822400	13.554468
5.823600	13.847298
5.824800	14.139297
5.826000	14.430464
5.827200	14.720797
5.828400	15.010297
5.829600	15.298963
5.830800	15.586793
5.832000	15.873788
5.833200	16.159947
5.834400	16.445269
5.835600	16.729752
5.836800	17.013398
5.838000	17.296204
5.839200	17.578171
5.840400	17.859297
5.841600	18.139582
5.842800	18.419026
5.844000	18.697627
5.845200	18.975386
5.846400	19.252301
5.847600	19.528372
5.848800	19.803598
5.850000	20.077979
5.851200	20.351514
5.852400	20.624203
5.853600	20.896044
5.854800	21.167038
5.856000	21.437184
5.857200	21.706482
5.858400	21.974930
5.859600	22.242528
5.860800	22.509276
5.862000	22.775173
5.863200	23.040218
5.864400	23.304412
5.865600	23.567753
5.866800	23.830242
5.868000	24.091877
5.869200	24.352658
5.870400	24.612585
5.871600	24.871657
5.872800	25.129874
5.874000	25.387235
5.875200	25.643740
5.876400	25.899388
5.877600	26.154179
5.878800	26.408113
5.880000	26.661188
5.881200	26.913405
5.882400	27.164764
5.883600	27.415263
5.884800	27.664903
5.886000	27.913682
5.887200	28.161601
5.888400	28.408660
5.889600	28.654857
5.890800	28.900193
5.892000	29.144667
5.893200	29.388278
5.894400	29.631027
5.895600	29.872913
5.896800	30.113936
5.898000	30.354095
5.899200	30.593391
5.900400	30.831822
5.901600	31.069388
5.902800	31.306089
5.904000	31.541926
5.905200	31.776897
5.906400	32.011002
5.907600	32.244241
5.908800	32.476614
5.910000	32.708120
5.911200	32.938759
5.912400	33.168532
5.913600	33.397437
5.914800	33.625474
5.916000	33.852644
5.917200	34.078945
5.918400	34.304379
5.919600	34.528943
5.920800	34.752639
5.922000	34.975467
5.923200	35.197425
5.924400	35.418514
5.925600	35.638733
5.926800	35.858083
5.928000	36.076563
5.929200	36.294172
5.930400	36.510912
5.931600	36.726782
5.932800	36.941781
5.934000	37.155909
5.935200	37.369167
5.936400	37.581554
5.937600	37.793070
5.938800	38.003714
5.940000	38.213488
5.941200	38.422390
5.942400	38.630421
5.943600	38.837581
5.944800	39.043869
5.946000	39.249285
5.947200	39.453829
5.948400	39.657502
5.949600	39.860303
5.950800	40.062232
5.952000	40.263289
5.953200	40.463474
5.954400	40.662787
5.955600	40.861228
5.956800	41.058797
5.958000	41.255494
5.959200	41.451318
5.960400	41.646271
5.961600	41.840351
5.962800	42.033560
5.964000	42.225896
5.965200	42.417360
5.966400	42.607953
5.967600	42.797673
5.968800	42.986521
5.970000	43.174498
5.971200	43.361602
5.972400	43.547835
5.973600	43.733196
5.974800	43.917685
5.976000	44.101303
5.977200	44.284049
5.978400	44.465924
5.979600	44.646927
5.980800	44.827059
5.982000	45.006320
5.983200	45.184710
5.984400	45.362229
5.985600	45.538878
5.986800	45.714655
5.988000	45.889562
5.989200	46.063599
5.990400	46.236766
5.991600	46.409062
5.992800	46.580489
5.994000	46.751045
5.995200	46.920733
5.996400	47.089550
5.997600	47.257499
5.998800	47.424578
