0.000000	1350.348493
0.001200	1350.337685
0.002400	1350.305262
0.003600	1350.251224
0.004800	1350.175572
0.006000	1350.078308
0.007200	1349.959433
0.008400	1349.818950
0.009600	1349.656862
0.010800	1349.473171
0.012000	1349.267882
0.013200	1349.040999
0.014400	1348.792525
0.015600	1348.522467
0.016800	1348.230828
0.018000	1347.917615
0.019200	1347.582834
0.020400	1347.226492
0.021600	1346.848595
0.022800	1346.449151
0.024000	1346.028167
0.025200	1345.585653
0.026400	1345.121616
0.027600	1344.636066
0.028800	1344.129012
0.030000	1343.600464
0.031200	1343.050433
0.032400	1342.478929
0.033600	1341.885964
0.034800	1341.271548
0.036000	1340.635695
0.037200	1339.978417
0.038400	1339.299726
0.039600	1338.599636
0.040800	1337.878160
0.042000	1337.135313
0.043200	1336.371110
0.044400	1335.585564
0.045600	1334.778692
0.046800	1333.950509
0.048000	1333.101033
0.049200	1332.230278
0.050400	1331.338262
0.051600	1330.425004
0.052800	1329.490520
0.054000	1328.534829
0.055200	1327.557950
0.056400	1326.559902
0.057600	1325.540704
0.058800	1324.500377
0.060000	1323.438940
0.061200	1322.356415
0.062400	1321.252823
0.063600	1320.128185
0.064800	1318.982524
0.066000	1317.815861
0.067200	1316.628220
0.068400	1315.419625
0.069600	1314.190098
0.070800	1312.939663
0.072000	1311.668346
0.073200	1310.376171
0.074400	1309.063164
0.075600	1307.729350
0.076800	1306.374755
0.078000	1304.999406
0.079200	1303.603330
0.080400	1302.186554
0.081600	1300.749106
0.082800	1299.291014
0.084000	1297.812306
0.085200	1296.313013
0.086400	1294.793162
0.087600	1293.252784
0.088800	1291.691908
0.090000	1290.110567
0.091200	1288.508789
0.092400	1286.886608
0.093600	1285.244054
0.094800	1283.581160
0.096000	1281.897958
0.097200	1280.194481
0.098400	1278.470763
0.099600	1276.726837
0.100800	1274.962738
0.102000	1273.178500
0.103200	1271.374158
0.104400	1269.549748
0.105600	1267.705304
0.106800	1265.840864
0.108000	1263.956463
0.109200	1262.052139
0.110400	1260.127928
0.111600	1258.183870
0.112800	1256.220001
0.114000	1254.236360
0.115200	1252.232985
0.116400	1250.209917
0.117600	1248.167195
0.118800	1246.104858
0.120000	1244.022948
0.121200	1241.921504
0.122400	1239.800568
0.123600	1237.660182
0.124800	1235.500387
0.126000	1233.321226
0.127200	1231.122741
0.128400	1228.904975
0.129600	1226.667972
0.130800	1224.411776
0.132000	1222.136430
0.133200	1219.841980
0.134400	1217.528469
0.135600	1215.195944
0.136800	1212.844450
0.138000	1210.474033
0.139200	1208.084740
0.140400	1205.676617
0.141600	1203.249710
0.142800	1200.804069
0.144000	1198.339740
0.145200	1195.856773
0.146400	1193.355214
0.147600	1190.835114
0.148800	1188.296522
0.150000	1185.739487
0.151200	1183.164059
0.152400	1180.570289
0.153600	1177.958227
0.154800	1175.327925
0.156000	1172.679434
0.157200	1170.012806
0.158400	1167.328093
0.159600	1164.625347
0.160800	1161.904622
0.162000	1159.165970
0.163200	1156.409445
0.164400	1153.635101
0.165600	1150.842992
0.166800	1148.033174
0.168000	1145.205699
0.169200	1142.360626
0.170400	1139.498007
0.171600	1136.617901
0.172800	1133.720362
0.174000	1130.805448
0.175200	1127.873216
0.176400	1124.923722
0.177600	1121.957025
0.178800	1118.973183
0.180000	1115.972253
0.181200	1112.954295
0.182400	1109.919368
0.183600	1106.867530
0.184800	1103.798842
0.186000	1100.713363
0.187200	1097.611155
0.188400	1094.492276
0.189600	1091.356789
0.190800	1088.204754
0.192000	1085.036234
0.193200	1081.851289
0.194400	1078.649983
0.195600	1075.432378
0.196800	1072.198536
0.198000	1068.948522
0.199200	1065.682397
0.200400	1062.400227
0.201600	1059.102075
0.202800	1055.788006
0.204000	1052.458084
0.205200	1049.112375
0.206400	1045.750944
0.207600	1042.373855
0.208800	1038.981177
0.210000	1035.572973
0.211200	1032.149312
0.212400	1028.710261
0.213600	1025.255885
0.214800	1021.786252
0.216000	1018.301432
0.217200	1014.801490
0.218400	1011.286496
0.219600	1007.756519
0.220800	1004.211626
0.222000	1000.651888
0.223200	997.077374
0.224400	993.488153
0.225600	989.884296
0.226800	986.265873
0.228000	982.632955
0.229200	978.985612
0.230400	975.323916
0.231600	971.647937
0.232800	967.957749
0.234000	964.253422
0.235200	960.535029
0.236400	956.802643
0.237600	953.056337
0.238800	949.296182
0.240000	945.522254
0.241200	941.734624
0.242400	937.933368
0.243600	934.118559
0.244800	930.290272
0.246000	926.448582
0.247200	922.593562
0.248400	918.725289
0.249600	914.843838
0.250800	910.949284
0.252000	907.041704
0.253200	903.121173
0.254400	899.187768
0.255600	895.241566
0.256800	891.282644
0.258000	887.311078
0.259200	883.326946
0.260400	879.330325
0.261600	875.321295
0.262800	871.299932
0.264000	867.266315
0.265200	863.220522
0.266400	859.162633
0.267600	855.092726
0.268800	851.010881
0.270000	846.917177
0.271200	842.811694
0.272400	838.694512
0.273600	834.565711
0.274800	830.425371
0.276000	826.273573
0.277200	822.110398
0.278400	817.935927
0.279600	813.750240
0.280800	809.553421
0.282000	805.345550
0.283200	801.126708
0.284400	796.896979
0.285600	792.656445
0.286800	788.405187
0.288000	784.143290
0.289200	779.870835
0.290400	775.587905
0.291600	771.294585
0.292800	766.990958
0.294000	762.677106
0.295200	758.353115
0.296400	754.019068
0.297600	749.675050
0.298800	745.321144
0.300000	740.957437
0.301200	736.584011
0.302400	732.200953
0.303600	727.808348
0.304800	723.406281
0.306000	718.994838
0.307200	714.574104
0.308400	710.144165
0.309600	705.705107
0.310800	701.257017
0.312000	696.799981
0.313200	692.334085
0.314400	687.859417
0.315600	683.376063
0.316800	678.884110
0.318000	674.383646
0.319200	669.874758
0.320400	665.357533
0.321600	660.832059
0.322800	656.298424
0.324000	651.756716
0.325200	647.207023
0.326400	642.649434
0.327600	638.084037
0.328800	633.510920
0.330000	628.930172
0.331200	624.341882
0.332400	619.746140
0.333600	615.143034
0.334800	610.532653
0.336000	605.915087
0.337200	601.290426
0.338400	596.658759
0.339600	592.020175
0.340800	587.374766
0.342000	582.722621
0.343200	578.063830
0.344400	573.398483
0.345600	568.726672
0.346800	564.048485
0.348000	559.364015
0.349200	554.673351
0.350400	549.976586
0.351600	545.273809
0.352800	540.565111
0.354000	535.850585
0.355200	531.130321
0.356400	526.404410
0.357600	521.672945
0.358800	516.936017
0.360000	512.193717
0.361200	507.446137
0.362400	502.693369
0.363600	497.935506
0.364800	493.172639
0.366000	488.404860
0.367200	483.632262
0.368400	478.854937
0.369600	474.072977
0.370800	469.286474
0.372000	464.495523
0.373200	459.700214
0.374400	454.900641
0.375600	450.096897
0.376800	445.289073
0.378000	440.477265
0.379200	435.661563
0.380400	430.842062
0.381600	426.018855
0.382800	421.192034
0.384000	416.361693
0.385200	411.527925
0.386400	406.690824
0.387600	401.850482
0.388800	397.006995
0.390000	392.160454
0.391200	387.310953
0.392400	382.458587
0.393600	377.603449
0.394800	372.745632
0.396000	367.885230
0.397200	363.022337
0.398400	358.157047
0.399600	353.289453
0.400800	348.419650
0.402000	343.547731
0.403200	338.673791
0.404400	333.797923
0.405600	328.920221
0.406800	324.040779
0.408000	319.159692
0.409200	314.277053
0.410400	309.392956
0.411600	304.507496
0.412800	299.620767
0.414000	294.732862
0.415200	289.843876
0.416400	284.953904
0.417600	280.063038
0.418800	275.171373
0.420000	270.279004
0.421200	265.386025
0.422400	260.492529
0.423600	255.598611
0.424800	250.704364
0.426000	245.809884
0.427200	240.915264
0.428400	236.020599
0.429600	231.125982
0.430800	226.231507
0.432000	221.337269
0.433200	216.443361
0.434400	211.549878
0.435600	206.656914
0.436800	201.764562
0.438000	196.872917
0.439200	191.982073
0.440400	187.092122
0.441600	182.203160
0.442800	177.315280
0.444000	172.428576
0.445200	167.543142
0.446400	162.659071
0.447600	157.776457
0.448800	152.895393
0.450000	148.015974
0.451200	143.138293
0.452400	138.262443
0.453600	133.388518
0.454800	128.516611
0.456000	123.646815
0.457200	118.779224
0.458400	113.913931
0.459600	109.051029
0.460800	104.190612
0.462000	99.332772
0.463200	94.477602
0.464400	89.625195
0.465600	84.775644
0.466800	79.929042
0.468000	75.085482
0.469200	70.245056
0.470400	65.407856
0.471600	60.573976
0.472800	55.743507
0.474000	50.916541
0.475200	46.093172
0.476400	41.273491
0.477600	36.457590
0.478800	31.645562
0.480000	26.837497
0.481200	22.033488
0.482400	17.233627
0.483600	12.438004
0.484800	7.646712
0.486000	2.859842
0.487200	1.922514
0.488400	6.700267
0.489600	11.473324
0.490800	16.241594
0.492000	21.004988
0.493200	25.763413
0.494400	30.516780
0.495600	35.264997
0.496800	40.007976
0.498000	44.745624
0.499200	49.477853
0.500400	54.204571
0.501600	58.925690
0.502800	63.641119
0.504000	68.350769
0.505200	73.054550
0.506400	77.752373
0.507600	82.444148
0.508800	87.129787
0.510000	91.809200
0.511200	96.482299
0.512400	101.148995
0.513600	105.809199
0.514800	110.462823
0.516000	115.109778
0.517200	119.749977
0.518400	124.383332
0.519600	129.009754
0.520800	133.629157
0.522000	138.241452
0.523200	142.846552
0.524400	147.444370
0.525600	152.034819
0.526800	156.617812
0.528000	161.193262
0.529200	165.761083
0.530400	170.321189
0.531600	174.873492
0.532800	179.417908
0.534000	183.954350
0.535200	188.482732
0.536400	193.002970
0.537600	197.514977
0.538800	202.018668
0.540000	206.513960
0.541200	211.000765
0.542400	215.479001
0.543600	219.948582
0.544800	224.409425
0.546000	228.861445
0.547200	233.304559
0.548400	237.738682
0.549600	242.163731
0.550800	246.579624
0.552000	250.986276
0.553200	255.383606
0.554400	259.771529
0.555600	264.149965
0.556800	268.518830
0.558000	272.878042
0.559200	277.227520
0.560400	281.567182
0.561600	285.896946
0.562800	290.216731
0.564000	294.526457
0.565200	298.826042
0.566400	303.115406
0.567600	307.394468
0.568800	311.663149
0.570000	315.921367
0.571200	320.169045
0.572400	324.406101
0.573600	328.632457
0.574800	332.848034
0.576000	337.052753
0.577200	341.246536
0.578400	345.429303
0.579600	349.600978
0.580800	353.761481
0.582000	357.910737
0.583200	362.048666
0.584400	366.175192
0.585600	370.290238
0.586800	374.393728
0.588000	378.485585
0.589200	382.565732
0.590400	386.634094
0.591600	390.690596
0.592800	394.735161
0.594000	398.767715
0.595200	402.788182
0.596400	406.796489
0.597600	410.792560
0.598800	414.776322
0.600000	418.747700
0.601200	422.706621
0.602400	426.653012
0.603600	430.586799
0.604800	434.507910
0.606000	438.416273
0.607200	442.311814
0.608400	446.194461
0.609600	450.064144
0.610800	453.920791
0.612000	457.764330
0.613200	461.594690
0.614400	465.411801
0.615600	469.215593
0.616800	473.005995
0.618000	476.782937
0.619200	480.546350
0.620400	484.296166
0.621600	488.032314
0.622800	491.754726
0.624000	495.463334
0.625200	499.158070
0.626400	502.838866
0.627600	506.505654
0.628800	510.158367
0.630000	513.796939
0.631200	517.421302
0.632400	521.031390
0.633600	524.627138
0.634800	528.208480
0.636000	531.775349
0.637200	535.327682
0.638400	538.865413
0.639600	542.388477
0.640800	545.896812
0.642000	549.390351
0.643200	552.869033
0.644400	556.332794
0.645600	559.781570
0.646800	563.215300
0.648000	566.633921
0.649200	570.037370
0.650400	573.425587
0.651600	576.798509
0.652800	580.156076
0.654000	583.498227
0.655200	586.824902
0.656400	590.136040
0.657600	593.431581
0.658800	596.711467
0.660000	599.975638
0.661200	603.224036
0.662400	606.456601
0.663600	609.673276
0.664800	612.874003
0.666000	616.058724
0.667200	619.227383
0.668400	622.379922
0.669600	625.516285
0.670800	628.636416
0.672000	631.740259
0.673200	634.827759
0.674400	637.898861
0.675600	640.953509
0.676800	643.991650
0.678000	647.013229
0.679200	650.018192
0.680400	653.006487
0.681600	655.978059
0.682800	658.932857
0.684000	661.870828
0.685200	664.791920
0.686400	667.696082
0.687600	670.583261
0.688800	673.453408
0.690000	676.306471
0.691200	679.142400
0.692400	681.961146
0.693600	684.762658
0.694800	687.546888
0.696000	690.313787
0.697200	693.063307
0.698400	695.795399
0.699600	698.510015
0.700800	701.207108
0.702000	703.886632
0.703200	706.548539
0.704400	709.192784
0.705600	711.819319
0.706800	714.428101
0.708000	717.019083
0.709200	719.592221
0.710400	722.147470
0.711600	724.684787
0.712800	727.204127
0.714000	729.705447
0.715200	732.188705
0.716400	734.653857
0.717600	737.100862
0.718800	739.529678
0.720000	741.940262
0.721200	744.332575
0.722400	746.706575
0.723600	749.062222
0.724800	751.399477
0.726000	753.718299
0.727200	756.018649
0.728400	758.300489
0.729600	760.563780
0.730800	762.808484
0.732000	765.034563
0.733200	767.241981
0.734400	769.430699
0.735600	771.600683
0.736800	773.751895
0.738000	775.884301
0.739200	777.997863
0.740400	780.092549
0.741600	782.168322
0.742800	784.225150
0.744000	786.262997
0.745200	788.281831
0.746400	790.281619
0.747600	792.262328
0.748800	794.223926
0.750000	796.166380
0.751200	798.089661
0.752400	799.993736
0.753600	801.878575
0.754800	803.744147
0.756000	805.590424
0.757200	807.417375
0.758400	809.224971
0.759600	811.013184
0.760800	812.781986
0.762000	814.531348
0.763200	816.261243
0.764400	817.971644
0.765600	819.662525
0.766800	821.333858
0.768000	822.985620
0.769200	824.617783
0.770400	826.230322
0.771600	827.823214
0.772800	829.396434
0.774000	830.949958
0.775200	832.483763
0.776400	833.997825
0.777600	835.492122
0.778800	836.966632
0.780000	838.421333
0.781200	839.856203
0.782400	841.271222
0.783600	842.666369
0.784800	844.041624
0.786000	845.396967
0.787200	846.732378
0.788400	848.047839
0.789600	849.343332
0.790800	850.618837
0.792000	851.874337
0.793200	853.109816
0.794400	854.325255
0.795600	855.520639
0.796800	856.695952
0.798000	857.851177
0.799200	858.986300
0.800400	860.101305
0.801600	861.196178
0.802800	862.270906
0.804000	863.325474
0.805200	864.359870
0.806400	865.374080
0.807600	866.368092
0.808800	867.341894
0.810000	868.295476
0.811200	869.228824
0.812400	870.141929
0.813600	871.034781
0.814800	871.907370
0.816000	872.759685
0.817200	873.591718
0.818400	874.403461
0.819600	875.194905
0.820800	875.966042
0.822000	876.716865
0.823200	877.447367
0.824400	878.157541
0.825600	878.847381
0.826800	879.516882
0.828000	880.166037
0.829200	880.794843
0.830400	881.403295
0.831600	881.991387
0.832800	882.559118
0.834000	883.106483
0.835200	883.633480
0.836400	884.140107
0.837600	884.626360
0.838800	885.092240
0.840000	885.537744
0.841200	885.962871
0.842400	886.367622
0.843600	886.751997
0.844800	887.115995
0.846000	887.459618
0.847200	887.782868
0.848400	888.085745
0.849600	888.368252
0.850800	888.630392
0.852000	888.872167
0.853200	889.093581
0.854400	889.294638
0.855600	889.475342
0.856800	889.635698
0.858000	889.775710
0.859200	889.895384
0.860400	889.994726
0.861600	890.073742
0.862800	890.132439
0.864000	890.170824
0.865200	890.188905
0.866400	890.186689
0.867600	890.164185
0.868800	890.121401
0.870000	890.058347
0.871200	889.975033
0.872400	889.871467
0.873600	889.747662
0.874800	889.603627
0.876000	889.439374
0.877200	889.254914
0.878400	889.050260
0.879600	888.825424
0.880800	888.580418
0.882000	888.315257
0.883200	888.029953
0.884400	887.724521
0.885600	887.398976
0.886800	887.053332
0.888000	886.687604
0.889200	886.301809
0.890400	885.895962
0.891600	885.470080
0.892800	885.024180
0.894000	884.558280
0.895200	884.072396
0.896400	883.566548
0.897600	883.040753
0.898800	882.495032
0.900000	881.929402
0.901200	881.343884
0.902400	880.738499
0.903600	880.113266
0.904800	879.468207
0.906000	878.803342
0.907200	878.118695
0.908400	877.414287
0.909600	876.690140
0.910800	875.946278
0.912000	875.182724
0.913200	874.399502
0.914400	873.596635
0.915600	872.774150
0.916800	871.932069
0.918000	871.070420
0.919200	870.189227
0.920400	869.288517
0.921600	868.368317
0.922800	867.428652
0.924000	866.469552
0.925200	865.491043
0.926400	864.493153
0.927600	863.475911
0.928800	862.439347
0.930000	861.383488
0.931200	860.308366
0.932400	859.214009
0.933600	858.100449
0.934800	856.967716
0.936000	855.815842
0.937200	854.644858
0.938400	853.454797
0.939600	852.245690
0.940800	851.017570
0.942000	849.770471
0.943200	848.504425
0.944400	847.219468
0.945600	845.915633
0.946800	844.592956
0.948000	843.251470
0.949200	841.891212
0.950400	840.512217
0.951600	839.114521
0.952800	837.698162
0.954000	836.263175
0.955200	834.809600
0.956400	833.337472
0.957600	831.846830
0.958800	830.337713
0.960000	828.810159
0.961200	827.264208
0.962400	825.699899
0.963600	824.117272
0.964800	822.516367
0.966000	820.897225
0.967200	819.259888
0.968400	817.604396
0.969600	815.930791
0.970800	814.239115
0.972000	812.529411
0.973200	810.801721
0.974400	809.056090
0.975600	807.292560
0.976800	805.511175
0.978000	803.711980
0.979200	801.895018
0.980400	800.060336
0.981600	798.207979
0.982800	796.337992
0.984000	794.450421
0.985200	792.545313
0.986400	790.622714
0.987600	788.682672
0.988800	786.725234
0.990000	784.750447
0.991200	782.758361
0.992400	780.749023
0.993600	778.722482
0.994800	776.678788
0.996000	774.617990
0.997200	772.540138
0.998400	770.445282
0.999600	768.333472
1.000800	766.204760
1.002000	764.059197
1.003200	761.896833
1.004400	759.717723
1.005600	757.521916
1.006800	755.309467
1.008000	753.080427
1.009200	750.834850
1.010400	748.572790
1.011600	746.294301
1.012800	743.999436
1.014000	741.688251
1.015200	739.360800
1.016400	737.017138
1.017600	734.657321
1.018800	732.281404
1.020000	729.889445
1.021200	727.481498
1.022400	725.057622
1.023600	722.617872
1.024800	720.162308
1.026000	717.690985
1.027200	715.203963
1.028400	712.701300
1.029600	710.183054
1.030800	707.649284
1.032000	705.100050
1.033200	702.535411
1.034400	699.955427
1.035600	697.360158
1.036800	694.749665
1.038000	692.124009
1.039200	689.483250
1.040400	686.827451
1.041600	684.156672
1.042800	681.470976
1.044000	678.770425
1.045200	676.055082
1.046400	673.325009
1.047600	670.580270
1.048800	667.820928
1.050000	665.047046
1.051200	662.258690
1.052400	659.455923
1.053600	656.638810
1.054800	653.807416
1.056000	650.961805
1.057200	648.102044
1.058400	645.228198
1.059600	642.340332
1.060800	639.438515
1.062000	636.522811
1.063200	633.593287
1.064400	630.650012
1.065600	627.693051
1.066800	624.722474
1.068000	621.738347
1.069200	618.740739
1.070400	615.729718
1.071600	612.705354
1.072800	609.667714
1.074000	606.616868
1.075200	603.552887
1.076400	600.475838
1.077600	597.385793
1.078800	594.282821
1.080000	591.166994
1.081200	588.038381
1.082400	584.897055
1.083600	581.743085
1.084800	578.576544
1.086000	575.397503
1.087200	572.206035
1.088400	569.002211
1.089600	565.786104
1.090800	562.557787
1.092000	559.317333
1.093200	556.064814
1.094400	552.800305
1.095600	549.523879
1.096800	546.235609
1.098000	542.935570
1.099200	539.623836
1.100400	536.300483
1.101600	532.965584
1.102800	529.619214
1.104000	526.261449
1.105200	522.892365
1.106400	519.512036
1.107600	516.120539
1.108800	512.717950
1.110000	509.304346
1.111200	505.879802
1.112400	502.444396
1.113600	498.998204
1.114800	495.541304
1.116000	492.073773
1.117200	488.595689
1.118400	485.107129
1.119600	481.608171
1.120800	478.098894
1.122000	474.579376
1.123200	471.049695
1.124400	467.509930
1.125600	463.960161
1.126800	460.400466
1.128000	456.830925
1.129200	453.251617
1.130400	449.662622
1.131600	446.064019
1.132800	442.455890
1.134000	438.838314
1.135200	435.211371
1.136400	431.575143
1.137600	427.929710
1.138800	424.275152
1.140000	420.611552
1.141200	416.938990
1.142400	413.257549
1.143600	409.567308
1.144800	405.868352
1.146000	402.160760
1.147200	398.444617
1.148400	394.720003
1.149600	390.987001
1.150800	387.245694
1.152000	383.496166
1.153200	379.738497
1.154400	375.972773
1.155600	372.199075
1.156800	368.417488
1.158000	364.628095
1.159200	360.830979
1.160400	357.026225
1.161600	353.213916
1.162800	349.394136
1.164000	345.566971
1.165200	341.732503
1.166400	337.890818
1.167600	334.042000
1.168800	330.186134
1.170000	326.323305
1.171200	322.453598
1.172400	318.577098
1.173600	314.693891
1.174800	310.804061
1.176000	306.907695
1.177200	303.004878
1.178400	299.095695
1.179600	295.180233
1.180800	291.258578
1.182000	287.330815
1.183200	283.397031
1.184400	279.457313
1.185600	275.511746
1.186800	271.560417
1.188000	267.603414
1.189200	263.640821
1.190400	259.672728
1.191600	255.699219
1.192800	251.720383
1.194000	247.736306
1.195200	243.747076
1.196400	239.752780
1.197600	235.753506
1.198800	231.749340
1.200000	227.740371
1.201200	223.726686
1.202400	219.708372
1.203600	215.685519
1.204800	211.658212
1.206000	207.626541
1.207200	203.590594
1.208400	199.550458
1.209600	195.506222
1.210800	191.457973
1.212000	187.405802
1.213200	183.349794
1.214400	179.290040
1.215600	175.226627
1.216800	171.159645
1.218000	167.089181
1.219200	163.015324
1.220400	158.938164
1.221600	154.857789
1.222800	150.774287
1.224000	146.687748
1.225200	142.598260
1.226400	138.505913
1.227600	134.410795
1.228800	130.312995
1.230000	126.212603
1.231200	122.109708
1.232400	118.004398
1.233600	113.896764
1.234800	109.786894
1.236000	105.674877
1.237200	101.560802
1.238400	97.444760
1.239600	93.326839
1.240800	89.207129
1.242000	85.085719
1.243200	80.962698
1.244400	76.838156
1.245600	72.712182
1.246800	68.584865
1.248000	64.456296
1.249200	60.326563
1.250400	56.195756
1.251600	52.063965
1.252800	47.931278
1.254000	43.797785
1.255200	39.663577
1.256400	35.528741
1.257600	31.393368
1.258800	27.257548
1.260000	23.121368
1.261200	18.984920
1.262400	14.848292
1.263600	10.711574
1.264800	6.574855
1.266000	2.438224
1.267200	1.698228
1.268400	5.834414
1.269600	9.970242
1.270800	14.105626
1.272000	18.240474
1.273200	22.374697
1.274400	26.508208
1.275600	30.640915
1.276800	34.772731
1.278000	38.903566
1.279200	43.033332
1.280400	47.161938
1.281600	51.289296
1.282800	55.415317
1.284000	59.539913
1.285200	63.662994
1.286400	67.784472
1.287600	71.904257
1.288800	76.022262
1.290000	80.138398
1.291200	84.252575
1.292400	88.364706
1.293600	92.474701
1.294800	96.582473
1.296000	100.687934
1.297200	104.790994
1.298400	108.891566
1.299600	112.989562
1.300800	117.084894
1.302000	121.177472
1.303200	125.267211
1.304400	129.354021
1.305600	133.437815
1.306800	137.518506
1.308000	141.596005
1.309200	145.670225
1.310400	149.741079
1.311600	153.808480
1.312800	157.872340
1.314000	161.932571
1.315200	165.989087
1.316400	170.041802
1.317600	174.090627
1.318800	178.135476
1.320000	182.176263
1.321200	186.212901
1.322400	190.245303
1.323600	194.273383
1.324800	198.297055
1.326000	202.316233
1.327200	206.330830
1.328400	210.340760
1.329600	214.345939
1.330800	218.346279
1.332000	222.341695
1.333200	226.332103
1.334400	230.317416
1.335600	234.297549
1.336800	238.272418
1.338000	242.241936
1.339200	246.206020
1.340400	250.164585
1.341600	254.117546
1.342800	258.064818
1.344000	262.006317
1.345200	265.941959
1.346400	269.871660
1.347600	273.795337
1.348800	277.712904
1.350000	281.624279
1.351200	285.529378
1.352400	289.428118
1.353600	293.320415
1.354800	297.206187
1.356000	301.085350
1.357200	304.957823
1.358400	308.823521
1.359600	312.682364
1.360800	316.534268
1.362000	320.379151
1.363200	324.216932
1.364400	328.047529
1.365600	331.870860
1.366800	335.686844
1.368000	339.495399
1.369200	343.296444
1.370400	347.089899
1.371600	350.875682
1.372800	354.653713
1.374000	358.423912
1.375200	362.186198
1.376400	365.940492
1.377600	369.686713
1.378800	373.424782
1.380000	377.154619
1.381200	380.876144
1.382400	384.589280
1.383600	388.293947
1.384800	391.990065
1.386000	395.677557
1.387200	399.356345
1.388400	403.026349
1.389600	406.687493
1.390800	410.339698
1.392000	413.982887
1.393200	417.616982
1.394400	421.241906
1.395600	424.857583
1.396800	428.463935
1.398000	432.060887
1.399200	435.648361
1.400400	439.226281
1.401600	442.794573
1.402800	446.353160
1.404000	449.901966
1.405200	453.440916
1.406400	456.969936
1.407600	460.488951
1.408800	463.997885
1.410000	467.496665
1.411200	470.985217
1.412400	474.463466
1.413600	477.931340
1.414800	481.388763
1.416000	484.835664
1.417200	488.271970
1.418400	491.697607
1.419600	495.112503
1.420800	498.516586
1.422000	501.909784
1.423200	505.292025
1.424400	508.663238
1.425600	512.023351
1.426800	515.372293
1.428000	518.709993
1.429200	522.036382
1.430400	525.351388
1.431600	528.654941
1.432800	531.946973
1.434000	535.227412
1.435200	538.496190
1.436400	541.753239
1.437600	544.998488
1.438800	548.231870
1.440000	551.453317
1.441200	554.662760
1.442400	557.860131
1.443600	561.045364
1.444800	564.218391
1.446000	567.379145
1.447200	570.527559
1.448400	573.663568
1.449600	576.787104
1.450800	579.898103
1.452000	582.996498
1.453200	586.082225
1.454400	589.155218
1.455600	592.215413
1.456800	595.262745
1.458000	598.297149
1.459200	601.318563
1.460400	604.326923
1.461600	607.322165
1.462800	610.304226
1.464000	613.273043
1.465200	616.228554
1.466400	619.170698
1.467600	622.099411
1.468800	625.014633
1.470000	627.916302
1.471200	630.804357
1.472400	633.678738
1.473600	636.539384
1.474800	639.386235
1.476000	642.219231
1.477200	645.038313
1.478400	647.843422
1.479600	650.634498
1.480800	653.411484
1.482000	656.174321
1.483200	658.922950
1.484400	661.657315
1.485600	664.377358
1.486800	667.083022
1.488000	669.774250
1.489200	672.450986
1.490400	675.113173
1.491600	677.760757
1.492800	680.393682
1.494000	683.011891
1.495200	685.615332
1.496400	688.203948
1.497600	690.777687
1.498800	693.336493
1.500000	695.880314
1.501200	698.409097
1.502400	700.922788
1.503600	703.421335
1.504800	705.904686
1.506000	708.372789
1.507200	710.825592
1.508400	713.263044
1.509600	715.685094
1.510800	718.091692
1.512000	720.482787
1.513200	722.858330
1.514400	725.218270
1.515600	727.562560
1.516800	729.891149
1.518000	732.203989
1.519200	734.501033
1.520400	736.782232
1.521600	739.047538
1.522800	741.296905
1.524000	743.530286
1.525200	745.747633
1.526400	747.948902
1.527600	750.134046
1.528800	752.303020
1.530000	754.455779
1.531200	756.592278
1.532400	758.712472
1.533600	760.816317
1.534800	762.903771
1.536000	764.974789
1.537200	767.029328
1.538400	769.067346
1.539600	771.088801
1.540800	773.093650
1.542000	775.081852
1.543200	777.053367
1.544400	779.008152
1.545600	780.946167
1.546800	782.867374
1.548000	784.771730
1.549200	786.659198
1.550400	788.529738
1.551600	790.383312
1.552800	792.219880
1.554000	794.039406
1.555200	795.841852
1.556400	797.627179
1.557600	799.395353
1.558800	801.146335
1.560000	802.880091
1.561200	804.596583
1.562400	806.295778
1.563600	807.977639
1.564800	809.642133
1.566000	811.289224
1.567200	812.918879
1.568400	814.531065
1.569600	816.125749
1.570800	817.702897
1.572000	819.262477
1.573200	820.804458
1.574400	822.328807
1.575600	823.835493
1.576800	825.324486
1.578000	826.795755
1.579200	828.249270
1.580400	829.685000
1.581600	831.102918
1.582800	832.502993
1.584000	833.885198
1.585200	835.249503
1.586400	836.595881
1.587600	837.924306
1.588800	839.234748
1.590000	840.527183
1.591200	841.801583
1.592400	843.057923
1.593600	844.296177
1.594800	845.516320
1.596000	846.718328
1.597200	847.902175
1.598400	849.067839
1.599600	850.215294
1.600800	851.344519
1.602000	852.455490
1.603200	853.548185
1.604400	854.622582
1.605600	855.678659
1.606800	856.716396
1.608000	857.735770
1.609200	858.736762
1.610400	859.719351
1.611600	860.683519
1.612800	861.629245
1.614000	862.556511
1.615200	863.465298
1.616400	864.355588
1.617600	865.227363
1.618800	866.080607
1.620000	866.915302
1.621200	867.731431
1.622400	868.528979
1.623600	869.307929
1.624800	870.068267
1.626000	870.809977
1.627200	871.533045
1.628400	872.237457
1.629600	872.923199
1.630800	873.590257
1.632000	874.238619
1.633200	874.868273
1.634400	875.479205
1.635600	876.071404
1.636800	876.644859
1.638000	877.199559
1.639200	877.735492
1.640400	878.252650
1.641600	878.751023
1.642800	879.230600
1.644000	879.691373
1.645200	880.133333
1.646400	880.556473
1.647600	880.960784
1.648800	881.346259
1.650000	881.712891
1.651200	882.060673
1.652400	882.389600
1.653600	882.699665
1.654800	882.990863
1.656000	883.263190
1.657200	883.516640
1.658400	883.751209
1.659600	883.966894
1.660800	884.163692
1.662000	884.341598
1.663200	884.500612
1.664400	884.640729
1.665600	884.761950
1.666800	884.864272
1.668000	884.947694
1.669200	885.012216
1.670400	885.057838
1.671600	885.084560
1.672800	885.092383
1.674000	885.081307
1.675200	885.051334
1.676400	885.002466
1.677600	884.934705
1.678800	884.848053
1.680000	884.742515
1.681200	884.618093
1.682400	884.474791
1.683600	884.312613
1.684800	884.131564
1.686000	883.931649
1.687200	883.712873
1.688400	883.475243
1.689600	883.218764
1.690800	882.943443
1.692000	882.649287
1.693200	882.336304
1.694400	882.004502
1.695600	881.653887
1.696800	881.284471
1.698000	880.896260
1.699200	880.489265
1.700400	880.063496
1.701600	879.618962
1.702800	879.155675
1.704000	878.673645
1.705200	878.172884
1.706400	877.653403
1.707600	877.115215
1.708800	876.558333
1.710000	875.982769
1.711200	875.388536
1.712400	874.775649
1.713600	874.144122
1.714800	873.493969
1.716000	872.825205
1.717200	872.137845
1.718400	871.431906
1.719600	870.707404
1.720800	869.964354
1.722000	869.202774
1.723200	868.422681
1.724400	867.624093
1.725600	866.807028
1.726800	865.971505
1.728000	865.117541
1.729200	864.245158
1.730400	863.354373
1.731600	862.445208
1.732800	861.517683
1.734000	860.571818
1.735200	859.607635
1.736400	858.625155
1.737600	857.624400
1.738800	856.605393
1.740000	855.568156
1.741200	854.512713
1.742400	853.439087
1.743600	852.347302
1.744800	851.237381
1.746000	850.109351
1.747200	848.963236
1.748400	847.799060
1.749600	846.616851
1.750800	845.416635
1.752000	844.198437
1.753200	842.962284
1.754400	841.708205
1.755600	840.436227
1.756800	839.146377
1.758000	837.838685
1.759200	836.513179
1.760400	835.169889
1.761600	833.808843
1.762800	832.430072
1.764000	831.033606
1.765200	829.619476
1.766400	828.187713
1.767600	826.738349
1.768800	825.271414
1.770000	823.786942
1.771200	822.284965
1.772400	820.765516
1.773600	819.228628
1.774800	817.674334
1.776000	816.102670
1.777200	814.513668
1.778400	812.907364
1.779600	811.283794
1.780800	809.642992
1.782000	807.984994
1.783200	806.309836
1.784400	804.617556
1.785600	802.908189
1.786800	801.181774
1.788000	799.438348
1.789200	797.677949
1.790400	795.900614
1.791600	794.106384
1.792800	792.295297
1.794000	790.467391
1.795200	788.622709
1.796400	786.761288
1.797600	784.883170
1.798800	782.988396
1.800000	781.077006
1.801200	779.149042
1.802400	777.204547
1.803600	775.243562
1.804800	773.266130
1.806000	771.272293
1.807200	769.262096
1.808400	767.235581
1.809600	765.192793
1.810800	763.133775
1.812000	761.058573
1.813200	758.967231
1.814400	756.859795
1.815600	754.736310
1.816800	752.596822
1.818000	750.441378
1.819200	748.270024
1.820400	746.082808
1.821600	743.879775
1.822800	741.660975
1.824000	739.426455
1.825200	737.176263
1.826400	734.910448
1.827600	732.629059
1.828800	730.332146
1.830000	728.019757
1.831200	725.691942
1.832400	723.348753
1.833600	720.990239
1.834800	718.616452
1.836000	716.227442
1.837200	713.823261
1.838400	711.403962
1.839600	708.969595
1.840800	706.520214
1.842000	704.055872
1.843200	701.576621
1.844400	699.082515
1.845600	696.573608
1.846800	694.049953
1.848000	691.511606
1.849200	688.958620
1.850400	686.391051
1.851600	683.808953
1.852800	681.212383
1.854000	678.601397
1.855200	675.976050
1.856400	673.336399
1.857600	670.682501
1.858800	668.014412
1.860000	665.332191
1.861200	662.635895
1.862400	659.925581
1.863600	657.201309
1.864800	654.463136
1.866000	651.711121
1.867200	648.945324
1.868400	646.165804
1.869600	643.372621
1.870800	640.565834
1.872000	637.745504
1.873200	634.911691
1.874400	632.064456
1.875600	629.203861
1.876800	626.329967
1.878000	623.442835
1.879200	620.542527
1.880400	617.629105
1.881600	614.702633
1.882800	611.763172
1.884000	608.810786
1.885200	605.845538
1.886400	602.867492
1.887600	599.876711
1.888800	596.873259
1.890000	593.857202
1.891200	590.828603
1.892400	587.787527
1.893600	584.734040
1.894800	581.668207
1.896000	578.590093
1.897200	575.499765
1.898400	572.397289
1.899600	569.282730
1.900800	566.156157
1.902000	563.017635
1.903200	559.867231
1.904400	556.705015
1.905600	553.531052
1.906800	550.345410
1.908000	547.148159
1.909200	543.939366
1.910400	540.719100
1.911600	537.487430
1.912800	534.244425
1.914000	530.990155
1.915200	527.724688
1.916400	524.448094
1.917600	521.160445
1.918800	517.861809
1.920000	514.552258
1.921200	511.231862
1.922400	507.900693
1.923600	504.558820
1.924800	501.206317
1.926000	497.843253
1.927200	494.469702
1.928400	491.085735
1.929600	487.691424
1.930800	484.286843
1.932000	480.872062
1.933200	477.447157
1.934400	474.012199
1.935600	470.567262
1.936800	467.112420
1.938000	463.647745
1.939200	460.173313
1.940400	456.689198
1.941600	453.195473
1.942800	449.692213
1.944000	446.179493
1.945200	442.657387
1.946400	439.125972
1.947600	435.585322
1.948800	432.035513
1.950000	428.476620
1.951200	424.908720
1.952400	421.331888
1.953600	417.746200
1.954800	414.151734
1.956000	410.548566
1.957200	406.936772
1.958400	403.316429
1.959600	399.687615
1.960800	396.050407
1.962000	392.404883
1.963200	388.751120
1.964400	385.089195
1.965600	381.419188
1.966800	377.741176
1.968000	374.055237
1.969200	370.361451
1.970400	366.659895
1.971600	362.950648
1.972800	359.233790
1.974000	355.509400
1.975200	351.777556
1.976400	348.038339
1.977600	344.291828
1.978800	340.538102
1.980000	336.777242
1.981200	333.009328
1.982400	329.234439
1.983600	325.452656
1.984800	321.664060
1.986000	317.868731
1.987200	314.066751
1.988400	310.258199
1.989600	306.443156
1.990800	302.621705
1.992000	298.793926
1.993200	294.959901
1.994400	291.119711
1.995600	287.273437
1.996800	283.421163
1.998000	279.562969
1.999200	275.698937
2.000400	271.829150
2.001600	267.953691
2.002800	264.072640
2.004000	260.186082
2.005200	256.294098
2.006400	252.396771
2.007600	248.494184
2.008800	244.586420
2.010000	240.673562
2.011200	236.755693
2.012400	232.832897
2.013600	228.905256
2.014800	224.972854
2.016000	221.035775
2.017200	217.094103
2.018400	213.147920
2.019600	209.197311
2.020800	205.242360
2.022000	201.283150
2.023200	197.319766
2.024400	193.352293
2.025600	189.380813
2.026800	185.405412
2.028000	181.426174
2.029200	177.443183
2.030400	173.456524
2.031600	169.466281
2.032800	165.472540
2.034000	161.475384
2.035200	157.474900
2.036400	153.471171
2.037600	149.464283
2.038800	145.454320
2.040000	141.441368
2.041200	137.425513
2.042400	133.406838
2.043600	129.385429
2.044800	125.361373
2.046000	121.334753
2.047200	117.305656
2.048400	113.274166
2.049600	109.240370
2.050800	105.204353
2.052000	101.166200
2.053200	97.125997
2.054400	93.083831
2.055600	89.039785
2.056800	84.993947
2.058000	80.946402
2.059200	76.897236
2.060400	72.846534
2.061600	68.794383
2.062800	64.740869
2.064000	60.686076
2.065200	56.630092
2.066400	52.573002
2.067600	48.514893
2.068800	44.455849
2.070000	40.395958
2.071200	36.335305
2.072400	32.273976
2.073600	28.212057
2.074800	24.149635
2.076000	20.086795
2.077200	16.023624
2.078400	11.960207
2.079600	7.896630
2.080800	3.832981
2.082000	0.230656
2.083200	4.294195
2.084400	8.357548
2.085600	12.420631
2.086800	16.483356
2.088000	20.545639
2.089200	24.607393
2.090400	28.668532
2.091600	32.728970
2.092800	36.788621
2.094000	40.847399
2.095200	44.905219
2.096400	48.961994
2.097600	53.017639
2.098800	57.072067
2.100000	61.125193
2.101200	65.176932
2.102400	69.227196
2.103600	73.275902
2.104800	77.322962
2.106000	81.368292
2.107200	85.411806
2.108400	89.453418
2.109600	93.493043
2.110800	97.530595
2.112000	101.565989
2.113200	105.599140
2.114400	109.629962
2.115600	113.658370
2.116800	117.684278
2.118000	121.707603
2.119200	125.728257
2.120400	129.746158
2.121600	133.761219
2.122800	137.773356
2.124000	141.782483
2.125200	145.788517
2.126400	149.791372
2.127600	153.790964
2.128800	157.787208
2.130000	161.780020
2.131200	165.769315
2.132400	169.755010
2.133600	173.737019
2.134800	177.715259
2.136000	181.689645
2.137200	185.660094
2.138400	189.626522
2.139600	193.588844
2.140800	197.546978
2.142000	201.500839
2.143200	205.450345
2.144400	209.395410
2.145600	213.335953
2.146800	217.271890
2.148000	221.203138
2.149200	225.129613
2.150400	229.051234
2.151600	232.967916
2.152800	236.879578
2.154000	240.786136
2.155200	244.687509
2.156400	248.583613
2.157600	252.474367
2.158800	256.359688
2.160000	260.239494
2.161200	264.113704
2.162400	267.982235
2.163600	271.845007
2.164800	275.701936
2.166000	279.552943
2.167200	283.397945
2.168400	287.236862
2.169600	291.069613
2.170800	294.896116
2.172000	298.716290
2.173200	302.530056
2.174400	306.337333
2.175600	310.138040
2.176800	313.932097
2.178000	317.719425
2.179200	321.499942
2.180400	325.273570
2.181600	329.040229
2.182800	332.799839
2.184000	336.552322
2.185200	340.297597
2.186400	344.035586
2.187600	347.766210
2.188800	351.489390
2.190000	355.205048
2.191200	358.913106
2.192400	362.613485
2.193600	366.306107
2.194800	369.990895
2.196000	373.667770
2.197200	377.336655
2.198400	380.997473
2.199600	384.650147
2.200800	388.294599
2.202000	391.930753
2.203200	395.558532
2.204400	399.177859
2.205600	402.788659
2.206800	406.390855
2.208000	409.984372
2.209200	413.569133
2.210400	417.145062
2.211600	420.712086
2.212800	424.270128
2.214000	427.819113
2.215200	431.358968
2.216400	434.889616
2.217600	438.410984
2.218800	441.922997
2.220000	445.425582
2.221200	448.918665
2.222400	452.402172
2.223600	455.876030
2.224800	459.340165
2.226000	462.794505
2.227200	466.238977
2.228400	469.673508
2.229600	473.098026
2.230800	476.512459
2.232000	479.916735
2.233200	483.310782
2.234400	486.694530
2.235600	490.067905
2.236800	493.430839
2.238000	496.783259
2.239200	500.125095
2.240400	503.456277
2.241600	506.776735
2.242800	510.086399
2.244000	513.385198
2.245200	516.673065
2.246400	519.949929
2.247600	523.215721
2.248800	526.470374
2.250000	529.713818
2.251200	532.945984
2.252400	536.166806
2.253600	539.376216
2.254800	542.574145
2.256000	545.760526
2.257200	548.935293
2.258400	552.098379
2.259600	555.249717
2.260800	558.389240
2.262000	561.516884
2.263200	564.632582
2.264400	567.736268
2.265600	570.827877
2.266800	573.907345
2.268000	576.974606
2.269200	580.029596
2.270400	583.072251
2.271600	586.102506
2.272800	589.120299
2.274000	592.125566
2.275200	595.118242
2.276400	598.098267
2.277600	601.065576
2.278800	604.020108
2.280000	606.961800
2.281200	609.890591
2.282400	612.806419
2.283600	615.709223
2.284800	618.598942
2.286000	621.475515
2.287200	624.338881
2.288400	627.188981
2.289600	630.025754
2.290800	632.849142
2.292000	635.659084
2.293200	638.455522
2.294400	641.238397
2.295600	644.007651
2.296800	646.763225
2.298000	649.505061
2.299200	652.233103
2.300400	654.947292
2.301600	657.647571
2.302800	660.333885
2.304000	663.006176
2.305200	665.664389
2.306400	668.308467
2.307600	670.938356
2.308800	673.553999
2.310000	676.155343
2.311200	678.742332
2.312400	681.314912
2.313600	683.873030
2.314800	686.416631
2.316000	688.945662
2.317200	691.460071
2.318400	693.959804
2.319600	696.444809
2.320800	698.915033
2.322000	701.370426
2.323200	703.810935
2.324400	706.236510
2.325600	708.647099
2.326800	711.042652
2.328000	713.423118
2.329200	715.788449
2.330400	718.138594
2.331600	720.473503
2.332800	722.793129
2.334000	725.097422
2.335200	727.386335
2.336400	729.659818
2.337600	731.917825
2.338800	734.160308
2.340000	736.387221
2.341200	738.598515
2.342400	740.794147
2.343600	742.974068
2.344800	745.138234
2.346000	747.286600
2.347200	749.419119
2.348400	751.535748
2.349600	753.636443
2.350800	755.721159
2.352000	757.789853
2.353200	759.842481
2.354400	761.879000
2.355600	763.899369
2.356800	765.903543
2.358000	767.891483
2.359200	769.863146
2.360400	771.818490
2.361600	773.757475
2.362800	775.680061
2.364000	777.586206
2.365200	779.475872
2.366400	781.349019
2.367600	783.205607
2.368800	785.045598
2.370000	786.868953
2.371200	788.675635
2.372400	790.465605
2.373600	792.238826
2.374800	793.995261
2.376000	795.734873
2.377200	797.457626
2.378400	799.163484
2.379600	800.852412
2.380800	802.524373
2.382000	804.179334
2.383200	805.817260
2.384400	807.438116
2.385600	809.041868
2.386800	810.628484
2.388000	812.197930
2.389200	813.750173
2.390400	815.285181
2.391600	816.802922
2.392800	818.303364
2.394000	819.786476
2.395200	821.252228
2.396400	822.700588
2.397600	824.131526
2.398800	825.545012
2.400000	826.941018
2.401200	828.319514
2.402400	829.680471
2.403600	831.023862
2.404800	832.349657
2.406000	833.657829
2.407200	834.948352
2.408400	836.221198
2.409600	837.476342
2.410800	838.713755
2.412000	839.933414
2.413200	841.135293
2.414400	842.319366
2.415600	843.485610
2.416800	844.634000
2.418000	845.764511
2.419200	846.877121
2.420400	847.971807
2.421600	849.048545
2.422800	850.107314
2.424000	851.148092
2.425200	852.170856
2.426400	853.175586
2.427600	854.162261
2.428800	855.130861
2.430000	856.081365
2.431200	857.013754
2.432400	857.928008
2.433600	858.824109
2.434800	859.702038
2.436000	860.561777
2.437200	861.403308
2.438400	862.226614
2.439600	863.031678
2.440800	863.818483
2.442000	864.587012
2.443200	865.337252
2.444400	866.069185
2.445600	866.782796
2.446800	867.478072
2.448000	868.154997
2.449200	868.813558
2.450400	869.453742
2.451600	870.075534
2.452800	870.678923
2.454000	871.263896
2.455200	871.830442
2.456400	872.378548
2.457600	872.908203
2.458800	873.419397
2.460000	873.912119
2.461200	874.386359
2.462400	874.842108
2.463600	875.279356
2.464800	875.698095
2.466000	876.098316
2.467200	876.480010
2.468400	876.843171
2.469600	877.187791
2.470800	877.513863
2.472000	877.821381
2.473200	878.110338
2.474400	878.380729
2.475600	878.632549
2.476800	878.865791
2.478000	879.080453
2.479200	879.276530
2.480400	879.454018
2.481600	879.612913
2.482800	879.753213
2.484000	879.874916
2.485200	879.978018
2.486400	880.062518
2.487600	880.128415
2.488800	880.175708
2.490000	880.204395
2.491200	880.214478
2.492400	880.205955
2.493600	880.178828
2.494800	880.133097
2.496000	880.068765
2.497200	879.985831
2.498400	879.884300
2.499600	879.764172
2.500800	879.625451
2.502000	879.468141
2.503200	879.292245
2.504400	879.097766
2.505600	878.884711
2.506800	878.653082
2.508000	878.402886
2.509200	878.134129
2.510400	877.846815
2.511600	877.540953
2.512800	877.216548
2.514000	876.873607
2.515200	876.512139
2.516400	876.132151
2.517600	875.733651
2.518800	875.316649
2.520000	874.881154
2.521200	874.427174
2.522400	873.954721
2.523600	873.463804
2.524800	872.954433
2.526000	872.426621
2.527200	871.880378
2.528400	871.315717
2.529600	870.732649
2.530800	870.131188
2.532000	869.511346
2.533200	868.873136
2.534400	868.216573
2.535600	867.541671
2.536800	866.848444
2.538000	866.136908
2.539200	865.407077
2.540400	864.658967
2.541600	863.892594
2.542800	863.107976
2.544000	862.305128
2.545200	861.484068
2.546400	860.644814
2.547600	859.787384
2.548800	858.911795
2.550000	858.018068
2.551200	857.106220
2.552400	856.176273
2.553600	855.228244
2.554800	854.262156
2.556000	853.278028
2.557200	852.275882
2.558400	851.255739
2.559600	850.217620
2.560800	849.161549
2.562000	848.087548
2.563200	846.995639
2.564400	845.885846
2.565600	844.758192
2.566800	843.612703
2.568000	842.449402
2.569200	841.268314
2.570400	840.069464
2.571600	838.852878
2.572800	837.618581
2.574000	836.366601
2.575200	835.096964
2.576400	833.809696
2.577600	832.504826
2.578800	831.182382
2.580000	829.842390
2.581200	828.484880
2.582400	827.109881
2.583600	825.717423
2.584800	824.307534
2.586000	822.880244
2.587200	821.435585
2.588400	819.973587
2.589600	818.494280
2.590800	816.997697
2.592000	815.483870
2.593200	813.952830
2.594400	812.404610
2.595600	810.839243
2.596800	809.256762
2.598000	807.657201
2.599200	806.040594
2.600400	804.406975
2.601600	802.756379
2.602800	801.088841
2.604000	799.404396
2.605200	797.703081
2.606400	795.984931
2.607600	794.249983
2.608800	792.498274
2.610000	790.729840
2.611200	788.944720
2.612400	787.142951
2.613600	785.324572
2.614800	783.489621
2.616000	781.638137
2.617200	779.770159
2.618400	777.885728
2.619600	775.984882
2.620800	774.067663
2.622000	772.134110
2.623200	770.184266
2.624400	768.218170
2.625600	766.235866
2.626800	764.237395
2.628000	762.222799
2.629200	760.192122
2.630400	758.145405
2.631600	756.082693
2.632800	754.004029
2.634000	751.909458
2.635200	749.799023
2.636400	747.672770
2.637600	745.530743
2.638800	743.372987
2.640000	741.199550
2.641200	739.010476
2.642400	736.805812
2.643600	734.585604
2.644800	732.349900
2.646000	730.098747
2.647200	727.832193
2.648400	725.550285
2.649600	723.253073
2.650800	720.940604
2.652000	718.612927
2.653200	716.270092
2.654400	713.912149
2.655600	711.539147
2.656800	709.151137
2.658000	706.748168
2.659200	704.330293
2.660400	701.897561
2.661600	699.450025
2.662800	696.987736
2.664000	694.510747
2.665200	692.019110
2.666400	689.512877
2.667600	686.992101
2.668800	684.456837
2.670000	681.907137
2.671200	679.343055
2.672400	676.764646
2.673600	674.171964
2.674800	671.565064
2.676000	668.944001
2.677200	666.308830
2.678400	663.659608
2.679600	660.996390
2.680800	658.319233
2.682000	655.628192
2.683200	652.923326
2.684400	650.204691
2.685600	647.472344
2.686800	644.726344
2.688000	641.966748
2.689200	639.193614
2.690400	636.407003
2.691600	633.606971
2.692800	630.793579
2.694000	627.966885
2.695200	625.126950
2.696400	622.273834
2.697600	619.407596
2.698800	616.528298
2.700000	613.636000
2.701200	610.730763
2.702400	607.812649
2.703600	604.881719
2.704800	601.938035
2.706000	598.981659
2.707200	596.012655
2.708400	593.031083
2.709600	590.037009
2.710800	587.030494
2.712000	584.011602
2.713200	580.980396
2.714400	577.936942
2.715600	574.881303
2.716800	571.813544
2.718000	568.733729
2.719200	565.641923
2.720400	562.538192
2.721600	559.422602
2.722800	556.295217
2.724000	553.156105
2.725200	550.005330
2.726400	546.842960
2.727600	543.669062
2.728800	540.483703
2.730000	537.286949
2.731200	534.078868
2.732400	530.859528
2.733600	527.628996
2.734800	524.387342
2.736000	521.134633
2.737200	517.870938
2.738400	514.596326
2.739600	511.310866
2.740800	508.014627
2.742000	504.707679
2.743200	501.390091
2.744400	498.061934
2.745600	494.723278
2.746800	491.374193
2.748000	488.014749
2.749200	484.645019
2.750400	481.265072
2.751600	477.874980
2.752800	474.474814
2.754000	471.064647
2.755200	467.644550
2.756400	464.214595
2.757600	460.774854
2.758800	457.325401
2.760000	453.866308
2.761200	450.397647
2.762400	446.919493
2.763600	443.431918
2.764800	439.934995
2.766000	436.428799
2.767200	432.913403
2.768400	429.388883
2.769600	425.855310
2.770800	422.312762
2.772000	418.761311
2.773200	415.201033
2.774400	411.632003
2.775600	408.054296
2.776800	404.467988
2.778000	400.873154
2.779200	397.269870
2.780400	393.658212
2.781600	390.038256
2.782800	386.410078
2.784000	382.773755
2.785200	379.129363
2.786400	375.476980
2.787600	371.816682
2.788800	368.148545
2.790000	364.472649
2.791200	360.789069
2.792400	357.097885
2.793600	353.399172
2.794800	349.693010
2.796000	345.979476
2.797200	342.258649
2.798400	338.530607
2.799600	334.795429
2.800800	331.053193
2.802000	327.303978
2.803200	323.547863
2.804400	319.784928
2.805600	316.015251
2.806800	312.238911
2.808000	308.455989
2.809200	304.666565
2.810400	300.870717
2.811600	297.068526
2.812800	293.260072
2.814000	289.445436
2.815200	285.624696
2.816400	281.797935
2.817600	277.965232
2.818800	274.126669
2.820000	270.282326
2.821200	266.432284
2.822400	262.576623
2.823600	258.715427
2.824800	254.848775
2.826000	250.976749
2.827200	247.099430
2.828400	243.216901
2.829600	239.329242
2.830800	235.436537
2.832000	231.538866
2.833200	227.636312
2.834400	223.728957
2.835600	219.816884
2.836800	215.900174
2.838000	211.978909
2.839200	208.053174
2.840400	204.123050
2.841600	200.188620
2.842800	196.249966
2.844000	192.307172
2.845200	188.360321
2.846400	184.409496
2.847600	180.454779
2.848800	176.496255
2.850000	172.534006
2.851200	168.568116
2.852400	164.598669
2.853600	160.625747
2.854800	156.649434
2.856000	152.669815
2.857200	148.686973
2.858400	144.700991
2.859600	140.711954
2.860800	136.719946
2.862000	132.725050
2.863200	128.727350
2.864400	124.726932
2.865600	120.723878
2.866800	116.718273
2.868000	112.710202
2.869200	108.699748
2.870400	104.686996
2.871600	100.672031
2.872800	96.654937
2.874000	92.635799
2.875200	88.614700
2.876400	84.591726
2.877600	80.566961
2.878800	76.540491
2.880000	72.512398
2.881200	68.482770
2.882400	64.451689
2.883600	60.419241
2.884800	56.385511
2.886000	52.350584
2.887200	48.314544
2.888400	44.277476
2.889600	40.239466
2.890800	36.200598
2.892000	32.160957
2.893200	28.120628
2.894400	24.079696
2.895600	20.038246
2.896800	15.996363
2.898000	11.954132
2.899200	7.911638
2.900400	3.868967
2.901600	0.173798
2.902800	4.216571
2.904000	8.259266
2.905200	12.301800
2.906400	16.344086
2.907600	20.386041
2.908800	24.427578
2.910000	28.468613
2.911200	32.509061
2.912400	36.548838
2.913600	40.587857
2.914800	44.626034
2.916000	48.663285
2.917200	52.699525
2.918400	56.734667
2.919600	60.768629
2.920800	64.801325
2.922000	68.832669
2.923200	72.862578
2.924400	76.890967
2.925600	80.917751
2.926800	84.942845
2.928000	88.966165
2.929200	92.987626
2.930400	97.007144
2.931600	101.024634
2.932800	105.040012
2.934000	109.053193
2.935200	113.064093
2.936400	117.072628
2.937600	121.078713
2.938800	125.082265
2.940000	129.083199
2.941200	133.081431
2.942400	137.076876
2.943600	141.069452
2.944800	145.059074
2.946000	149.045659
2.947200	153.029122
2.948400	157.009379
2.949600	160.986348
2.950800	164.959945
2.952000	168.930086
2.953200	172.896687
2.954400	176.859666
2.955600	180.818939
2.956800	184.774423
2.958000	188.726035
2.959200	192.673691
2.960400	196.617310
2.961600	200.556807
2.962800	204.492101
2.964000	208.423108
2.965200	212.349747
2.966400	216.271933
2.967600	220.189586
2.968800	224.102623
2.970000	228.010961
2.971200	231.914519
2.972400	235.813214
2.973600	239.706965
2.974800	243.595690
2.976000	247.479307
2.977200	251.357735
2.978400	255.230891
2.979600	259.098696
2.980800	262.961067
2.982000	266.817923
2.983200	270.669184
2.984400	274.514768
2.985600	278.354595
2.986800	282.188584
2.988000	286.016655
2.989200	289.838727
2.990400	293.654720
2.991600	297.464554
2.992800	301.268148
2.994000	305.065424
2.995200	308.856300
2.996400	312.640698
2.997600	316.418539
2.998800	320.189742
3.000000	323.954229
3.001200	327.711920
3.002400	331.462737
3.003600	335.206601
3.004800	338.943434
3.006000	342.673156
3.007200	346.395690
3.008400	350.110957
3.009600	353.818879
3.010800	357.519379
3.012000	361.212379
3.013200	364.897802
3.014400	368.575569
3.015600	372.245604
3.016800	375.907830
3.018000	379.562170
3.019200	383.208547
3.020400	386.846884
3.021600	390.477106
3.022800	394.099136
3.024000	397.712898
3.025200	401.318316
3.026400	404.915315
3.027600	408.503818
3.028800	412.083751
3.030000	415.655039
3.031200	419.217607
3.032400	422.771379
3.033600	426.316281
3.034800	429.852240
3.036000	433.379180
3.037200	436.897027
3.038400	440.405709
3.039600	443.905150
3.040800	447.395279
3.042000	450.876021
3.043200	454.347303
3.044400	457.809054
3.045600	461.261199
3.046800	464.703666
3.048000	468.136384
3.049200	471.559281
3.050400	474.972284
3.051600	478.375322
3.052800	481.768323
3.054000	485.151217
3.055200	488.523932
3.056400	491.886397
3.057600	495.238543
3.058800	498.580298
3.060000	501.911593
3.061200	505.232358
3.062400	508.542523
3.063600	511.842019
3.064800	515.130776
3.066000	518.408725
3.067200	521.675798
3.068400	524.931927
3.069600	528.177042
3.070800	531.411076
3.072000	534.633961
3.073200	537.845630
3.074400	541.046014
3.075600	544.235048
3.076800	547.412663
3.078000	550.578794
3.079200	553.733374
3.080400	556.876337
3.081600	560.007616
3.082800	563.127147
3.084000	566.234864
3.085200	569.330702
3.086400	572.414595
3.087600	575.486480
3.088800	578.546291
3.090000	581.593965
3.091200	584.629437
3.092400	587.652645
3.093600	590.663524
3.094800	593.662011
3.096000	596.648045
3.097200	599.621561
3.098400	602.582498
3.099600	605.530794
3.100800	608.466386
3.102000	611.389214
3.103200	614.299216
3.104400	617.196331
3.105600	620.080498
3.106800	622.951657
3.108000	625.809748
3.109200	628.654710
3.110400	631.486485
3.111600	634.305013
3.112800	637.110234
3.114000	639.902090
3.115200	642.680522
3.116400	645.445473
3.117600	648.196884
3.118800	650.934698
3.120000	653.658857
3.121200	656.369304
3.122400	659.065982
3.123600	661.748835
3.124800	664.417807
3.126000	667.072841
3.127200	669.713883
3.128400	672.340876
3.129600	674.953766
3.130800	677.552498
3.132000	680.137018
3.133200	682.707271
3.134400	685.263203
3.135600	687.804762
3.136800	690.331893
3.138000	692.844544
3.139200	695.342662
3.140400	697.826196
3.141600	700.295091
3.142800	702.749299
3.144000	705.188766
3.145200	707.613441
3.146400	710.023274
3.147600	712.418215
3.148800	714.798213
3.150000	717.163219
3.151200	719.513182
3.152400	721.848054
3.153600	724.167786
3.154800	726.472329
3.156000	728.761635
3.157200	731.035656
3.158400	733.294345
3.159600	735.537654
3.160800	737.765535
3.162000	739.977944
3.163200	742.174832
3.164400	744.356155
3.165600	746.521867
3.166800	748.671922
3.168000	750.806275
3.169200	752.924881
3.170400	755.027697
3.171600	757.114678
3.172800	759.185781
3.174000	761.240961
3.175200	763.280177
3.176400	765.303386
3.177600	767.310545
3.178800	769.301612
3.180000	771.276545
3.181200	773.235304
3.182400	775.177847
3.183600	777.104134
3.184800	779.014124
3.186000	780.907777
3.187200	782.785054
3.188400	784.645916
3.189600	786.490323
3.190800	788.318237
3.192000	790.129620
3.193200	791.924434
3.194400	793.702641
3.195600	795.464204
3.196800	797.209087
3.198000	798.937253
3.199200	800.648665
3.200400	802.343288
3.201600	804.021087
3.202800	805.682026
3.204000	807.326071
3.205200	808.953187
3.206400	810.563341
3.207600	812.156498
3.208800	813.732626
3.210000	815.291692
3.211200	816.833662
3.212400	818.358505
3.213600	819.866188
3.214800	821.356681
3.216000	822.829953
3.217200	824.285971
3.218400	825.724707
3.219600	827.146130
3.220800	828.550209
3.222000	829.936917
3.223200	831.306224
3.224400	832.658101
3.225600	833.992521
3.226800	835.309455
3.228000	836.608875
3.229200	837.890755
3.230400	839.155069
3.231600	840.401789
3.232800	841.630889
3.234000	842.842344
3.235200	844.036129
3.236400	845.212219
3.237600	846.370589
3.238800	847.511215
3.240000	848.634073
3.241200	849.739140
3.242400	850.826393
3.243600	851.895809
3.244800	852.947366
3.246000	853.981042
3.247200	854.996815
3.248400	855.994665
3.249600	856.974570
3.250800	857.936510
3.252000	858.880465
3.253200	859.806415
3.254400	860.714342
3.255600	861.604225
3.256800	862.476047
3.258000	863.329790
3.259200	864.165436
3.260400	864.982966
3.261600	865.782366
3.262800	866.563617
3.264000	867.326703
3.265200	868.071609
3.266400	868.798319
3.267600	869.506819
3.268800	870.197093
3.270000	870.869126
3.271200	871.522906
3.272400	872.158418
3.273600	872.775650
3.274800	873.374588
3.276000	873.955221
3.277200	874.517535
3.278400	875.061520
3.279600	875.587164
3.280800	876.094457
3.282000	876.583387
3.283200	877.053945
3.284400	877.506121
3.285600	877.939906
3.286800	878.355290
3.288000	878.752266
3.289200	879.130825
3.290400	879.490959
3.291600	879.832660
3.292800	880.155923
3.294000	880.460740
3.295200	880.747104
3.296400	881.015011
3.297600	881.264454
3.298800	881.495429
3.300000	881.707931
3.301200	881.901955
3.302400	882.077498
3.303600	882.234557
3.304800	882.373127
3.306000	882.493206
3.307200	882.594792
3.308400	882.677883
3.309600	882.742478
3.310800	882.788574
3.312000	882.816172
3.313200	882.825270
3.314400	882.815870
3.315600	882.787971
3.316800	882.741573
3.318000	882.676679
3.319200	882.593289
3.320400	882.491406
3.321600	882.371032
3.322800	882.232169
3.324000	882.074820
3.325200	881.898990
3.326400	881.704681
3.327600	881.491898
3.328800	881.260647
3.330000	881.010930
3.331200	880.742755
3.332400	880.456127
3.333600	880.151052
3.334800	879.827536
3.336000	879.485587
3.337200	879.125212
3.338400	878.746419
3.339600	878.349215
3.340800	877.933609
3.342000	877.499610
3.343200	877.047228
3.344400	876.576472
3.345600	876.087351
3.346800	875.579877
3.348000	875.054061
3.349200	874.509912
3.350400	873.947444
3.351600	873.366668
3.352800	872.767595
3.354000	872.150240
3.355200	871.514615
3.356400	870.860733
3.357600	870.188609
3.358800	869.498257
3.360000	868.789691
3.361200	868.062926
3.362400	867.317978
3.363600	866.554862
3.364800	865.773595
3.366000	864.974194
3.367200	864.156674
3.368400	863.321054
3.369600	862.467352
3.370800	861.595584
3.372000	860.705770
3.373200	859.797928
3.374400	858.872078
3.375600	857.928240
3.376800	856.966432
3.378000	855.986676
3.379200	854.988992
3.380400	853.973402
3.381600	852.939926
3.382800	851.888586
3.384000	850.819406
3.385200	849.732407
3.386400	848.627612
3.387600	847.505044
3.388800	846.364728
3.390000	845.206688
3.391200	844.030947
3.392400	842.837531
3.393600	841.626464
3.394800	840.397773
3.396000	839.151484
3.397200	837.887622
3.398400	836.606214
3.399600	835.307287
3.400800	833.990869
3.402000	832.656987
3.403200	831.305670
3.404400	829.936946
3.405600	828.550843
3.406800	827.147392
3.408000	825.726622
3.409200	824.288562
3.410400	822.833243
3.411600	821.360695
3.412800	819.870951
3.414000	818.364040
3.415200	816.839995
3.416400	815.298848
3.417600	813.740631
3.418800	812.165377
3.420000	810.573120
3.421200	808.963892
3.422400	807.337728
3.423600	805.694663
3.424800	804.034730
3.426000	802.357964
3.427200	800.664402
3.428400	798.954078
3.429600	797.227028
3.430800	795.483289
3.432000	793.722899
3.433200	791.945892
3.434400	790.152308
3.435600	788.342184
3.436800	786.515557
3.438000	784.672467
3.439200	782.812953
3.440400	780.937052
3.441600	779.044806
3.442800	777.136253
3.444000	775.211433
3.445200	773.270388
3.446400	771.313159
3.447600	769.339785
3.448800	767.350310
3.450000	765.344774
3.451200	763.323220
3.452400	761.285690
3.453600	759.232228
3.454800	757.162876
3.456000	755.077678
3.457200	752.976678
3.458400	750.859920
3.459600	748.727449
3.460800	746.579309
3.462000	744.415546
3.463200	742.236205
3.464400	740.041332
3.465600	737.830973
3.466800	735.605174
3.468000	733.363983
3.469200	731.107447
3.470400	728.835613
3.471600	726.548528
3.472800	724.246241
3.474000	721.928801
3.475200	719.596255
3.476400	717.248653
3.477600	714.886045
3.478800	712.508480
3.480000	710.116008
3.481200	707.708679
3.482400	705.286544
3.483600	702.849654
3.484800	700.398060
3.486000	697.931814
3.487200	695.450967
3.488400	692.955572
3.489600	690.445681
3.490800	687.921346
3.492000	685.382621
3.493200	682.829560
3.494400	680.262215
3.495600	677.680642
3.496800	675.084893
3.498000	672.475024
3.499200	669.851089
3.500400	667.213144
3.501600	664.561244
3.502800	661.895445
3.504000	659.215803
3.505200	656.522373
3.506400	653.815213
3.507600	651.094380
3.508800	648.359931
3.510000	645.611922
3.511200	642.850413
3.512400	640.075460
3.513600	637.287123
3.514800	634.485460
3.516000	631.670529
3.517200	628.842390
3.518400	626.001102
3.519600	623.146725
3.520800	620.279319
3.522000	617.398944
3.523200	614.505660
3.524400	611.599529
3.525600	608.680611
3.526800	605.748968
3.528000	602.804661
3.529200	599.847753
3.530400	596.878304
3.531600	593.896379
3.532800	590.902038
3.534000	587.895346
3.535200	584.876364
3.536400	581.845158
3.537600	578.801790
3.538800	575.746324
3.540000	572.678824
3.541200	569.599355
3.542400	566.507982
3.543600	563.404769
3.544800	560.289781
3.546000	557.163085
3.547200	554.024745
3.548400	550.874828
3.549600	547.713399
3.550800	544.540526
3.552000	541.356274
3.553200	538.160711
3.554400	534.953903
3.555600	531.735918
3.556800	528.506824
3.558000	525.266688
3.559200	522.015578
3.560400	518.753563
3.561600	515.480711
3.562800	512.197091
3.564000	508.902771
3.565200	505.597821
3.566400	502.282311
3.567600	498.956309
3.568800	495.619887
3.570000	492.273112
3.571200	488.916057
3.572400	485.548791
3.573600	482.171386
3.574800	478.783911
3.576000	475.386438
3.577200	471.979039
3.578400	468.561785
3.579600	465.134747
3.580800	461.697999
3.582000	458.251610
3.583200	454.795655
3.584400	451.330206
3.585600	447.855335
3.586800	444.371115
3.588000	440.877619
3.589200	437.374922
3.590400	433.863095
3.591600	430.342213
3.592800	426.812351
3.594000	423.273581
3.595200	419.725978
3.596400	416.169617
3.597600	412.604572
3.598800	409.030918
3.600000	405.448730
3.601200	401.858084
3.602400	398.259054
3.603600	394.651716
3.604800	391.036146
3.606000	387.412419
3.607200	383.780613
3.608400	380.140802
3.609600	376.493063
3.610800	372.837473
3.612000	369.174109
3.613200	365.503047
3.614400	361.824364
3.615600	358.138138
3.616800	354.444446
3.618000	350.743366
3.619200	347.034974
3.620400	343.319350
3.621600	339.596570
3.622800	335.866713
3.624000	332.129857
3.625200	328.386081
3.626400	324.635463
3.627600	320.878082
3.628800	317.114016
3.630000	313.343345
3.631200	309.566148
3.632400	305.782503
3.633600	301.992491
3.634800	298.196191
3.636000	294.393682
3.637200	290.585045
3.638400	286.770358
3.639600	282.949703
3.640800	279.123159
3.642000	275.290806
3.643200	271.452726
3.644400	267.608998
3.645600	263.759703
3.646800	259.904921
3.648000	256.044735
3.649200	252.179224
3.650400	248.308469
3.651600	244.432553
3.652800	240.551555
3.654000	236.665559
3.655200	232.774644
3.656400	228.878893
3.657600	224.978388
3.658800	221.073209
3.660000	217.163440
3.661200	213.249162
3.662400	209.330457
3.663600	205.407407
3.664800	201.480095
3.666000	197.548603
3.667200	193.613014
3.668400	189.673409
3.669600	185.729872
3.670800	181.782485
3.672000	177.831332
3.673200	173.876494
3.674400	169.918055
3.675600	165.956099
3.676800	161.990707
3.678000	158.021963
3.679200	154.049951
3.680400	150.074753
3.681600	146.096453
3.682800	142.115135
3.684000	138.130881
3.685200	134.143776
3.686400	130.153903
3.687600	126.161346
3.688800	122.166188
3.690000	118.168513
3.691200	114.168405
3.692400	110.165948
3.693600	106.161226
3.694800	102.154323
3.696000	98.145322
3.697200	94.134308
3.698400	90.121365
3.699600	86.106578
3.700800	82.090029
3.702000	78.071804
3.703200	74.051986
3.704400	70.030661
3.705600	66.007911
3.706800	61.983823
3.708000	57.958479
3.709200	53.931964
3.710400	49.904364
3.711600	45.875761
3.712800	41.846241
3.714000	37.815888
3.715200	33.784787
3.716400	29.753022
3.717600	25.720678
3.718800	21.687838
3.720000	17.654589
3.721200	13.621014
3.722400	9.587197
3.723600	5.553224
3.724800	1.519178
3.726000	2.514854
3.727200	6.548790
3.728400	10.582544
3.729600	14.616033
3.730800	18.649170
3.732000	22.681872
3.733200	26.714055
3.734400	30.745633
3.735600	34.776522
3.736800	38.806639
3.738000	42.835897
3.739200	46.864213
3.740400	50.891503
3.741600	54.917682
3.742800	58.942665
3.744000	62.966369
3.745200	66.988708
3.746400	71.009600
3.747600	75.028958
3.748800	79.046700
3.750000	83.062740
3.751200	87.076995
3.752400	91.089381
3.753600	95.099814
3.754800	99.108209
3.756000	103.114482
3.757200	107.118550
3.758400	111.120328
3.759600	115.119734
3.760800	119.116682
3.762000	123.111089
3.763200	127.102872
3.764400	131.091947
3.765600	135.078229
3.766800	139.061637
3.768000	143.042086
3.769200	147.019492
3.770400	150.993773
3.771600	154.964846
3.772800	158.932626
3.774000	162.897031
3.775200	166.857978
3.776400	170.815383
3.777600	174.769165
3.778800	178.719239
3.780000	182.665524
3.781200	186.607936
3.782400	190.546393
3.783600	194.480813
3.784800	198.411113
3.786000	202.337210
3.787200	206.259023
3.788400	210.176469
3.789600	214.089466
3.790800	217.997932
3.792000	221.901785
3.793200	225.800944
3.794400	229.695327
3.795600	233.584852
3.796800	237.469437
3.798000	241.349002
3.799200	245.223465
3.800400	249.092745
3.801600	252.956761
3.802800	256.815431
3.804000	260.668676
3.805200	264.516414
3.806400	268.358564
3.807600	272.195047
3.808800	276.025782
3.810000	279.850688
3.811200	283.669686
3.812400	287.482695
3.813600	291.289636
3.814800	295.090428
3.816000	298.884993
3.817200	302.673251
3.818400	306.455122
3.819600	310.230527
3.820800	313.999387
3.822000	317.761623
3.823200	321.517157
3.824400	325.265910
3.825600	329.007802
3.826800	332.742756
3.828000	336.470694
3.829200	340.191538
3.830400	343.905209
3.831600	347.611629
3.832800	351.310722
3.834000	355.002409
3.835200	358.686614
3.836400	362.363259
3.837600	366.032267
3.838800	369.693561
3.840000	373.347065
3.841200	376.992702
3.842400	380.630396
3.843600	384.260070
3.844800	387.881649
3.846000	391.495056
3.847200	395.100217
3.848400	398.697055
3.849600	402.285496
3.850800	405.865463
3.852000	409.436882
3.853200	412.999679
3.854400	416.553779
3.855600	420.099106
3.856800	423.635588
3.858000	427.163150
3.859200	430.681717
3.860400	434.191218
3.861600	437.691577
3.862800	441.182721
3.864000	444.664578
3.865200	448.137075
3.866400	451.600139
3.867600	455.053697
3.868800	458.497677
3.870000	461.932007
3.871200	465.356615
3.872400	468.771430
3.873600	472.176379
3.874800	475.571391
3.876000	478.956397
3.877200	482.331323
3.878400	485.696101
3.879600	489.050659
3.880800	492.394928
3.882000	495.728836
3.883200	499.052315
3.884400	502.365295
3.885600	505.667706
3.886800	508.959480
3.888000	512.240547
3.889200	515.510839
3.890400	518.770287
3.891600	522.018823
3.892800	525.256379
3.894000	528.482887
3.895200	531.698280
3.896400	534.902490
3.897600	538.095450
3.898800	541.277094
3.900000	544.447355
3.901200	547.606167
3.902400	550.753462
3.903600	553.889176
3.904800	557.013243
3.906000	560.125598
3.907200	563.226174
3.908400	566.314909
3.909600	569.391735
3.910800	572.456591
3.912000	575.509410
3.913200	578.550130
3.914400	581.578686
3.915600	584.595015
3.916800	587.599055
3.918000	590.590742
3.919200	593.570013
3.920400	596.536807
3.921600	599.491061
3.922800	602.432713
3.924000	605.361702
3.925200	608.277966
3.926400	611.181445
3.927600	614.072078
3.928800	616.949803
3.930000	619.814562
3.931200	622.666294
3.932400	625.504939
3.933600	628.330438
3.934800	631.142731
3.936000	633.941761
3.937200	636.727468
3.938400	639.499794
3.939600	642.258681
3.940800	645.004071
3.942000	647.735907
3.943200	650.454132
3.944400	653.158689
3.945600	655.849521
3.946800	658.526572
3.948000	661.189786
3.949200	663.839107
3.950400	666.474480
3.951600	669.095849
3.952800	671.703160
3.954000	674.296358
3.955200	676.875390
3.956400	679.440200
3.957600	681.990736
3.958800	684.526943
3.960000	687.048770
3.961200	689.556162
3.962400	692.049069
3.963600	694.527437
3.964800	696.991214
3.966000	699.440350
3.967200	701.874793
3.968400	704.294492
3.969600	706.699396
3.970800	709.089455
3.972000	711.464619
3.973200	713.824839
3.974400	716.170064
3.975600	718.500247
3.976800	720.815338
3.978000	723.115288
3.979200	725.400051
3.980400	727.669577
3.981600	729.923819
3.982800	732.162731
3.984000	734.386266
3.985200	736.594376
3.986400	738.787016
3.987600	740.964140
3.988800	743.125703
3.990000	745.271659
3.991200	747.401962
3.992400	749.516570
3.993600	751.615437
3.994800	753.698520
3.996000	755.765775
3.997200	757.817159
3.998400	759.852629
3.999600	761.872142
4.000800	763.875657
4.002000	765.863130
4.003200	767.834522
4.004400	769.789790
4.005600	771.728893
4.006800	773.651792
4.008000	775.558446
4.009200	777.448814
4.010400	779.322858
4.011600	781.180539
4.012800	783.021817
4.014000	784.846654
4.015200	786.655011
4.016400	788.446852
4.017600	790.222139
4.018800	791.980834
4.020000	793.722900
4.021200	795.448302
4.022400	797.157004
4.023600	798.848968
4.024800	800.524161
4.026000	802.182548
4.027200	803.824092
4.028400	805.448761
4.029600	807.056521
4.030800	808.647336
4.032000	810.221176
4.033200	811.778006
4.034400	813.317793
4.035600	814.840507
4.036800	816.346115
4.038000	817.834585
4.039200	819.305887
4.040400	820.759989
4.041600	822.196862
4.042800	823.616476
4.044000	825.018799
4.045200	826.403805
4.046400	827.771462
4.047600	829.121744
4.048800	830.454622
4.050000	831.770067
4.051200	833.068052
4.052400	834.348551
4.053600	835.611537
4.054800	836.856982
4.056000	838.084862
4.057200	839.295151
4.058400	840.487822
4.059600	841.662852
4.060800	842.820216
4.062000	843.959889
4.063200	845.081849
4.064400	846.186071
4.065600	847.272532
4.066800	848.341210
4.068000	849.392083
4.069200	850.425128
4.070400	851.440323
4.071600	852.437649
4.072800	853.417084
4.074000	854.378607
4.075200	855.322199
4.076400	856.247840
4.077600	857.155510
4.078800	858.045190
4.080000	858.916863
4.081200	859.770510
4.082400	860.606112
4.083600	861.423654
4.084800	862.223116
4.086000	863.004484
4.087200	863.767741
4.088400	864.512870
4.089600	865.239856
4.090800	865.948685
4.092000	866.639340
4.093200	867.311809
4.094400	867.966077
4.095600	868.602130
4.096800	869.219955
4.098000	869.819539
4.099200	870.400870
4.100400	870.963935
4.101600	871.508724
4.102800	872.035224
4.104000	872.543425
4.105200	873.033316
4.106400	873.504886
4.107600	873.958127
4.108800	874.393029
4.110000	874.809582
4.111200	875.207779
4.112400	875.587610
4.113600	875.949068
4.114800	876.292146
4.116000	876.616835
4.117200	876.923131
4.118400	877.211025
4.119600	877.480514
4.120800	877.731589
4.122000	877.964248
4.123200	878.178484
4.124400	878.374293
4.125600	878.551672
4.126800	878.710617
4.128000	878.851124
4.129200	878.973191
4.130400	879.076815
4.131600	879.161994
4.132800	879.228726
4.134000	879.277010
4.135200	879.306846
4.136400	879.318232
4.137600	879.311168
4.138800	879.285655
4.140000	879.241694
4.141200	879.179284
4.142400	879.098428
4.143600	878.999128
4.144800	878.881385
4.146000	878.745203
4.147200	878.590583
4.148400	878.417530
4.149600	878.226046
4.150800	878.016137
4.152000	877.787807
4.153200	877.541060
4.154400	877.275902
4.155600	876.992338
4.156800	876.690374
4.158000	876.370018
4.159200	876.031275
4.160400	875.674152
4.161600	875.298658
4.162800	874.904800
4.164000	874.492587
4.165200	874.062027
4.166400	873.613130
4.167600	873.145904
4.168800	872.660360
4.170000	872.156508
4.171200	871.634359
4.172400	871.093923
4.173600	870.535212
4.174800	869.958238
4.176000	869.363013
4.177200	868.749549
4.178400	868.117860
4.179600	867.467958
4.180800	866.799858
4.182000	866.113573
4.183200	865.409119
4.184400	864.686509
4.185600	863.945758
4.186800	863.186884
4.188000	862.409901
4.189200	861.614825
4.190400	860.801675
4.191600	859.970466
4.192800	859.121216
4.194000	858.253943
4.195200	857.368665
4.196400	856.465401
4.197600	855.544170
4.198800	854.604992
4.200000	853.647885
4.201200	852.672870
4.202400	851.679968
4.203600	850.669199
4.204800	849.640585
4.206000	848.594147
4.207200	847.529907
4.208400	846.447888
4.209600	845.348113
4.210800	844.230603
4.212000	843.095384
4.213200	841.942478
4.214400	840.771911
4.215600	839.583706
4.216800	838.377888
4.218000	837.154483
4.219200	835.913517
4.220400	834.655015
4.221600	833.379005
4.222800	832.085512
4.224000	830.774564
4.225200	829.446188
4.226400	828.100413
4.227600	826.737266
4.228800	825.356777
4.230000	823.958973
4.231200	822.543886
4.232400	821.111543
4.233600	819.661976
4.234800	818.195214
4.236000	816.711289
4.237200	815.210232
4.238400	813.692073
4.239600	812.156846
4.240800	810.604581
4.242000	809.035313
4.243200	807.449073
4.244400	805.845895
4.245600	804.225813
4.246800	802.588860
4.248000	800.935071
4.249200	799.264481
4.250400	797.577124
4.251600	795.873036
4.252800	794.152254
4.254000	792.414812
4.255200	790.660747
4.256400	788.890097
4.257600	787.102898
4.258800	785.299187
4.260000	783.479003
4.261200	781.642384
4.262400	779.789368
4.263600	777.919994
4.264800	776.034302
4.266000	774.132331
4.267200	772.214120
4.268400	770.279710
4.269600	768.329142
4.270800	766.362456
4.272000	764.379694
4.273200	762.380897
4.274400	760.366107
4.275600	758.335367
4.276800	756.288719
4.278000	754.226205
4.279200	752.147870
4.280400	750.053756
4.281600	747.943909
4.282800	745.818371
4.284000	743.677187
4.285200	741.520403
4.286400	739.348063
4.287600	737.160213
4.288800	734.956899
4.290000	732.738168
4.291200	730.504065
4.292400	728.254637
4.293600	725.989932
4.294800	723.709997
4.296000	721.414880
4.297200	719.104629
4.298400	716.779293
4.299600	714.438919
4.300800	712.083558
4.302000	709.713258
4.303200	707.328070
4.304400	704.928043
4.305600	702.513227
4.306800	700.083674
4.308000	697.639433
4.309200	695.180557
4.310400	692.707097
4.311600	690.219104
4.312800	687.716632
4.314000	685.199731
4.315200	682.668456
4.316400	680.122858
4.317600	677.562992
4.318800	674.988911
4.320000	672.400669
4.321200	669.798320
4.322400	667.181919
4.323600	664.551520
4.324800	661.907180
4.326000	659.248952
4.327200	656.576893
4.328400	653.891059
4.329600	651.191506
4.330800	648.478290
4.332000	645.751470
4.333200	643.011100
4.334400	640.257240
4.335600	637.489946
4.336800	634.709278
4.338000	631.915292
4.339200	629.108048
4.340400	626.287604
4.341600	623.454019
4.342800	620.607353
4.344000	617.747666
4.345200	614.875017
4.346400	611.989467
4.347600	609.091075
4.348800	606.179904
4.350000	603.256013
4.351200	600.319463
4.352400	597.370318
4.353600	594.408637
4.354800	591.434484
4.356000	588.447921
4.357200	585.449010
4.358400	582.437813
4.359600	579.414395
4.360800	576.378818
4.362000	573.331146
4.363200	570.271443
4.364400	567.199773
4.365600	564.116200
4.366800	561.020789
4.368000	557.913605
4.369200	554.794713
4.370400	551.664177
4.371600	548.522065
4.372800	545.368440
4.374000	542.203371
4.375200	539.026922
4.376400	535.839160
4.377600	532.640153
4.378800	529.429967
4.380000	526.208669
4.381200	522.976328
4.382400	519.733009
4.383600	516.478783
4.384800	513.213715
4.386000	509.937876
4.387200	506.651334
4.388400	503.354157
4.389600	500.046414
4.390800	496.728176
4.392000	493.399510
4.393200	490.060488
4.394400	486.711179
4.395600	483.351653
4.396800	479.981980
4.398000	476.602231
4.399200	473.212477
4.400400	469.812789
4.401600	466.403238
4.402800	462.983895
4.404000	459.554832
4.405200	456.116121
4.406400	452.667834
4.407600	449.210043
4.408800	445.742820
4.410000	442.266238
4.411200	438.780370
4.412400	435.285289
4.413600	431.781068
4.414800	428.267781
4.416000	424.745500
4.417200	421.214300
4.418400	417.674255
4.419600	414.125439
4.420800	410.567926
4.422000	407.001790
4.423200	403.427107
4.424400	399.843951
4.425600	396.252397
4.426800	392.652520
4.428000	389.044396
4.429200	385.428101
4.430400	381.803709
4.431600	378.171298
4.432800	374.530942
4.434000	370.882719
4.435200	367.226704
4.436400	363.562974
4.437600	359.891606
4.438800	356.212677
4.440000	352.526263
4.441200	348.832443
4.442400	345.131292
4.443600	341.422890
4.444800	337.707312
4.446000	333.984638
4.447200	330.254946
4.448400	326.518312
4.449600	322.774816
4.450800	319.024535
4.452000	315.267549
4.453200	311.503936
4.454400	307.733775
4.455600	303.957144
4.456800	300.174123
4.458000	296.384791
4.459200	292.589228
4.460400	288.787512
4.461600	284.979723
4.462800	281.165942
4.464000	277.346247
4.465200	273.520720
4.466400	269.689439
4.467600	265.852486
4.468800	262.009940
4.470000	258.161882
4.471200	254.308392
4.472400	250.449552
4.473600	246.585442
4.474800	242.716142
4.476000	238.841734
4.477200	234.962300
4.478400	231.077919
4.479600	227.188674
4.480800	223.294645
4.482000	219.395915
4.483200	215.492566
4.484400	211.584677
4.485600	207.672333
4.486800	203.755613
4.488000	199.834601
4.489200	195.909379
4.490400	191.980028
4.491600	188.046631
4.492800	184.109270
4.494000	180.168028
4.495200	176.222987
4.496400	172.274230
4.497600	168.321839
4.498800	164.365897
4.500000	160.406488
4.501200	156.443692
4.502400	152.477595
4.503600	148.508278
4.504800	144.535825
4.506000	140.560319
4.507200	136.581844
4.508400	132.600481
4.509600	128.616316
4.510800	124.629430
4.512000	120.639908
4.513200	116.647834
4.514400	112.653290
4.515600	108.656360
4.516800	104.657128
4.518000	100.655678
4.519200	96.652093
4.520400	92.646457
4.521600	88.638854
4.522800	84.629368
4.524000	80.618083
4.525200	76.605083
4.526400	72.590451
4.527600	68.574272
4.528800	64.556630
4.530000	60.537609
4.531200	56.517293
4.532400	52.495765
4.533600	48.473112
4.534800	44.449415
4.536000	40.424761
4.537200	36.399232
4.538400	32.372913
4.539600	28.345889
4.540800	24.318244
4.542000	20.290061
4.543200	16.261426
4.544400	12.232423
4.545600	8.203135
4.546800	4.173647
4.548000	0.144044
4.549200	3.885590
4.550400	7.915170
4.551600	11.944614
4.552800	15.973835
4.554000	20.002750
4.555200	24.031275
4.556400	28.059325
4.557600	32.086816
4.558800	36.113664
4.560000	40.139784
4.561200	44.165092
4.562400	48.189504
4.563600	52.212935
4.564800	56.235302
4.566000	60.256521
4.567200	64.276507
4.568400	68.295175
4.569600	72.312443
4.570800	76.328226
4.572000	80.342439
4.573200	84.355000
4.574400	88.365823
4.575600	92.374825
4.576800	96.381923
4.578000	100.387031
4.579200	104.390067
4.580400	108.390947
4.581600	112.389587
4.582800	116.385903
4.584000	120.379812
4.585200	124.371230
4.586400	128.360074
4.587600	132.346260
4.588800	136.329704
4.590000	140.310324
4.591200	144.288037
4.592400	148.262758
4.593600	152.234404
4.594800	156.202894
4.596000	160.168143
4.597200	164.130068
4.598400	168.088588
4.599600	172.043618
4.600800	175.995077
4.602000	179.942881
4.603200	183.886948
4.604400	187.827195
4.605600	191.763540
4.606800	195.695901
4.608000	199.624196
4.609200	203.548341
4.610400	207.468255
4.611600	211.383857
4.612800	215.295063
4.614000	219.201793
4.615200	223.103965
4.616400	227.001496
4.617600	230.894306
4.618800	234.782312
4.620000	238.665435
4.621200	242.543591
4.622400	246.416701
4.623600	250.284683
4.624800	254.147457
4.626000	258.004941
4.627200	261.857054
4.628400	265.703717
4.629600	269.544848
4.630800	273.380368
4.632000	277.210196
4.633200	281.034252
4.634400	284.852456
4.635600	288.664728
4.636800	292.470989
4.638000	296.271158
4.639200	300.065157
4.640400	303.852905
4.641600	307.634325
4.642800	311.409335
4.644000	315.177859
4.645200	318.939816
4.646400	322.695128
4.647600	326.443716
4.648800	330.185503
4.650000	333.920410
4.651200	337.648358
4.652400	341.369270
4.653600	345.083068
4.654800	348.789674
4.656000	352.489011
4.657200	356.181001
4.658400	359.865567
4.659600	363.542632
4.660800	367.212119
4.662000	370.873952
4.663200	374.528053
4.664400	378.174347
4.665600	381.812756
4.666800	385.443206
4.668000	389.065620
4.669200	392.679921
4.670400	396.286036
4.671600	399.883887
4.672800	403.473401
4.674000	407.054501
4.675200	410.627114
4.676400	414.191163
4.677600	417.746576
4.678800	421.293276
4.680000	424.831191
4.681200	428.360246
4.682400	431.880368
4.683600	435.391482
4.684800	438.893515
4.686000	442.386395
4.687200	445.870047
4.688400	449.344400
4.689600	452.809380
4.690800	456.264915
4.692000	459.710933
4.693200	463.147361
4.694400	466.574128
4.695600	469.991163
4.696800	473.398393
4.698000	476.795747
4.699200	480.183155
4.700400	483.560546
4.701600	486.927848
4.702800	490.284992
4.704000	493.631907
4.705200	496.968523
4.706400	500.294770
4.707600	503.610580
4.708800	506.915882
4.710000	510.210608
4.711200	513.494688
4.712400	516.768054
4.713600	520.030638
4.714800	523.282370
4.716000	526.523184
4.717200	529.753012
4.718400	532.971785
4.719600	536.179437
4.720800	539.375900
4.722000	542.561108
4.723200	545.734994
4.724400	548.897492
4.725600	552.048535
4.726800	555.188058
4.728000	558.315995
4.729200	561.432280
4.730400	564.536849
4.731600	567.629637
4.732800	570.710578
4.734000	573.779609
4.735200	576.836665
4.736400	579.881682
4.737600	582.914597
4.738800	585.935346
4.740000	588.943867
4.741200	591.940095
4.742400	594.923969
4.743600	597.895427
4.744800	600.854405
4.746000	603.800842
4.747200	606.734677
4.748400	609.655848
4.749600	612.564294
4.750800	615.459955
4.752000	618.342769
4.753200	621.212677
4.754400	624.069618
4.755600	626.913533
4.756800	629.744363
4.758000	632.562047
4.759200	635.366528
4.760400	638.157746
4.761600	640.935643
4.762800	643.700162
4.764000	646.451244
4.765200	649.188832
4.766400	651.912868
4.767600	654.623296
4.768800	657.320059
4.770000	660.003100
4.771200	662.672364
4.772400	665.327795
4.773600	667.969337
4.774800	670.596935
4.776000	673.210534
4.777200	675.810079
4.778400	678.395517
4.779600	680.966792
4.780800	683.523852
4.782000	686.066643
4.783200	688.595111
4.784400	691.109204
4.785600	693.608869
4.786800	696.094054
4.788000	698.564708
4.789200	701.020777
4.790400	703.462212
4.791600	705.888961
4.792800	708.300973
4.794000	710.698198
4.795200	713.080586
4.796400	715.448086
4.797600	717.800651
4.798800	720.138229
4.800000	722.460773
4.801200	724.768234
4.802400	727.060564
4.803600	729.337714
4.804800	731.599638
4.806000	733.846287
4.807200	736.077616
4.808400	738.293577
4.809600	740.494124
4.810800	742.679210
4.812000	744.848792
4.813200	747.002822
4.814400	749.141256
4.815600	751.264050
4.816800	753.371158
4.818000	755.462537
4.819200	757.538144
4.820400	759.597934
4.821600	761.641865
4.822800	763.669894
4.824000	765.681979
4.825200	767.678078
4.826400	769.658148
4.827600	771.622149
4.828800	773.570040
4.830000	775.501779
4.831200	777.417326
4.832400	779.316643
4.833600	781.199687
4.834800	783.066422
4.836000	784.916806
4.837200	786.750802
4.838400	788.568372
4.839600	790.369477
4.840800	792.154080
4.842000	793.922143
4.843200	795.673630
4.844400	797.408504
4.845600	799.126729
4.846800	800.828268
4.848000	802.513087
4.849200	804.181150
4.850400	805.832422
4.851600	807.466869
4.852800	809.084456
4.854000	810.685150
4.855200	812.268917
4.856400	813.835725
4.857600	815.385541
4.858800	816.918331
4.860000	818.434065
4.861200	819.932710
4.862400	821.414235
4.863600	822.878610
4.864800	824.325803
4.866000	825.755785
4.867200	827.168525
4.868400	828.563994
4.869600	829.942163
4.870800	831.303004
4.872000	832.646487
4.873200	833.972584
4.874400	835.281269
4.875600	836.572514
4.876800	837.846291
4.878000	839.102574
4.879200	840.341337
4.880400	841.562554
4.881600	842.766199
4.882800	843.952248
4.884000	845.120675
4.885200	846.271457
4.886400	847.404569
4.887600	848.519987
4.888800	849.617689
4.890000	850.697651
4.891200	851.759850
4.892400	852.804266
4.893600	853.830875
4.894800	854.839656
4.896000	855.830589
4.897200	856.803652
4.898400	857.758826
4.899600	858.696090
4.900800	859.615425
4.902000	860.516812
4.903200	861.400232
4.904400	862.265666
4.905600	863.113096
4.906800	863.942505
4.908000	864.753876
4.909200	865.547191
4.910400	866.322434
4.911600	867.079588
4.912800	867.818639
4.914000	868.539570
4.915200	869.242367
4.916400	869.927014
4.917600	870.593498
4.918800	871.241805
4.920000	871.871921
4.921200	872.483833
4.922400	873.077529
4.923600	873.652995
4.924800	874.210220
4.926000	874.749193
4.927200	875.269902
4.928400	875.772336
4.929600	876.256485
4.930800	876.722338
4.932000	877.169887
4.933200	877.599121
4.934400	878.010032
4.935600	878.402611
4.936800	878.776851
4.938000	879.132742
4.939200	879.470279
4.940400	879.789453
4.941600	880.090259
4.942800	880.372690
4.944000	880.636739
4.945200	880.882403
4.946400	881.109675
4.947600	881.318551
4.948800	881.509026
4.950000	881.681098
4.951200	881.834761
4.952400	881.970013
4.953600	882.086851
4.954800	882.185273
4.956000	882.265276
4.957200	882.326860
4.958400	882.370023
4.959600	882.394763
4.960800	882.401081
4.962000	882.388976
4.963200	882.358449
4.964400	882.309501
4.965600	882.242132
4.966800	882.156344
4.968000	882.052139
4.969200	881.929518
4.970400	881.788486
4.971600	881.629043
4.972800	881.451195
4.974000	881.254945
4.975200	881.040296
4.976400	880.807254
4.977600	880.555824
4.978800	880.286010
4.980000	879.997818
4.981200	879.691255
4.982400	879.366326
4.983600	879.023040
4.984800	878.661402
4.986000	878.281421
4.987200	877.883104
4.988400	877.466460
4.989600	877.031498
4.990800	876.578227
4.992000	876.106656
4.993200	875.616796
4.994400	875.108656
4.995600	874.582247
4.996800	874.037580
4.998000	873.474667
4.999200	872.893520
5.000400	872.294150
5.001600	871.676571
5.002800	871.040795
5.004000	870.386836
5.005200	869.714706
5.006400	869.024422
5.007600	868.315996
5.008800	867.589444
5.010000	866.844781
5.011200	866.082023
5.012400	865.301185
5.013600	864.502284
5.014800	863.685337
5.016000	862.850361
5.017200	861.997374
5.018400	861.126392
5.019600	860.237435
5.020800	859.330522
5.022000	858.405670
5.023200	857.462900
5.024400	856.502232
5.025600	855.523684
5.026800	854.527279
5.028000	853.513037
5.029200	852.480979
5.030400	851.431126
5.031600	850.363501
5.032800	849.278127
5.034000	848.175025
5.035200	847.054219
5.036400	845.915732
5.037600	844.759589
5.038800	843.585813
5.040000	842.394430
5.041200	841.185463
5.042400	839.958939
5.043600	838.714883
5.044800	837.453321
5.046000	836.174280
5.047200	834.877786
5.048400	833.563866
5.049600	832.232549
5.050800	830.883861
5.052000	829.517832
5.053200	828.134489
5.054400	826.733862
5.055600	825.315981
5.056800	823.880874
5.058000	822.428571
5.059200	820.959104
5.060400	819.472503
5.061600	817.968799
5.062800	816.448024
5.064000	814.910209
5.065200	813.355387
5.066400	811.783590
5.067600	810.194851
5.068800	808.589204
5.070000	806.966682
5.071200	805.327318
5.072400	803.671148
5.073600	801.998206
5.074800	800.308527
5.076000	798.602146
5.077200	796.879099
5.078400	795.139423
5.079600	793.383153
5.080800	791.610326
5.082000	789.820980
5.083200	788.015152
5.084400	786.192880
5.085600	784.354201
5.086800	782.499155
5.088000	780.627780
5.089200	778.740116
5.090400	776.836201
5.091600	774.916076
5.092800	772.979781
5.094000	771.027356
5.095200	769.058843
5.096400	767.074282
5.097600	765.073716
5.098800	763.057185
5.100000	761.024733
5.101200	758.976401
5.102400	756.912233
5.103600	754.832271
5.104800	752.736560
5.106000	750.625143
5.107200	748.498064
5.108400	746.355368
5.109600	744.197100
5.110800	742.023305
5.112000	739.834028
5.113200	737.629315
5.114400	735.409213
5.115600	733.173767
5.116800	730.923025
5.118000	728.657034
5.119200	726.375841
5.120400	724.079493
5.121600	721.768040
5.122800	719.441528
5.124000	717.100008
5.125200	714.743527
5.126400	712.372136
5.127600	709.985884
5.128800	707.584820
5.130000	705.168996
5.131200	702.738461
5.132400	700.293267
5.133600	697.833464
5.134800	695.359104
5.136000	692.870240
5.137200	690.366922
5.138400	687.849203
5.139600	685.317137
5.140800	682.770775
5.142000	680.210172
5.143200	677.635380
5.144400	675.046455
5.145600	672.443449
5.146800	669.826418
5.148000	667.195415
5.149200	664.550497
5.150400	661.891718
5.151600	659.219135
5.152800	656.532802
5.154000	653.832777
5.155200	651.119115
5.156400	648.391874
5.157600	645.651111
5.158800	642.896882
5.160000	640.129246
5.161200	637.348261
5.162400	634.553984
5.163600	631.746474
5.164800	628.925790
5.166000	626.091991
5.167200	623.245135
5.168400	620.385284
5.169600	617.512496
5.170800	614.626832
5.172000	611.728351
5.173200	608.817115
5.174400	605.893185
5.175600	602.956621
5.176800	600.007486
5.178000	597.045840
5.179200	594.071746
5.180400	591.085266
5.181600	588.086463
5.182800	585.075398
5.184000	582.052136
5.185200	579.016739
5.186400	575.969271
5.187600	572.909796
5.188800	569.838378
5.190000	566.755080
5.191200	563.659968
5.192400	560.553106
5.193600	557.434559
5.194800	554.304392
5.196000	551.162672
5.197200	548.009462
5.198400	544.844831
5.199600	541.668843
5.200800	538.481565
5.202000	535.283064
5.203200	532.073407
5.204400	528.852661
5.205600	525.620893
5.206800	522.378171
5.208000	519.124562
5.209200	515.860136
5.210400	512.584959
5.211600	509.299101
5.212800	506.002630
5.214000	502.695615
5.215200	499.378125
5.216400	496.050231
5.217600	492.712000
5.218800	489.363504
5.220000	486.004812
5.221200	482.635995
5.222400	479.257122
5.223600	475.868265
5.224800	472.469495
5.226000	469.060882
5.227200	465.642498
5.228400	462.214414
5.229600	458.776702
5.230800	455.329435
5.232000	451.872683
5.233200	448.406520
5.234400	444.931017
5.235600	441.446249
5.236800	437.952286
5.238000	434.449203
5.239200	430.937073
5.240400	427.415969
5.241600	423.885965
5.242800	420.347134
5.244000	416.799552
5.245200	413.243291
5.246400	409.678426
5.247600	406.105032
5.248800	402.523184
5.250000	398.932956
5.251200	395.334424
5.252400	391.727663
5.253600	388.112748
5.254800	384.489754
5.256000	380.858759
5.257200	377.219836
5.258400	373.573064
5.259600	369.918517
5.260800	366.256273
5.262000	362.586408
5.263200	358.908998
5.264400	355.224121
5.265600	351.531853
5.266800	347.832273
5.268000	344.125456
5.269200	340.411482
5.270400	336.690427
5.271600	332.962369
5.272800	329.227386
5.274000	325.485556
5.275200	321.736958
5.276400	317.981670
5.277600	314.219770
5.278800	310.451338
5.280000	306.676451
5.281200	302.895190
5.282400	299.107632
5.283600	295.313857
5.284800	291.513945
5.286000	287.707975
5.287200	283.896027
5.288400	280.078179
5.289600	276.254513
5.290800	272.425108
5.292000	268.590043
5.293200	264.749401
5.294400	260.903259
5.295600	257.051700
5.296800	253.194804
5.298000	249.332650
5.299200	245.465321
5.300400	241.592896
5.301600	237.715458
5.302800	233.833086
5.304000	229.945862
5.305200	226.053868
5.306400	222.157184
5.307600	218.255893
5.308800	214.350076
5.310000	210.439814
5.311200	206.525189
5.312400	202.606283
5.313600	198.683179
5.314800	194.755957
5.316000	190.824701
5.317200	186.889492
5.318400	182.950413
5.319600	179.007545
5.320800	175.060973
5.322000	171.110777
5.323200	167.157041
5.324400	163.199847
5.325600	159.239278
5.326800	155.275417
5.328000	151.308347
5.329200	147.338150
5.330400	143.364910
5.331600	139.388709
5.332800	135.409632
5.334000	131.427760
5.335200	127.443178
5.336400	123.455969
5.337600	119.466215
5.338800	115.474001
5.340000	111.479410
5.341200	107.482525
5.342400	103.483431
5.343600	99.482209
5.344800	95.478945
5.346000	91.473722
5.347200	87.466624
5.348400	83.457734
5.349600	79.447136
5.350800	75.434915
5.352000	71.421153
5.353200	67.405936
5.354400	63.389346
5.355600	59.371468
5.356800	55.352386
5.358000	51.332184
5.359200	47.310946
5.360400	43.288756
5.361600	39.265698
5.362800	35.241856
5.364000	31.217314
5.365200	27.192157
5.366400	23.166469
5.367600	19.140333
5.368800	15.113835
5.370000	11.087057
5.371200	7.060085
5.372400	3.033002
5.373600	0.994107
5.374800	5.021158
5.376000	9.048067
5.377200	13.074749
5.378400	17.101122
5.379600	21.127099
5.380800	25.152598
5.382000	29.177534
5.383200	33.201823
5.384400	37.225380
5.385600	41.248122
5.386800	45.269965
5.388000	49.290824
5.389200	53.310616
5.390400	57.329256
5.391600	61.346660
5.392800	65.362745
5.394000	69.377426
5.395200	73.390620
5.396400	77.402242
5.397600	81.412209
5.398800	85.420437
5.400000	89.426842
5.401200	93.431340
5.402400	97.433848
5.403600	101.434282
5.404800	105.432559
5.406000	109.428594
5.407200	113.422304
5.408400	117.413607
5.409600	121.402417
5.410800	125.388652
5.412000	129.372229
5.413200	133.353065
5.414400	137.331075
5.415600	141.306178
5.416800	145.278289
5.418000	149.247326
5.419200	153.213206
5.420400	157.175846
5.421600	161.135163
5.422800	165.091074
5.424000	169.043497
5.425200	172.992349
5.426400	176.937548
5.427600	180.879011
5.428800	184.816655
5.430000	188.750398
5.431200	192.680159
5.432400	196.605855
5.433600	200.527403
5.434800	204.444723
5.436000	208.357732
5.437200	212.266347
5.438400	216.170489
5.439600	220.070074
5.440800	223.965022
5.442000	227.855250
5.443200	231.740679
5.444400	235.621226
5.445600	239.496810
5.446800	243.367351
5.448000	247.232767
5.449200	251.092978
5.450400	254.947902
5.451600	258.797461
5.452800	262.641572
5.454000	266.480155
5.455200	270.313131
5.456400	274.140420
5.457600	277.961940
5.458800	281.777613
5.460000	285.587359
5.461200	289.391097
5.462400	293.188749
5.463600	296.980235
5.464800	300.765476
5.466000	304.544392
5.467200	308.316906
5.468400	312.082937
5.469600	315.842407
5.470800	319.595238
5.472000	323.341352
5.473200	327.080669
5.474400	330.813111
5.475600	334.538602
5.476800	338.257062
5.478000	341.968415
5.479200	345.672581
5.480400	349.369486
5.481600	353.059050
5.482800	356.741196
5.484000	360.415849
5.485200	364.082930
5.486400	367.742364
5.487600	371.394074
5.488800	375.037983
5.490000	378.674016
5.491200	382.302096
5.492400	385.922147
5.493600	389.534095
5.494800	393.137862
5.496000	396.733375
5.497200	400.320558
5.498400	403.899336
5.499600	407.469634
5.500800	411.031378
5.502000	414.584493
5.503200	418.128904
5.504400	421.664539
5.505600	425.191322
5.506800	428.709181
5.508000	432.218041
5.509200	435.717829
5.510400	439.208473
5.511600	442.689899
5.512800	446.162035
5.514000	449.624807
5.515200	453.078144
5.516400	456.521974
5.517600	459.956223
5.518800	463.380822
5.520000	466.795698
5.521200	470.200779
5.522400	473.595995
5.523600	476.981274
5.524800	480.356546
5.526000	483.721741
5.527200	487.076788
5.528400	490.421616
5.529600	493.756157
5.530800	497.080339
5.532000	500.394095
5.533200	503.697354
5.534400	506.990048
5.535600	510.272108
5.536800	513.543464
5.538000	516.804050
5.539200	520.053796
5.540400	523.292635
5.541600	526.520499
5.542800	529.737320
5.544000	532.943032
5.545200	536.137567
5.546400	539.320859
5.547600	542.492842
5.548800	545.653448
5.550000	548.802611
5.551200	551.940267
5.552400	555.066349
5.553600	558.180792
5.554800	561.283532
5.556000	564.374502
5.557200	567.453639
5.558400	570.520879
5.559600	573.576156
5.560800	576.619408
5.562000	579.650570
5.563200	582.669580
5.564400	585.676375
5.565600	588.670890
5.566800	591.653065
5.568000	594.622836
5.569200	597.580142
5.570400	600.524921
5.571600	603.457110
5.572800	606.376650
5.574000	609.283479
5.575200	612.177535
5.576400	615.058760
5.577600	617.927092
5.578800	620.782472
5.580000	623.624839
5.581200	626.454136
5.582400	629.270301
5.583600	632.073277
5.584800	634.863006
5.586000	637.639428
5.587200	640.402485
5.588400	643.152121
5.589600	645.888277
5.590800	648.610897
5.592000	651.319923
5.593200	654.015299
5.594400	656.696969
5.595600	659.364876
5.596800	662.018965
5.598000	664.659180
5.599200	667.285466
5.600400	669.897769
5.601600	672.496034
5.602800	675.080206
5.604000	677.650231
5.605200	680.206057
5.606400	682.747628
5.607600	685.274893
5.608800	687.787799
5.610000	690.286292
5.611200	692.770321
5.612400	695.239834
5.613600	697.694780
5.614800	700.135106
5.616000	702.560763
5.617200	704.971698
5.618400	707.367863
5.619600	709.749207
5.620800	712.115680
5.622000	714.467232
5.623200	716.803815
5.624400	719.125380
5.625600	721.431879
5.626800	723.723262
5.628000	725.999483
5.629200	728.260493
5.630400	730.506246
5.631600	732.736694
5.632800	734.951792
5.634000	737.151492
5.635200	739.335748
5.636400	741.504516
5.637600	743.657750
5.638800	745.795405
5.640000	747.917435
5.641200	750.023798
5.642400	752.114448
5.643600	754.189343
5.644800	756.248438
5.646000	758.291691
5.647200	760.319060
5.648400	762.330501
5.649600	764.325973
5.650800	766.305434
5.652000	768.268843
5.653200	770.216158
5.654400	772.147340
5.655600	774.062347
5.656800	775.961140
5.658000	777.843679
5.659200	779.709925
5.660400	781.559839
5.661600	783.393382
5.662800	785.210516
5.664000	787.011202
5.665200	788.795404
5.666400	790.563084
5.667600	792.314205
5.668800	794.048731
5.670000	795.766625
5.671200	797.467851
5.672400	799.152374
5.673600	800.820159
5.674800	802.471171
5.676000	804.105375
5.677200	805.722737
5.678400	807.323224
5.679600	808.906803
5.680800	810.473439
5.682000	812.023100
5.683200	813.555754
5.684400	815.071370
5.685600	816.569914
5.686800	818.051357
5.688000	819.515666
5.689200	820.962813
5.690400	822.392765
5.691600	823.805494
5.692800	825.200969
5.694000	826.579163
5.695200	827.940045
5.696400	829.283588
5.697600	830.609764
5.698800	831.918544
5.700000	833.209902
5.701200	834.483811
5.702400	835.740243
5.703600	836.979173
5.704800	838.200575
5.706000	839.404424
5.707200	840.590693
5.708400	841.759359
5.709600	842.910398
5.710800	844.043784
5.712000	845.159494
5.713200	846.257506
5.714400	847.337796
5.715600	848.400342
5.716800	849.445121
5.718000	850.472111
5.719200	851.481292
5.720400	852.472642
5.721600	853.446140
5.722800	854.401767
5.724000	855.339502
5.725200	856.259325
5.726400	857.161218
5.727600	858.045161
5.728800	858.911137
5.730000	859.759126
5.731200	860.589112
5.732400	861.401078
5.733600	862.195005
5.734800	862.970878
5.736000	863.728680
5.737200	864.468396
5.738400	865.190010
5.739600	865.893507
5.740800	866.578873
5.742000	867.246092
5.743200	867.895152
5.744400	868.526039
5.745600	869.138739
5.746800	869.733240
5.748000	870.309529
5.749200	870.867595
5.750400	871.407425
5.751600	871.929009
5.752800	872.432336
5.754000	872.917394
5.755200	873.384174
5.756400	873.832667
5.757600	874.262863
5.758800	874.674752
5.760000	875.068327
5.761200	875.443580
5.762400	875.800501
5.763600	876.139085
5.764800	876.459323
5.766000	876.761210
5.767200	877.044738
5.768400	877.309903
5.769600	877.556698
5.770800	877.785119
5.772000	877.995160
5.773200	878.186818
5.774400	878.360087
5.775600	878.514966
5.776800	878.651450
5.778000	878.769537
5.779200	878.869224
5.780400	878.950510
5.781600	879.013392
5.782800	879.057869
5.784000	879.083941
5.785200	879.091606
5.786400	879.080865
5.787600	879.051718
5.788800	879.004166
5.790000	878.938210
5.791200	878.853850
5.792400	878.751089
5.793600	878.629930
5.794800	878.490373
5.796000	878.332424
5.797200	878.156084
5.798400	877.961358
5.799600	877.748249
5.800800	877.516763
5.802000	877.266904
5.803200	876.998677
5.804400	876.712087
5.805600	876.407142
5.806800	876.083847
5.808000	875.742209
5.809200	875.382236
5.810400	875.003934
5.811600	874.607312
5.812800	874.192378
5.814000	873.759141
5.815200	873.307610
5.816400	872.837794
5.817600	872.349703
5.818800	871.843348
5.820000	871.318738
5.821200	870.775886
5.822400	870.214802
5.823600	869.635498
5.824800	869.037987
5.826000	868.422280
5.827200	867.788391
5.828400	867.136333
5.829600	866.466119
5.830800	865.777764
5.832000	865.071283
5.833200	864.346689
5.834400	863.603998
5.835600	862.843225
5.836800	862.064387
5.838000	861.267500
5.839200	860.452581
5.840400	859.619646
5.841600	858.768713
5.842800	857.899800
5.844000	857.012924
5.845200	856.108106
5.846400	855.185363
5.847600	854.244714
5.848800	853.286180
5.850000	852.309781
5.851200	851.315536
5.852400	850.303468
5.853600	849.273596
5.854800	848.225943
5.856000	847.160530
5.857200	846.077380
5.858400	844.976515
5.859600	843.857959
5.860800	842.721734
5.862000	841.567865
5.863200	840.396376
5.864400	839.207291
5.865600	838.000635
5.866800	836.776434
5.868000	835.534712
5.869200	834.275497
5.870400	832.998813
5.871600	831.704689
5.872800	830.393151
5.874000	829.064226
5.875200	827.717943
5.876400	826.354329
5.877600	824.973413
5.878800	823.575224
5.880000	822.159790
5.881200	820.727143
5.882400	819.277311
5.883600	817.810326
5.884800	816.326217
5.886000	814.825016
5.887200	813.306753
5.888400	811.771462
5.889600	810.219174
5.890800	808.649921
5.892000	807.063737
5.893200	805.460653
5.894400	803.840705
5.895600	802.203926
5.896800	800.550350
5.898000	798.880011
5.899200	797.192945
5.900400	795.489187
5.901600	793.768773
5.902800	792.031738
5.904000	790.278118
5.905200	788.507951
5.906400	786.721274
5.907600	784.918124
5.908800	783.098538
5.910000	781.262554
5.911200	779.410212
5.912400	777.541549
5.913600	775.656606
5.914800	773.755420
5.916000	771.838032
5.917200	769.904483
5.918400	767.954812
5.919600	765.989060
5.920800	764.007269
5.922000	762.009479
5.923200	759.995733
5.924400	757.966073
5.925600	755.920540
5.926800	753.859179
5.928000	751.782032
5.929200	749.689142
5.930400	747.580553
5.931600	745.456310
5.932800	743.316456
5.934000	741.161036
5.935200	738.990096
5.936400	736.803681
5.937600	734.601837
5.938800	732.384609
5.940000	730.152044
5.941200	727.904189
5.942400	725.641090
5.943600	723.362795
5.944800	721.069352
5.946000	718.760809
5.947200	716.437213
5.948400	714.098614
5.949600	711.745060
5.950800	709.376600
5.952000	706.993284
5.953200	704.595163
5.954400	702.182285
5.955600	699.754701
5.956800	697.312463
5.958000	694.855621
5.959200	692.384226
5.960400	689.898331
5.961600	687.397987
5.962800	684.883246
5.964000	682.354161
5.965200	679.810785
5.966400	677.253172
5.967600	674.681373
5.968800	672.095444
5.970000	669.495439
5.971200	666.881411
5.972400	664.253416
5.973600	661.611507
5.974800	658.955742
5.976000	656.286174
5.977200	653.602860
5.978400	650.905856
5.979600	648.195219
5.980800	645.471004
5.982000	642.733269
5.983200	639.982072
5.984400	637.217469
5.985600	634.439518
5.986800	631.648278
5.988000	628.843807
5.989200	626.026163
5.990400	623.195406
5.991600	620.351594
5.992800	617.494787
5.994000	614.625045
5.995200	611.742428
5.996400	608.846995
5.997600	605.938808
5.998800	603.017927
