0.000000	0.000000
0.001200	0.000000
0.002400	0.000000
0.003600	0.000000
0.004800	0.000000
0.006000	0.000000
0.007200	0.000000
0.008400	0.000000
0.009600	0.000000
0.010800	0.000000
0.012000	0.000000
0.013200	0.000000
0.014400	0.000000
0.015600	0.000000
0.016800	0.000000
0.018000	0.000000
0.019200	0.000000
0.020400	0.000000
0.021600	0.000000
0.022800	0.000000
0.024000	0.000000
0.025200	0.000000
0.026400	0.000000
0.027600	0.000000
0.028800	0.000000
0.030000	0.000000
0.031200	0.000000
0.032400	0.000000
0.033600	0.000000
0.034800	0.000000
0.036000	0.000000
0.037200	0.000000
0.038400	0.000000
0.039600	0.000000
0.040800	0.000000
0.042000	0.000000
0.043200	0.000000
0.044400	0.000000
0.045600	0.000000
0.046800	0.000000
0.048000	0.000000
0.049200	0.000000
0.050400	0.000000
0.051600	0.000000
0.052800	0.000000
0.054000	0.000000
0.055200	0.000000
0.056400	0.000000
0.057600	0.000000
0.058800	0.000000
0.060000	0.000000
0.061200	0.000000
0.062400	0.000000
0.063600	0.000000
0.064800	0.000000
0.066000	0.000000
0.067200	0.000000
0.068400	0.000000
0.069600	0.000000
0.070800	0.000000
0.072000	0.000000
0.073200	0.000000
0.074400	0.000000
0.075600	0.000000
0.076800	0.000000
0.078000	0.000000
0.079200	0.000000
0.080400	0.000000
0.081600	0.000000
0.082800	0.000000
0.084000	0.000000
0.085200	0.000000
0.086400	0.000000
0.087600	0.000000
0.088800	0.000000
0.090000	0.000000
0.091200	0.000000
0.092400	0.000000
0.093600	0.000000
0.094800	0.000000
0.096000	0.000000
0.097200	0.000000
0.098400	0.000000
0.099600	0.000000
0.100800	0.000000
0.102000	0.000000
0.103200	0.000000
0.104400	0.000000
0.105600	0.000000
0.106800	0.000000
0.108000	0.000000
0.109200	0.000000
0.110400	0.000000
0.111600	0.000000
0.112800	0.000000
0.114000	0.000000
0.115200	0.000000
0.116400	0.000000
0.117600	0.000000
0.118800	0.000000
0.120000	0.000000
0.121200	0.000000
0.122400	0.000000
0.123600	0.000000
0.124800	0.000000
0.126000	0.000000
0.127200	0.000000
0.128400	0.000000
0.129600	0.000000
0.130800	0.000000
0.132000	0.000000
0.133200	0.000000
0.134400	0.000000
0.135600	0.000000
0.136800	0.000000
0.138000	0.000000
0.139200	0.000000
0.140400	0.000000
0.141600	0.000000
0.142800	0.000000
0.144000	0.000000
0.145200	0.000000
0.146400	0.000000
0.147600	0.000000
0.148800	0.000000
0.150000	0.000000
0.151200	0.000000
0.152400	0.000000
0.153600	0.000000
0.154800	0.000000
0.156000	0.000000
0.157200	0.000000
0.158400	0.000000
0.159600	0.000000
0.160800	0.000000
0.162000	0.000000
0.163200	0.000000
0.164400	0.000000
0.165600	0.000000
0.166800	0.000000
0.168000	0.000000
0.169200	0.000000
0.170400	0.000000
0.171600	0.000000
0.172800	0.000000
0.174000	0.000000
0.175200	0.000000
0.176400	0.000000
0.177600	0.000000
0.178800	0.000000
0.180000	0.000000
0.181200	0.000000
0.182400	0.000000
0.183600	0.000000
0.184800	0.000000
0.186000	0.000000
0.187200	0.000000
0.188400	0.000000
0.189600	0.000000
0.190800	0.000000
0.192000	0.000000
0.193200	0.000000
0.194400	0.000000
0.195600	0.000000
0.196800	0.000000
0.198000	0.000000
0.199200	0.000000
0.200400	0.000000
0.201600	0.000000
0.202800	0.000000
0.204000	0.000000
0.205200	0.000000
0.206400	0.000000
0.207600	0.000000
0.208800	0.000000
0.210000	0.000000
0.211200	0.000000
0.212400	0.000000
0.213600	0.000000
0.214800	0.000000
0.216000	0.000000
0.217200	0.000000
0.218400	0.000000
0.219600	0.000000
0.220800	0.000000
0.222000	0.000000
0.223200	0.000000
0.224400	0.000000
0.225600	0.000000
0.226800	0.000000
0.228000	0.000000
0.229200	0.000000
0.230400	0.000000
0.231600	0.000000
0.232800	0.000000
0.234000	0.000000
0.235200	0.000000
0.236400	0.000000
0.237600	0.000000
0.238800	0.000000
0.240000	0.000000
0.241200	0.000000
0.242400	0.000000
0.243600	0.000000
0.244800	0.000000
0.246000	0.000000
0.247200	0.000000
0.248400	0.000000
0.249600	0.000000
0.250800	0.000000
0.252000	0.000000
0.253200	0.000000
0.254400	0.000000
0.255600	0.000000
0.256800	0.000000
0.258000	0.000000
0.259200	0.000000
0.260400	0.000000
0.261600	0.000000
0.262800	0.000000
0.264000	0.000000
0.265200	0.000000
0.266400	0.000000
0.267600	0.000000
0.268800	0.000000
0.270000	0.000000
0.271200	0.000000
0.272400	0.000000
0.273600	0.000000
0.274800	0.000000
0.276000	0.000000
0.277200	0.000000
0.278400	0.000000
0.279600	0.000000
0.280800	0.000000
0.282000	0.000000
0.283200	0.000000
0.284400	0.000000
0.285600	0.000000
0.286800	0.000000
0.288000	0.000000
0.289200	0.000000
0.290400	0.000000
0.291600	0.000000
0.292800	0.000000
0.294000	0.000000
0.295200	0.000000
0.296400	0.000000
0.297600	0.000000
0.298800	0.000000
0.300000	0.000000
0.301200	0.000000
0.302400	0.000000
0.303600	0.000000
0.304800	0.000000
0.306000	0.000000
0.307200	0.000000
0.308400	0.000000
0.309600	0.000000
0.310800	0.000000
0.312000	0.000000
0.313200	0.000000
0.314400	0.000000
0.315600	0.000000
0.316800	0.000000
0.318000	0.000000
0.319200	0.000000
0.320400	0.000000
0.321600	0.000000
0.322800	0.000000
0.324000	0.000000
0.325200	0.000000
0.326400	0.000000
0.327600	0.000000
0.328800	0.000000
0.330000	0.000000
0.331200	0.000000
0.332400	0.000000
0.333600	0.000000
0.334800	0.000000
0.336000	0.000000
0.337200	0.000000
0.338400	0.000000
0.339600	0.000000
0.340800	0.000000
0.342000	0.000000
0.343200	0.000000
0.344400	0.000000
0.345600	0.000000
0.346800	0.000000
0.348000	0.000000
0.349200	0.000000
0.350400	0.000000
0.351600	0.000000
0.352800	0.000000
0.354000	0.000000
0.355200	0.000000
0.356400	0.000000
0.357600	0.000000
0.358800	0.000000
0.360000	0.000000
0.361200	0.000000
0.362400	0.000000
0.363600	0.000000
0.364800	0.000000
0.366000	0.000000
0.367200	0.000000
0.368400	0.000000
0.369600	0.000000
0.370800	0.000000
0.372000	0.000000
0.373200	0.000000
0.374400	0.000000
0.375600	0.000000
0.376800	0.000000
0.378000	0.000000
0.379200	0.000000
0.380400	0.000000
0.381600	0.000000
0.382800	0.000000
0.384000	0.000000
0.385200	0.000000
0.386400	0.000000
0.387600	0.000000
0.388800	0.000000
0.390000	0.000000
0.391200	0.000000
0.392400	0.000000
0.393600	0.000000
0.394800	0.000000
0.396000	0.000000
0.397200	0.000000
0.398400	0.000000
0.399600	0.000000
0.400800	0.000000
0.402000	0.000000
0.403200	0.000000
0.404400	0.000000
0.405600	0.000000
0.406800	0.000000
0.408000	0.000000
0.409200	0.000000
0.410400	0.000000
0.411600	0.000000
0.412800	0.000000
0.414000	0.000000
0.415200	0.000000
0.416400	0.000000
0.417600	0.000000
0.418800	0.000000
0.420000	0.000000
0.421200	0.000000
0.422400	0.000000
0.423600	0.000000
0.424800	0.000000
0.426000	0.000000
0.427200	0.000000
0.428400	0.000000
0.429600	0.000000
0.430800	0.000000
0.432000	0.000000
0.433200	0.000000
0.434400	0.000000
0.435600	0.000000
0.436800	0.000000
0.438000	0.000000
0.439200	0.000000
0.440400	0.000000
0.441600	0.000000
0.442800	0.000000
0.444000	0.000000
0.445200	0.000000
0.446400	0.000000
0.447600	0.000000
0.448800	0.000000
0.450000	0.000000
0.451200	0.000000
0.452400	0.000000
0.453600	0.000000
0.454800	0.000000
0.456000	0.000000
0.457200	0.000000
0.458400	0.000000
0.459600	0.000000
0.460800	0.000000
0.462000	0.000000
0.463200	0.000000
0.464400	0.000000
0.465600	0.000000
0.466800	0.000000
0.468000	0.000000
0.469200	0.000000
0.470400	0.000000
0.471600	0.000000
0.472800	0.000000
0.474000	0.000000
0.475200	0.000000
0.476400	0.000000
0.477600	0.000000
0.478800	0.000000
0.480000	0.000000
0.481200	0.000000
0.482400	0.000000
0.483600	0.000000
0.484800	0.000000
0.486000	0.000000
0.487200	0.000000
0.488400	0.000000
0.489600	0.000000
0.490800	0.000000
0.492000	0.000000
0.493200	0.000000
0.494400	0.000000
0.495600	0.000000
0.496800	0.000000
0.498000	0.000000
0.499200	0.000000
0.500400	0.000000
0.501600	0.000000
0.502800	0.000000
0.504000	0.000000
0.505200	0.000000
0.506400	0.000000
0.507600	0.000000
0.508800	0.000000
0.510000	0.000000
0.511200	0.000000
0.512400	0.000000
0.513600	0.000000
0.514800	0.000000
0.516000	0.000000
0.517200	0.000000
0.518400	0.000000
0.519600	0.000000
0.520800	0.000000
0.522000	0.000000
0.523200	0.000000
0.524400	0.000000
0.525600	0.000000
0.526800	0.000000
0.528000	0.000000
0.529200	0.000000
0.530400	0.000000
0.531600	0.000000
0.532800	0.000000
0.534000	0.000000
0.535200	0.000000
0.536400	0.000000
0.537600	0.000000
0.538800	0.000000
0.540000	0.000000
0.541200	0.000000
0.542400	0.000000
0.543600	0.000000
0.544800	0.000000
0.546000	0.000000
0.547200	0.000000
0.548400	0.000000
0.549600	0.000000
0.550800	0.000000
0.552000	0.000000
0.553200	0.000000
0.554400	0.000000
0.555600	0.000000
0.556800	0.000000
0.558000	0.000000
0.559200	0.000000
0.560400	0.000000
0.561600	0.000000
0.562800	0.000000
0.564000	0.000000
0.565200	0.000000
0.566400	0.000000
0.567600	0.000000
0.568800	0.000000
0.570000	0.000000
0.571200	0.000000
0.572400	0.000000
0.573600	0.000000
0.574800	0.000000
0.576000	0.000000
0.577200	0.000000
0.578400	0.000000
0.579600	0.000000
0.580800	0.000000
0.582000	0.000000
0.583200	0.000000
0.584400	0.000000
0.585600	0.000000
0.586800	0.000000
0.588000	0.000000
0.589200	0.000000
0.590400	0.000000
0.591600	0.000000
0.592800	0.000000
0.594000	0.000000
0.595200	0.000000
0.596400	0.000000
0.597600	0.000000
0.598800	0.000000
0.600000	0.000000
0.601200	0.000000
0.602400	0.000000
0.603600	0.000000
0.604800	0.000000
0.606000	0.000000
0.607200	0.000000
0.608400	0.000000
0.609600	0.000000
0.610800	0.000000
0.612000	0.000000
0.613200	0.000000
0.614400	0.000000
0.615600	0.000000
0.616800	0.000000
0.618000	0.000000
0.619200	0.000000
0.620400	0.000000
0.621600	0.000000
0.622800	0.000000
0.624000	0.000000
0.625200	0.000000
0.626400	0.000000
0.627600	0.000000
0.628800	0.000000
0.630000	0.000000
0.631200	0.000000
0.632400	0.000000
0.633600	0.000000
0.634800	0.000000
0.636000	0.000000
0.637200	0.000000
0.638400	0.000000
0.639600	0.000000
0.640800	0.000000
0.642000	0.000000
0.643200	0.000000
0.644400	0.000000
0.645600	0.000000
0.646800	0.000000
0.648000	0.000000
0.649200	0.000000
0.650400	0.000000
0.651600	0.000000
0.652800	0.000000
0.654000	0.000000
0.655200	0.000000
0.656400	0.000000
0.657600	0.000000
0.658800	0.000000
0.660000	0.000000
0.661200	0.000000
0.662400	0.000000
0.663600	0.000000
0.664800	0.000000
0.666000	0.000000
0.667200	0.000000
0.668400	0.000000
0.669600	0.000000
0.670800	0.000000
0.672000	0.000000
0.673200	0.000000
0.674400	0.000000
0.675600	0.000000
0.676800	0.000000
0.678000	0.000000
0.679200	0.000000
0.680400	0.000000
0.681600	0.000000
0.682800	0.000000
0.684000	0.000000
0.685200	0.000000
0.686400	0.000000
0.687600	0.000000
0.688800	0.000000
0.690000	0.000000
0.691200	0.000000
0.692400	0.000000
0.693600	0.000000
0.694800	0.000000
0.696000	0.000000
0.697200	0.000000
0.698400	0.000000
0.699600	0.000000
0.700800	0.000000
0.702000	0.000000
0.703200	0.000000
0.704400	0.000000
0.705600	0.000000
0.706800	0.000000
0.708000	0.000000
0.709200	0.000000
0.710400	0.000000
0.711600	0.000000
0.712800	0.000000
0.714000	0.000000
0.715200	0.000000
0.716400	0.000000
0.717600	0.000000
0.718800	0.000000
0.720000	0.000000
0.721200	0.000000
0.722400	0.000000
0.723600	0.000000
0.724800	0.000000
0.726000	0.000000
0.727200	0.000000
0.728400	0.000000
0.729600	0.000000
0.730800	0.000000
0.732000	0.000000
0.733200	0.000000
0.734400	0.000000
0.735600	0.000000
0.736800	0.000000
0.738000	0.000000
0.739200	0.000000
0.740400	0.000000
0.741600	0.000000
0.742800	0.000000
0.744000	0.000000
0.745200	0.000000
0.746400	0.000000
0.747600	0.000000
0.748800	0.000000
0.750000	0.000000
0.751200	0.000000
0.752400	0.000000
0.753600	0.000000
0.754800	0.000000
0.756000	0.000000
0.757200	0.000000
0.758400	0.000000
0.759600	0.000000
0.760800	0.000000
0.762000	0.000000
0.763200	0.000000
0.764400	0.000000
0.765600	0.000000
0.766800	0.000000
0.768000	0.000000
0.769200	0.000000
0.770400	0.000000
0.771600	0.000000
0.772800	0.000000
0.774000	0.000000
0.775200	0.000000
0.776400	0.000000
0.777600	0.000000
0.778800	0.000000
0.780000	0.000000
0.781200	0.000000
0.782400	0.000000
0.783600	0.000000
0.784800	0.000000
0.786000	0.000000
0.787200	0.000000
0.788400	0.000000
0.789600	0.000000
0.790800	0.000000
0.792000	0.000000
0.793200	0.000000
0.794400	0.000000
0.795600	0.000000
0.796800	0.000000
0.798000	0.000000
0.799200	0.000000
0.800400	0.000000
0.801600	0.000000
0.802800	0.000000
0.804000	0.000000
0.805200	0.000000
0.806400	0.000000
0.807600	0.000000
0.808800	0.000000
0.810000	0.000000
0.811200	0.000000
0.812400	0.000000
0.813600	0.000000
0.814800	0.000000
0.816000	0.000000
0.817200	0.000000
0.818400	0.000000
0.819600	0.000000
0.820800	0.000000
0.822000	0.000000
0.823200	0.000000
0.824400	0.000000
0.825600	0.000000
0.826800	0.000000
0.828000	0.000000
0.829200	0.000000
0.830400	0.000000
0.831600	0.000000
0.832800	0.000000
0.834000	0.000000
0.835200	0.000000
0.836400	0.000000
0.837600	0.000000
0.838800	0.000000
0.840000	0.000000
0.841200	0.000000
0.842400	0.000000
0.843600	0.000000
0.844800	0.000000
0.846000	0.000000
0.847200	0.000000
0.848400	0.000000
0.849600	0.000000
0.850800	0.000000
0.852000	0.000000
0.853200	0.000000
0.854400	0.000000
0.855600	0.000000
0.856800	0.000000
0.858000	0.000000
0.859200	0.000000
0.860400	0.000000
0.861600	0.000000
0.862800	0.000000
0.864000	0.000000
0.865200	0.000000
0.866400	0.000000
0.867600	0.000000
0.868800	0.000000
0.870000	0.000000
0.871200	0.000000
0.872400	0.000000
0.873600	0.000000
0.874800	0.000000
0.876000	0.000000
0.877200	0.000000
0.878400	0.000000
0.879600	0.000000
0.880800	0.000000
0.882000	0.000000
0.883200	0.000000
0.884400	0.000000
0.885600	0.000000
0.886800	0.000000
0.888000	0.000000
0.889200	0.000000
0.890400	0.000000
0.891600	0.000000
0.892800	0.000000
0.894000	0.000000
0.895200	0.000000
0.896400	0.000000
0.897600	0.000000
0.898800	0.000000
0.900000	0.000000
0.901200	0.000000
0.902400	0.000000
0.903600	0.000000
0.904800	0.000000
0.906000	0.000000
0.907200	0.000000
0.908400	0.000000
0.909600	0.000000
0.910800	0.000000
0.912000	0.000000
0.913200	0.000000
0.914400	0.000000
0.915600	0.000000
0.916800	0.000000
0.918000	0.000000
0.919200	0.000000
0.920400	0.000000
0.921600	0.000000
0.922800	0.000000
0.924000	0.000000
0.925200	0.000000
0.926400	0.000000
0.927600	0.000000
0.928800	0.000000
0.930000	0.000000
0.931200	0.000000
0.932400	0.000000
0.933600	0.000000
0.934800	0.000000
0.936000	0.000000
0.937200	0.000000
0.938400	0.000000
0.939600	0.000000
0.940800	0.000000
0.942000	0.000000
0.943200	0.000000
0.944400	0.000000
0.945600	0.000000
0.946800	0.000000
0.948000	0.000000
0.949200	0.000000
0.950400	0.000000
0.951600	0.000000
0.952800	0.000000
0.954000	0.000000
0.955200	0.000000
0.956400	0.000000
0.957600	0.000000
0.958800	0.000000
0.960000	0.000000
0.961200	0.000000
0.962400	0.000000
0.963600	0.000000
0.964800	0.000000
0.966000	0.000000
0.967200	0.000000
0.968400	0.000000
0.969600	0.000000
0.970800	0.000000
0.972000	0.000000
0.973200	0.000000
0.974400	0.000000
0.975600	0.000000
0.976800	0.000000
0.978000	0.000000
0.979200	0.000000
0.980400	0.000000
0.981600	0.000000
0.982800	0.000000
0.984000	0.000000
0.985200	0.000000
0.986400	0.000000
0.987600	0.000000
0.988800	0.000000
0.990000	0.000000
0.991200	0.000000
0.992400	0.000000
0.993600	0.000000
0.994800	0.000000
0.996000	0.000000
0.997200	0.000000
0.998400	0.000000
0.999600	0.000000
1.000800	0.000000
1.002000	0.000000
1.003200	0.000000
1.004400	0.000000
1.005600	0.000000
1.006800	0.000000
1.008000	0.000000
1.009200	0.000000
1.010400	0.000000
1.011600	0.000000
1.012800	0.000000
1.014000	0.000000
1.015200	0.000000
1.016400	0.000000
1.017600	0.000000
1.018800	0.000000
1.020000	0.000000
1.021200	0.000000
1.022400	0.000000
1.023600	0.000000
1.024800	0.000000
1.026000	0.000000
1.027200	0.000000
1.028400	0.000000
1.029600	0.000000
1.030800	0.000000
1.032000	0.000000
1.033200	0.000000
1.034400	0.000000
1.035600	0.000000
1.036800	0.000000
1.038000	0.000000
1.039200	0.000000
1.040400	0.000000
1.041600	0.000000
1.042800	0.000000
1.044000	0.000000
1.045200	0.000000
1.046400	0.000000
1.047600	0.000000
1.048800	0.000000
1.050000	0.000000
1.051200	0.000000
1.052400	0.000000
1.053600	0.000000
1.054800	0.000000
1.056000	0.000000
1.057200	0.000000
1.058400	0.000000
1.059600	0.000000
1.060800	0.000000
1.062000	0.000000
1.063200	0.000000
1.064400	0.000000
1.065600	0.000000
1.066800	0.000000
1.068000	0.000000
1.069200	0.000000
1.070400	0.000000
1.071600	0.000000
1.072800	0.000000
1.074000	0.000000
1.075200	0.000000
1.076400	0.000000
1.077600	0.000000
1.078800	0.000000
1.080000	0.000000
1.081200	0.000000
1.082400	0.000000
1.083600	0.000000
1.084800	0.000000
1.086000	0.000000
1.087200	0.000000
1.088400	0.000000
1.089600	0.000000
1.090800	0.000000
1.092000	0.000000
1.093200	0.000000
1.094400	0.000000
1.095600	0.000000
1.096800	0.000000
1.098000	0.000000
1.099200	0.000000
1.100400	0.000000
1.101600	0.000000
1.102800	0.000000
1.104000	0.000000
1.105200	0.000000
1.106400	0.000000
1.107600	0.000000
1.108800	0.000000
1.110000	0.000000
1.111200	0.000000
1.112400	0.000000
1.113600	0.000000
1.114800	0.000000
1.116000	0.000000
1.117200	0.000000
1.118400	0.000000
1.119600	0.000000
1.120800	0.000000
1.122000	0.000000
1.123200	0.000000
1.124400	0.000000
1.125600	0.000000
1.126800	0.000000
1.128000	0.000000
1.129200	0.000000
1.130400	0.000000
1.131600	0.000000
1.132800	0.000000
1.134000	0.000000
1.135200	0.000000
1.136400	0.000000
1.137600	0.000000
1.138800	0.000000
1.140000	0.000000
1.141200	0.000000
1.142400	0.000000
1.143600	0.000000
1.144800	0.000000
1.146000	0.000000
1.147200	0.000000
1.148400	0.000000
1.149600	0.000000
1.150800	0.000000
1.152000	0.000000
1.153200	0.000000
1.154400	0.000000
1.155600	0.000000
1.156800	0.000000
1.158000	0.000000
1.159200	0.000000
1.160400	0.000000
1.161600	0.000000
1.162800	0.000000
1.164000	0.000000
1.165200	0.000000
1.166400	0.000000
1.167600	0.000000
1.168800	0.000000
1.170000	0.000000
1.171200	0.000000
1.172400	0.000000
1.173600	0.000000
1.174800	0.000000
1.176000	0.000000
1.177200	0.000000
1.178400	0.000000
1.179600	0.000000
1.180800	0.000000
1.182000	0.000000
1.183200	0.000000
1.184400	0.000000
1.185600	0.000000
1.186800	0.000000
1.188000	0.000000
1.189200	0.000000
1.190400	0.000000
1.191600	0.000000
1.192800	0.000000
1.194000	0.000000
1.195200	0.000000
1.196400	0.000000
1.197600	0.000000
1.198800	0.000000
1.200000	0.000000
1.201200	0.000000
1.202400	0.000000
1.203600	0.000000
1.204800	0.000000
1.206000	0.000000
1.207200	0.000000
1.208400	0.000000
1.209600	0.000000
1.210800	0.000000
1.212000	0.000000
1.213200	0.000000
1.214400	0.000000
1.215600	0.000000
1.216800	0.000000
1.218000	0.000000
1.219200	0.000000
1.220400	0.000000
1.221600	0.000000
1.222800	0.000000
1.224000	0.000000
1.225200	0.000000
1.226400	0.000000
1.227600	0.000000
1.228800	0.000000
1.230000	0.000000
1.231200	0.000000
1.232400	0.000000
1.233600	0.000000
1.234800	0.000000
1.236000	0.000000
1.237200	0.000000
1.238400	0.000000
1.239600	0.000000
1.240800	0.000000
1.242000	0.000000
1.243200	0.000000
1.244400	0.000000
1.245600	0.000000
1.246800	0.000000
1.248000	0.000000
1.249200	0.000000
1.250400	0.000000
1.251600	0.000000
1.252800	0.000000
1.254000	0.000000
1.255200	0.000000
1.256400	0.000000
1.257600	0.000000
1.258800	0.000000
1.260000	0.000000
1.261200	0.000000
1.262400	0.000000
1.263600	0.000000
1.264800	0.000000
1.266000	0.000000
1.267200	0.000000
1.268400	0.000000
1.269600	0.000000
1.270800	0.000000
1.272000	0.000000
1.273200	0.000000
1.274400	0.000000
1.275600	0.000000
1.276800	0.000000
1.278000	0.000000
1.279200	0.000000
1.280400	0.000000
1.281600	0.000000
1.282800	0.000000
1.284000	0.000000
1.285200	0.000000
1.286400	0.000000
1.287600	0.000000
1.288800	0.000000
1.290000	0.000000
1.291200	0.000000
1.292400	0.000000
1.293600	0.000000
1.294800	0.000000
1.296000	0.000000
1.297200	0.000000
1.298400	0.000000
1.299600	0.000000
1.300800	0.000000
1.302000	0.000000
1.303200	0.000000
1.304400	0.000000
1.305600	0.000000
1.306800	0.000000
1.308000	0.000000
1.309200	0.000000
1.310400	0.000000
1.311600	0.000000
1.312800	0.000000
1.314000	0.000000
1.315200	0.000000
1.316400	0.000000
1.317600	0.000000
1.318800	0.000000
1.320000	0.000000
1.321200	0.000000
1.322400	0.000000
1.323600	0.000000
1.324800	0.000000
1.326000	0.000000
1.327200	0.000000
1.328400	0.000000
1.329600	0.000000
1.330800	0.000000
1.332000	0.000000
1.333200	0.000000
1.334400	0.000000
1.335600	0.000000
1.336800	0.000000
1.338000	0.000000
1.339200	0.000000
1.340400	0.000000
1.341600	0.000000
1.342800	0.000000
1.344000	0.000000
1.345200	0.000000
1.346400	0.000000
1.347600	0.000000
1.348800	0.000000
1.350000	0.000000
1.351200	0.000000
1.352400	0.000000
1.353600	0.000000
1.354800	0.000000
1.356000	0.000000
1.357200	0.000000
1.358400	0.000000
1.359600	0.000000
1.360800	0.000000
1.362000	0.000000
1.363200	0.000000
1.364400	0.000000
1.365600	0.000000
1.366800	0.000000
1.368000	0.000000
1.369200	0.000000
1.370400	0.000000
1.371600	0.000000
1.372800	0.000000
1.374000	0.000000
1.375200	0.000000
1.376400	0.000000
1.377600	0.000000
1.378800	0.000000
1.380000	0.000000
1.381200	0.000000
1.382400	0.000000
1.383600	0.000000
1.384800	0.000000
1.386000	0.000000
1.387200	0.000000
1.388400	0.000000
1.389600	0.000000
1.390800	0.000000
1.392000	0.000000
1.393200	0.000000
1.394400	0.000000
1.395600	0.000000
1.396800	0.000000
1.398000	0.000000
1.399200	0.000000
1.400400	0.000000
1.401600	0.000000
1.402800	0.000000
1.404000	0.000000
1.405200	0.000000
1.406400	0.000000
1.407600	0.000000
1.408800	0.000000
1.410000	0.000000
1.411200	0.000000
1.412400	0.000000
1.413600	0.000000
1.414800	0.000000
1.416000	0.000000
1.417200	0.000000
1.418400	0.000000
1.419600	0.000000
1.420800	0.000000
1.422000	0.000000
1.423200	0.000000
1.424400	0.000000
1.425600	0.000000
1.426800	0.000000
1.428000	0.000000
1.429200	0.000000
1.430400	0.000000
1.431600	0.000000
1.432800	0.000000
1.434000	0.000000
1.435200	0.000000
1.436400	0.000000
1.437600	0.000000
1.438800	0.000000
1.440000	0.000000
1.441200	0.000000
1.442400	0.000000
1.443600	0.000000
1.444800	0.000000
1.446000	0.000000
1.447200	0.000000
1.448400	0.000000
1.449600	0.000000
1.450800	0.000000
1.452000	0.000000
1.453200	0.000000
1.454400	0.000000
1.455600	0.000000
1.456800	0.000000
1.458000	0.000000
1.459200	0.000000
1.460400	0.000000
1.461600	0.000000
1.462800	0.000000
1.464000	0.000000
1.465200	0.000000
1.466400	0.000000
1.467600	0.000000
1.468800	0.000000
1.470000	0.000000
1.471200	0.000000
1.472400	0.000000
1.473600	0.000000
1.474800	0.000000
1.476000	0.000000
1.477200	0.000000
1.478400	0.000000
1.479600	0.000000
1.480800	0.000000
1.482000	0.000000
1.483200	0.000000
1.484400	0.000000
1.485600	0.000000
1.486800	0.000000
1.488000	0.000000
1.489200	0.000000
1.490400	0.000000
1.491600	0.000000
1.492800	0.000000
1.494000	0.000000
1.495200	0.000000
1.496400	0.000000
1.497600	0.000000
1.498800	0.000000
1.500000	0.000000
1.501200	0.000000
1.502400	0.000000
1.503600	0.000000
1.504800	0.000000
1.506000	0.000000
1.507200	0.000000
1.508400	0.000000
1.509600	0.000000
1.510800	0.000000
1.512000	0.000000
1.513200	0.000000
1.514400	0.000000
1.515600	0.000000
1.516800	0.000000
1.518000	0.000000
1.519200	0.000000
1.520400	0.000000
1.521600	0.000000
1.522800	0.000000
1.524000	0.000000
1.525200	0.000000
1.526400	0.000000
1.527600	0.000000
1.528800	0.000000
1.530000	0.000000
1.531200	0.000000
1.532400	0.000000
1.533600	0.000000
1.534800	0.000000
1.536000	0.000000
1.537200	0.000000
1.538400	0.000000
1.539600	0.000000
1.540800	0.000000
1.542000	0.000000
1.543200	0.000000
1.544400	0.000000
1.545600	0.000000
1.546800	0.000000
1.548000	0.000000
1.549200	0.000000
1.550400	0.000000
1.551600	0.000000
1.552800	0.000000
1.554000	0.000000
1.555200	0.000000
1.556400	0.000000
1.557600	0.000000
1.558800	0.000000
1.560000	0.000000
1.561200	0.000000
1.562400	0.000000
1.563600	0.000000
1.564800	0.000000
1.566000	0.000000
1.567200	0.000000
1.568400	0.000000
1.569600	0.000000
1.570800	0.000000
1.572000	0.000000
1.573200	0.000000
1.574400	0.000000
1.575600	0.000000
1.576800	0.000000
1.578000	0.000000
1.579200	0.000000
1.580400	0.000000
1.581600	0.000000
1.582800	0.000000
1.584000	0.000000
1.585200	0.000000
1.586400	0.000000
1.587600	0.000000
1.588800	0.000000
1.590000	0.000000
1.591200	0.000000
1.592400	0.000000
1.593600	0.000000
1.594800	0.000000
1.596000	0.000000
1.597200	0.000000
1.598400	0.000000
1.599600	0.000000
1.600800	0.000000
1.602000	0.000000
1.603200	0.000000
1.604400	0.000000
1.605600	0.000000
1.606800	0.000000
1.608000	0.000000
1.609200	0.000000
1.610400	0.000000
1.611600	0.000000
1.612800	0.000000
1.614000	0.000000
1.615200	0.000000
1.616400	0.000000
1.617600	0.000000
1.618800	0.000000
1.620000	0.000000
1.621200	0.000000
1.622400	0.000000
1.623600	0.000000
1.624800	0.000000
1.626000	0.000000
1.627200	0.000000
1.628400	0.000000
1.629600	0.000000
1.630800	0.000000
1.632000	0.000000
1.633200	0.000000
1.634400	0.000000
1.635600	0.000000
1.636800	0.000000
1.638000	0.000000
1.639200	0.000000
1.640400	0.000000
1.641600	0.000000
1.642800	0.000000
1.644000	0.000000
1.645200	0.000000
1.646400	0.000000
1.647600	0.000000
1.648800	0.000000
1.650000	0.000000
1.651200	0.000000
1.652400	0.000000
1.653600	0.000000
1.654800	0.000000
1.656000	0.000000
1.657200	0.000000
1.658400	0.000000
1.659600	0.000000
1.660800	0.000000
1.662000	0.000000
1.663200	0.000000
1.664400	0.000000
1.665600	0.000000
1.666800	0.000000
1.668000	0.000000
1.669200	0.000000
1.670400	0.000000
1.671600	0.000000
1.672800	0.000000
1.674000	0.000000
1.675200	0.000000
1.676400	0.000000
1.677600	0.000000
1.678800	0.000000
1.680000	0.000000
1.681200	0.000000
1.682400	0.000000
1.683600	0.000000
1.684800	0.000000
1.686000	0.000000
1.687200	0.000000
1.688400	0.000000
1.689600	0.000000
1.690800	0.000000
1.692000	0.000000
1.693200	0.000000
1.694400	0.000000
1.695600	0.000000
1.696800	0.000000
1.698000	0.000000
1.699200	0.000000
1.700400	0.000000
1.701600	0.000000
1.702800	0.000000
1.704000	0.000000
1.705200	0.000000
1.706400	0.000000
1.707600	0.000000
1.708800	0.000000
1.710000	0.000000
1.711200	0.000000
1.712400	0.000000
1.713600	0.000000
1.714800	0.000000
1.716000	0.000000
1.717200	0.000000
1.718400	0.000000
1.719600	0.000000
1.720800	0.000000
1.722000	0.000000
1.723200	0.000000
1.724400	0.000000
1.725600	0.000000
1.726800	0.000000
1.728000	0.000000
1.729200	0.000000
1.730400	0.000000
1.731600	0.000000
1.732800	0.000000
1.734000	0.000000
1.735200	0.000000
1.736400	0.000000
1.737600	0.000000
1.738800	0.000000
1.740000	0.000000
1.741200	0.000000
1.742400	0.000000
1.743600	0.000000
1.744800	0.000000
1.746000	0.000000
1.747200	0.000000
1.748400	0.000000
1.749600	0.000000
1.750800	0.000000
1.752000	0.000000
1.753200	0.000000
1.754400	0.000000
1.755600	0.000000
1.756800	0.000000
1.758000	0.000000
1.759200	0.000000
1.760400	0.000000
1.761600	0.000000
1.762800	0.000000
1.764000	0.000000
1.765200	0.000000
1.766400	0.000000
1.767600	0.000000
1.768800	0.000000
1.770000	0.000000
1.771200	0.000000
1.772400	0.000000
1.773600	0.000000
1.774800	0.000000
1.776000	0.000000
1.777200	0.000000
1.778400	0.000000
1.779600	0.000000
1.780800	0.000000
1.782000	0.000000
1.783200	0.000000
1.784400	0.000000
1.785600	0.000000
1.786800	0.000000
1.788000	0.000000
1.789200	0.000000
1.790400	0.000000
1.791600	0.000000
1.792800	0.000000
1.794000	0.000000
1.795200	0.000000
1.796400	0.000000
1.797600	0.000000
1.798800	0.000000
1.800000	0.000000
1.801200	0.000000
1.802400	0.000000
1.803600	0.000000
1.804800	0.000000
1.806000	0.000000
1.807200	0.000000
1.808400	0.000000
1.809600	0.000000
1.810800	0.000000
1.812000	0.000000
1.813200	0.000000
1.814400	0.000000
1.815600	0.000000
1.816800	0.000000
1.818000	0.000000
1.819200	0.000000
1.820400	0.000000
1.821600	0.000000
1.822800	0.000000
1.824000	0.000000
1.825200	0.000000
1.826400	0.000000
1.827600	0.000000
1.828800	0.000000
1.830000	0.000000
1.831200	0.000000
1.832400	0.000000
1.833600	0.000000
1.834800	0.000000
1.836000	0.000000
1.837200	0.000000
1.838400	0.000000
1.839600	0.000000
1.840800	0.000000
1.842000	0.000000
1.843200	0.000000
1.844400	0.000000
1.845600	0.000000
1.846800	0.000000
1.848000	0.000000
1.849200	0.000000
1.850400	0.000000
1.851600	0.000000
1.852800	0.000000
1.854000	0.000000
1.855200	0.000000
1.856400	0.000000
1.857600	0.000000
1.858800	0.000000
1.860000	0.000000
1.861200	0.000000
1.862400	0.000000
1.863600	0.000000
1.864800	0.000000
1.866000	0.000000
1.867200	0.000000
1.868400	0.000000
1.869600	0.000000
1.870800	0.000000
1.872000	0.000000
1.873200	0.000000
1.874400	0.000000
1.875600	0.000000
1.876800	0.000000
1.878000	0.000000
1.879200	0.000000
1.880400	0.000000
1.881600	0.000000
1.882800	0.000000
1.884000	0.000000
1.885200	0.000000
1.886400	0.000000
1.887600	0.000000
1.888800	0.000000
1.890000	0.000000
1.891200	0.000000
1.892400	0.000000
1.893600	0.000000
1.894800	0.000000
1.896000	0.000000
1.897200	0.000000
1.898400	0.000000
1.899600	0.000000
1.900800	0.000000
1.902000	0.000000
1.903200	0.000000
1.904400	0.000000
1.905600	0.000000
1.906800	0.000000
1.908000	0.000000
1.909200	0.000000
1.910400	0.000000
1.911600	0.000000
1.912800	0.000000
1.914000	0.000000
1.915200	0.000000
1.916400	0.000000
1.917600	0.000000
1.918800	0.000000
1.920000	0.000000
1.921200	0.000000
1.922400	0.000000
1.923600	0.000000
1.924800	0.000000
1.926000	0.000000
1.927200	0.000000
1.928400	0.000000
1.929600	0.000000
1.930800	0.000000
1.932000	0.000000
1.933200	0.000000
1.934400	0.000000
1.935600	0.000000
1.936800	0.000000
1.938000	0.000000
1.939200	0.000000
1.940400	0.000000
1.941600	0.000000
1.942800	0.000000
1.944000	0.000000
1.945200	0.000000
1.946400	0.000000
1.947600	0.000000
1.948800	0.000000
1.950000	0.000000
1.951200	0.000000
1.952400	0.000000
1.953600	0.000000
1.954800	0.000000
1.956000	0.000000
1.957200	0.000000
1.958400	0.000000
1.959600	0.000000
1.960800	0.000000
1.962000	0.000000
1.963200	0.000000
1.964400	0.000000
1.965600	0.000000
1.966800	0.000000
1.968000	0.000000
1.969200	0.000000
1.970400	0.000000
1.971600	0.000000
1.972800	0.000000
1.974000	0.000000
1.975200	0.000000
1.976400	0.000000
1.977600	0.000000
1.978800	0.000000
1.980000	0.000000
1.981200	0.000000
1.982400	0.000000
1.983600	0.000000
1.984800	0.000000
1.986000	0.000000
1.987200	0.000000
1.988400	0.000000
1.989600	0.000000
1.990800	0.000000
1.992000	0.000000
1.993200	0.000000
1.994400	0.000000
1.995600	0.000000
1.996800	0.000000
1.998000	0.000000
1.999200	0.000000
2.000400	0.000000
2.001600	0.000000
2.002800	0.000000
2.004000	0.000000
2.005200	0.000000
2.006400	0.000000
2.007600	0.000000
2.008800	0.000000
2.010000	0.000000
2.011200	0.000000
2.012400	0.000000
2.013600	0.000000
2.014800	0.000000
2.016000	0.000000
2.017200	0.000000
2.018400	0.000000
2.019600	0.000000
2.020800	0.000000
2.022000	0.000000
2.023200	0.000000
2.024400	0.000000
2.025600	0.000000
2.026800	0.000000
2.028000	0.000000
2.029200	0.000000
2.030400	0.000000
2.031600	0.000000
2.032800	0.000000
2.034000	0.000000
2.035200	0.000000
2.036400	0.000000
2.037600	0.000000
2.038800	0.000000
2.040000	0.000000
2.041200	0.000000
2.042400	0.000000
2.043600	0.000000
2.044800	0.000000
2.046000	0.000000
2.047200	0.000000
2.048400	0.000000
2.049600	0.000000
2.050800	0.000000
2.052000	0.000000
2.053200	0.000000
2.054400	0.000000
2.055600	0.000000
2.056800	0.000000
2.058000	0.000000
2.059200	0.000000
2.060400	0.000000
2.061600	0.000000
2.062800	0.000000
2.064000	0.000000
2.065200	0.000000
2.066400	0.000000
2.067600	0.000000
2.068800	0.000000
2.070000	0.000000
2.071200	0.000000
2.072400	0.000000
2.073600	0.000000
2.074800	0.000000
2.076000	0.000000
2.077200	0.000000
2.078400	0.000000
2.079600	0.000000
2.080800	0.000000
2.082000	0.000000
2.083200	0.000000
2.084400	0.000000
2.085600	0.000000
2.086800	0.000000
2.088000	0.000000
2.089200	0.000000
2.090400	0.000000
2.091600	0.000000
2.092800	0.000000
2.094000	0.000000
2.095200	0.000000
2.096400	0.000000
2.097600	0.000000
2.098800	0.000000
2.100000	0.000000
2.101200	0.000000
2.102400	0.000000
2.103600	0.000000
2.104800	0.000000
2.106000	0.000000
2.107200	0.000000
2.108400	0.000000
2.109600	0.000000
2.110800	0.000000
2.112000	0.000000
2.113200	0.000000
2.114400	0.000000
2.115600	0.000000
2.116800	0.000000
2.118000	0.000000
2.119200	0.000000
2.120400	0.000000
2.121600	0.000000
2.122800	0.000000
2.124000	0.000000
2.125200	0.000000
2.126400	0.000000
2.127600	0.000000
2.128800	0.000000
2.130000	0.000000
2.131200	0.000000
2.132400	0.000000
2.133600	0.000000
2.134800	0.000000
2.136000	0.000000
2.137200	0.000000
2.138400	0.000000
2.139600	0.000000
2.140800	0.000000
2.142000	0.000000
2.143200	0.000000
2.144400	0.000000
2.145600	0.000000
2.146800	0.000000
2.148000	0.000000
2.149200	0.000000
2.150400	0.000000
2.151600	0.000000
2.152800	0.000000
2.154000	0.000000
2.155200	0.000000
2.156400	0.000000
2.157600	0.000000
2.158800	0.000000
2.160000	0.000000
2.161200	0.000000
2.162400	0.000000
2.163600	0.000000
2.164800	0.000000
2.166000	0.000000
2.167200	0.000000
2.168400	0.000000
2.169600	0.000000
2.170800	0.000000
2.172000	0.000000
2.173200	0.000000
2.174400	0.000000
2.175600	0.000000
2.176800	0.000000
2.178000	0.000000
2.179200	0.000000
2.180400	0.000000
2.181600	0.000000
2.182800	0.000000
2.184000	0.000000
2.185200	0.000000
2.186400	0.000000
2.187600	0.000000
2.188800	0.000000
2.190000	0.000000
2.191200	0.000000
2.192400	0.000000
2.193600	0.000000
2.194800	0.000000
2.196000	0.000000
2.197200	0.000000
2.198400	0.000000
2.199600	0.000000
2.200800	0.000000
2.202000	0.000000
2.203200	0.000000
2.204400	0.000000
2.205600	0.000000
2.206800	0.000000
2.208000	0.000000
2.209200	0.000000
2.210400	0.000000
2.211600	0.000000
2.212800	0.000000
2.214000	0.000000
2.215200	0.000000
2.216400	0.000000
2.217600	0.000000
2.218800	0.000000
2.220000	0.000000
2.221200	0.000000
2.222400	0.000000
2.223600	0.000000
2.224800	0.000000
2.226000	0.000000
2.227200	0.000000
2.228400	0.000000
2.229600	0.000000
2.230800	0.000000
2.232000	0.000000
2.233200	0.000000
2.234400	0.000000
2.235600	0.000000
2.236800	0.000000
2.238000	0.000000
2.239200	0.000000
2.240400	0.000000
2.241600	0.000000
2.242800	0.000000
2.244000	0.000000
2.245200	0.000000
2.246400	0.000000
2.247600	0.000000
2.248800	0.000000
2.250000	0.000000
2.251200	0.000000
2.252400	0.000000
2.253600	0.000000
2.254800	0.000000
2.256000	0.000000
2.257200	0.000000
2.258400	0.000000
2.259600	0.000000
2.260800	0.000000
2.262000	0.000000
2.263200	0.000000
2.264400	0.000000
2.265600	0.000000
2.266800	0.000000
2.268000	0.000000
2.269200	0.000000
2.270400	0.000000
2.271600	0.000000
2.272800	0.000000
2.274000	0.000000
2.275200	0.000000
2.276400	0.000000
2.277600	0.000000
2.278800	0.000000
2.280000	0.000000
2.281200	0.000000
2.282400	0.000000
2.283600	0.000000
2.284800	0.000000
2.286000	0.000000
2.287200	0.000000
2.288400	0.000000
2.289600	0.000000
2.290800	0.000000
2.292000	0.000000
2.293200	0.000000
2.294400	0.000000
2.295600	0.000000
2.296800	0.000000
2.298000	0.000000
2.299200	0.000000
2.300400	0.000000
2.301600	0.000000
2.302800	0.000000
2.304000	0.000000
2.305200	0.000000
2.306400	0.000000
2.307600	0.000000
2.308800	0.000000
2.310000	0.000000
2.311200	0.000000
2.312400	0.000000
2.313600	0.000000
2.314800	0.000000
2.316000	0.000000
2.317200	0.000000
2.318400	0.000000
2.319600	0.000000
2.320800	0.000000
2.322000	0.000000
2.323200	0.000000
2.324400	0.000000
2.325600	0.000000
2.326800	0.000000
2.328000	0.000000
2.329200	0.000000
2.330400	0.000000
2.331600	0.000000
2.332800	0.000000
2.334000	0.000000
2.335200	0.000000
2.336400	0.000000
2.337600	0.000000
2.338800	0.000000
2.340000	0.000000
2.341200	0.000000
2.342400	0.000000
2.343600	0.000000
2.344800	0.000000
2.346000	0.000000
2.347200	0.000000
2.348400	0.000000
2.349600	0.000000
2.350800	0.000000
2.352000	0.000000
2.353200	0.000000
2.354400	0.000000
2.355600	0.000000
2.356800	0.000000
2.358000	0.000000
2.359200	0.000000
2.360400	0.000000
2.361600	0.000000
2.362800	0.000000
2.364000	0.000000
2.365200	0.000000
2.366400	0.000000
2.367600	0.000000
2.368800	0.000000
2.370000	0.000000
2.371200	0.000000
2.372400	0.000000
2.373600	0.000000
2.374800	0.000000
2.376000	0.000000
2.377200	0.000000
2.378400	0.000000
2.379600	0.000000
2.380800	0.000000
2.382000	0.000000
2.383200	0.000000
2.384400	0.000000
2.385600	0.000000
2.386800	0.000000
2.388000	0.000000
2.389200	0.000000
2.390400	0.000000
2.391600	0.000000
2.392800	0.000000
2.394000	0.000000
2.395200	0.000000
2.396400	0.000000
2.397600	0.000000
2.398800	0.000000
2.400000	0.000000
2.401200	0.000000
2.402400	0.000000
2.403600	0.000000
2.404800	0.000000
2.406000	0.000000
2.407200	0.000000
2.408400	0.000000
2.409600	0.000000
2.410800	0.000000
2.412000	0.000000
2.413200	0.000000
2.414400	0.000000
2.415600	0.000000
2.416800	0.000000
2.418000	0.000000
2.419200	0.000000
2.420400	0.000000
2.421600	0.000000
2.422800	0.000000
2.424000	0.000000
2.425200	0.000000
2.426400	0.000000
2.427600	0.000000
2.428800	0.000000
2.430000	0.000000
2.431200	0.000000
2.432400	0.000000
2.433600	0.000000
2.434800	0.000000
2.436000	0.000000
2.437200	0.000000
2.438400	0.000000
2.439600	0.000000
2.440800	0.000000
2.442000	0.000000
2.443200	0.000000
2.444400	0.000000
2.445600	0.000000
2.446800	0.000000
2.448000	0.000000
2.449200	0.000000
2.450400	0.000000
2.451600	0.000000
2.452800	0.000000
2.454000	0.000000
2.455200	0.000000
2.456400	0.000000
2.457600	0.000000
2.458800	0.000000
2.460000	0.000000
2.461200	0.000000
2.462400	0.000000
2.463600	0.000000
2.464800	0.000000
2.466000	0.000000
2.467200	0.000000
2.468400	0.000000
2.469600	0.000000
2.470800	0.000000
2.472000	0.000000
2.473200	0.000000
2.474400	0.000000
2.475600	0.000000
2.476800	0.000000
2.478000	0.000000
2.479200	0.000000
2.480400	0.000000
2.481600	0.000000
2.482800	0.000000
2.484000	0.000000
2.485200	0.000000
2.486400	0.000000
2.487600	0.000000
2.488800	0.000000
2.490000	0.000000
2.491200	0.000000
2.492400	0.000000
2.493600	0.000000
2.494800	0.000000
2.496000	0.000000
2.497200	0.000000
2.498400	0.000000
2.499600	0.000000
2.500800	0.000000
2.502000	0.000000
2.503200	0.000000
2.504400	0.000000
2.505600	0.000000
2.506800	0.000000
2.508000	0.000000
2.509200	0.000000
2.510400	0.000000
2.511600	0.000000
2.512800	0.000000
2.514000	0.000000
2.515200	0.000000
2.516400	0.000000
2.517600	0.000000
2.518800	0.000000
2.520000	0.000000
2.521200	0.000000
2.522400	0.000000
2.523600	0.000000
2.524800	0.000000
2.526000	0.000000
2.527200	0.000000
2.528400	0.000000
2.529600	0.000000
2.530800	0.000000
2.532000	0.000000
2.533200	0.000000
2.534400	0.000000
2.535600	0.000000
2.536800	0.000000
2.538000	0.000000
2.539200	0.000000
2.540400	0.000000
2.541600	0.000000
2.542800	0.000000
2.544000	0.000000
2.545200	0.000000
2.546400	0.000000
2.547600	0.000000
2.548800	0.000000
2.550000	0.000000
2.551200	0.000000
2.552400	0.000000
2.553600	0.000000
2.554800	0.000000
2.556000	0.000000
2.557200	0.000000
2.558400	0.000000
2.559600	0.000000
2.560800	0.000000
2.562000	0.000000
2.563200	0.000000
2.564400	0.000000
2.565600	0.000000
2.566800	0.000000
2.568000	0.000000
2.569200	0.000000
2.570400	0.000000
2.571600	0.000000
2.572800	0.000000
2.574000	0.000000
2.575200	0.000000
2.576400	0.000000
2.577600	0.000000
2.578800	0.000000
2.580000	0.000000
2.581200	0.000000
2.582400	0.000000
2.583600	0.000000
2.584800	0.000000
2.586000	0.000000
2.587200	0.000000
2.588400	0.000000
2.589600	0.000000
2.590800	0.000000
2.592000	0.000000
2.593200	0.000000
2.594400	0.000000
2.595600	0.000000
2.596800	0.000000
2.598000	0.000000
2.599200	0.000000
2.600400	0.000000
2.601600	0.000000
2.602800	0.000000
2.604000	0.000000
2.605200	0.000000
2.606400	0.000000
2.607600	0.000000
2.608800	0.000000
2.610000	0.000000
2.611200	0.000000
2.612400	0.000000
2.613600	0.000000
2.614800	0.000000
2.616000	0.000000
2.617200	0.000000
2.618400	0.000000
2.619600	0.000000
2.620800	0.000000
2.622000	0.000000
2.623200	0.000000
2.624400	0.000000
2.625600	0.000000
2.626800	0.000000
2.628000	0.000000
2.629200	0.000000
2.630400	0.000000
2.631600	0.000000
2.632800	0.000000
2.634000	0.000000
2.635200	0.000000
2.636400	0.000000
2.637600	0.000000
2.638800	0.000000
2.640000	0.000000
2.641200	0.000000
2.642400	0.000000
2.643600	0.000000
2.644800	0.000000
2.646000	0.000000
2.647200	0.000000
2.648400	0.000000
2.649600	0.000000
2.650800	0.000000
2.652000	0.000000
2.653200	0.000000
2.654400	0.000000
2.655600	0.000000
2.656800	0.000000
2.658000	0.000000
2.659200	0.000000
2.660400	0.000000
2.661600	0.000000
2.662800	0.000000
2.664000	0.000000
2.665200	0.000000
2.666400	0.000000
2.667600	0.000000
2.668800	0.000000
2.670000	0.000000
2.671200	0.000000
2.672400	0.000000
2.673600	0.000000
2.674800	0.000000
2.676000	0.000000
2.677200	0.000000
2.678400	0.000000
2.679600	0.000000
2.680800	0.000000
2.682000	0.000000
2.683200	0.000000
2.684400	0.000000
2.685600	0.000000
2.686800	0.000000
2.688000	0.000000
2.689200	0.000000
2.690400	0.000000
2.691600	0.000000
2.692800	0.000000
2.694000	0.000000
2.695200	0.000000
2.696400	0.000000
2.697600	0.000000
2.698800	0.000000
2.700000	0.000000
2.701200	0.000000
2.702400	0.000000
2.703600	0.000000
2.704800	0.000000
2.706000	0.000000
2.707200	0.000000
2.708400	0.000000
2.709600	0.000000
2.710800	0.000000
2.712000	0.000000
2.713200	0.000000
2.714400	0.000000
2.715600	0.000000
2.716800	0.000000
2.718000	0.000000
2.719200	0.000000
2.720400	0.000000
2.721600	0.000000
2.722800	0.000000
2.724000	0.000000
2.725200	0.000000
2.726400	0.000000
2.727600	0.000000
2.728800	0.000000
2.730000	0.000000
2.731200	0.000000
2.732400	0.000000
2.733600	0.000000
2.734800	0.000000
2.736000	0.000000
2.737200	0.000000
2.738400	0.000000
2.739600	0.000000
2.740800	0.000000
2.742000	0.000000
2.743200	0.000000
2.744400	0.000000
2.745600	0.000000
2.746800	0.000000
2.748000	0.000000
2.749200	0.000000
2.750400	0.000000
2.751600	0.000000
2.752800	0.000000
2.754000	0.000000
2.755200	0.000000
2.756400	0.000000
2.757600	0.000000
2.758800	0.000000
2.760000	0.000000
2.761200	0.000000
2.762400	0.000000
2.763600	0.000000
2.764800	0.000000
2.766000	0.000000
2.767200	0.000000
2.768400	0.000000
2.769600	0.000000
2.770800	0.000000
2.772000	0.000000
2.773200	0.000000
2.774400	0.000000
2.775600	0.000000
2.776800	0.000000
2.778000	0.000000
2.779200	0.000000
2.780400	0.000000
2.781600	0.000000
2.782800	0.000000
2.784000	0.000000
2.785200	0.000000
2.786400	0.000000
2.787600	0.000000
2.788800	0.000000
2.790000	0.000000
2.791200	0.000000
2.792400	0.000000
2.793600	0.000000
2.794800	0.000000
2.796000	0.000000
2.797200	0.000000
2.798400	0.000000
2.799600	0.000000
2.800800	0.000000
2.802000	0.000000
2.803200	0.000000
2.804400	0.000000
2.805600	0.000000
2.806800	0.000000
2.808000	0.000000
2.809200	0.000000
2.810400	0.000000
2.811600	0.000000
2.812800	0.000000
2.814000	0.000000
2.815200	0.000000
2.816400	0.000000
2.817600	0.000000
2.818800	0.000000
2.820000	0.000000
2.821200	0.000000
2.822400	0.000000
2.823600	0.000000
2.824800	0.000000
2.826000	0.000000
2.827200	0.000000
2.828400	0.000000
2.829600	0.000000
2.830800	0.000000
2.832000	0.000000
2.833200	0.000000
2.834400	0.000000
2.835600	0.000000
2.836800	0.000000
2.838000	0.000000
2.839200	0.000000
2.840400	0.000000
2.841600	0.000000
2.842800	0.000000
2.844000	0.000000
2.845200	0.000000
2.846400	0.000000
2.847600	0.000000
2.848800	0.000000
2.850000	0.000000
2.851200	0.000000
2.852400	0.000000
2.853600	0.000000
2.854800	0.000000
2.856000	0.000000
2.857200	0.000000
2.858400	0.000000
2.859600	0.000000
2.860800	0.000000
2.862000	0.000000
2.863200	0.000000
2.864400	0.000000
2.865600	0.000000
2.866800	0.000000
2.868000	0.000000
2.869200	0.000000
2.870400	0.000000
2.871600	0.000000
2.872800	0.000000
2.874000	0.000000
2.875200	0.000000
2.876400	0.000000
2.877600	0.000000
2.878800	0.000000
2.880000	0.000000
2.881200	0.000000
2.882400	0.000000
2.883600	0.000000
2.884800	0.000000
2.886000	0.000000
2.887200	0.000000
2.888400	0.000000
2.889600	0.000000
2.890800	0.000000
2.892000	0.000000
2.893200	0.000000
2.894400	0.000000
2.895600	0.000000
2.896800	0.000000
2.898000	0.000000
2.899200	0.000000
2.900400	0.000000
2.901600	0.000000
2.902800	0.000000
2.904000	0.000000
2.905200	0.000000
2.906400	0.000000
2.907600	0.000000
2.908800	0.000000
2.910000	0.000000
2.911200	0.000000
2.912400	0.000000
2.913600	0.000000
2.914800	0.000000
2.916000	0.000000
2.917200	0.000000
2.918400	0.000000
2.919600	0.000000
2.920800	0.000000
2.922000	0.000000
2.923200	0.000000
2.924400	0.000000
2.925600	0.000000
2.926800	0.000000
2.928000	0.000000
2.929200	0.000000
2.930400	0.000000
2.931600	0.000000
2.932800	0.000000
2.934000	0.000000
2.935200	0.000000
2.936400	0.000000
2.937600	0.000000
2.938800	0.000000
2.940000	0.000000
2.941200	0.000000
2.942400	0.000000
2.943600	0.000000
2.944800	0.000000
2.946000	0.000000
2.947200	0.000000
2.948400	0.000000
2.949600	0.000000
2.950800	0.000000
2.952000	0.000000
2.953200	0.000000
2.954400	0.000000
2.955600	0.000000
2.956800	0.000000
2.958000	0.000000
2.959200	0.000000
2.960400	0.000000
2.961600	0.000000
2.962800	0.000000
2.964000	0.000000
2.965200	0.000000
2.966400	0.000000
2.967600	0.000000
2.968800	0.000000
2.970000	0.000000
2.971200	0.000000
2.972400	0.000000
2.973600	0.000000
2.974800	0.000000
2.976000	0.000000
2.977200	0.000000
2.978400	0.000000
2.979600	0.000000
2.980800	0.000000
2.982000	0.000000
2.983200	0.000000
2.984400	0.000000
2.985600	0.000000
2.986800	0.000000
2.988000	0.000000
2.989200	0.000000
2.990400	0.000000
2.991600	0.000000
2.992800	0.000000
2.994000	0.000000
2.995200	0.000000
2.996400	0.000000
2.997600	0.000000
2.998800	0.000000
3.000000	0.000000
3.001200	0.000000
3.002400	0.000000
3.003600	0.000000
3.004800	0.000000
3.006000	0.000000
3.007200	0.000000
3.008400	0.000000
3.009600	0.000000
3.010800	0.000000
3.012000	0.000000
3.013200	0.000000
3.014400	0.000000
3.015600	0.000000
3.016800	0.000000
3.018000	0.000000
3.019200	0.000000
3.020400	0.000000
3.021600	0.000000
3.022800	0.000000
3.024000	0.000000
3.025200	0.000000
3.026400	0.000000
3.027600	0.000000
3.028800	0.000000
3.030000	0.000000
3.031200	0.000000
3.032400	0.000000
3.033600	0.000000
3.034800	0.000000
3.036000	0.000000
3.037200	0.000000
3.038400	0.000000
3.039600	0.000000
3.040800	0.000000
3.042000	0.000000
3.043200	0.000000
3.044400	0.000000
3.045600	0.000000
3.046800	0.000000
3.048000	0.000000
3.049200	0.000000
3.050400	0.000000
3.051600	0.000000
3.052800	0.000000
3.054000	0.000000
3.055200	0.000000
3.056400	0.000000
3.057600	0.000000
3.058800	0.000000
3.060000	0.000000
3.061200	0.000000
3.062400	0.000000
3.063600	0.000000
3.064800	0.000000
3.066000	0.000000
3.067200	0.000000
3.068400	0.000000
3.069600	0.000000
3.070800	0.000000
3.072000	0.000000
3.073200	0.000000
3.074400	0.000000
3.075600	0.000000
3.076800	0.000000
3.078000	0.000000
3.079200	0.000000
3.080400	0.000000
3.081600	0.000000
3.082800	0.000000
3.084000	0.000000
3.085200	0.000000
3.086400	0.000000
3.087600	0.000000
3.088800	0.000000
3.090000	0.000000
3.091200	0.000000
3.092400	0.000000
3.093600	0.000000
3.094800	0.000000
3.096000	0.000000
3.097200	0.000000
3.098400	0.000000
3.099600	0.000000
3.100800	0.000000
3.102000	0.000000
3.103200	0.000000
3.104400	0.000000
3.105600	0.000000
3.106800	0.000000
3.108000	0.000000
3.109200	0.000000
3.110400	0.000000
3.111600	0.000000
3.112800	0.000000
3.114000	0.000000
3.115200	0.000000
3.116400	0.000000
3.117600	0.000000
3.118800	0.000000
3.120000	0.000000
3.121200	0.000000
3.122400	0.000000
3.123600	0.000000
3.124800	0.000000
3.126000	0.000000
3.127200	0.000000
3.128400	0.000000
3.129600	0.000000
3.130800	0.000000
3.132000	0.000000
3.133200	0.000000
3.134400	0.000000
3.135600	0.000000
3.136800	0.000000
3.138000	0.000000
3.139200	0.000000
3.140400	0.000000
3.141600	0.000000
3.142800	0.000000
3.144000	0.000000
3.145200	0.000000
3.146400	0.000000
3.147600	0.000000
3.148800	0.000000
3.150000	0.000000
3.151200	0.000000
3.152400	0.000000
3.153600	0.000000
3.154800	0.000000
3.156000	0.000000
3.157200	0.000000
3.158400	0.000000
3.159600	0.000000
3.160800	0.000000
3.162000	0.000000
3.163200	0.000000
3.164400	0.000000
3.165600	0.000000
3.166800	0.000000
3.168000	0.000000
3.169200	0.000000
3.170400	0.000000
3.171600	0.000000
3.172800	0.000000
3.174000	0.000000
3.175200	0.000000
3.176400	0.000000
3.177600	0.000000
3.178800	0.000000
3.180000	0.000000
3.181200	0.000000
3.182400	0.000000
3.183600	0.000000
3.184800	0.000000
3.186000	0.000000
3.187200	0.000000
3.188400	0.000000
3.189600	0.000000
3.190800	0.000000
3.192000	0.000000
3.193200	0.000000
3.194400	0.000000
3.195600	0.000000
3.196800	0.000000
3.198000	0.000000
3.199200	0.000000
3.200400	0.000000
3.201600	0.000000
3.202800	0.000000
3.204000	0.000000
3.205200	0.000000
3.206400	0.000000
3.207600	0.000000
3.208800	0.000000
3.210000	0.000000
3.211200	0.000000
3.212400	0.000000
3.213600	0.000000
3.214800	0.000000
3.216000	0.000000
3.217200	0.000000
3.218400	0.000000
3.219600	0.000000
3.220800	0.000000
3.222000	0.000000
3.223200	0.000000
3.224400	0.000000
3.225600	0.000000
3.226800	0.000000
3.228000	0.000000
3.229200	0.000000
3.230400	0.000000
3.231600	0.000000
3.232800	0.000000
3.234000	0.000000
3.235200	0.000000
3.236400	0.000000
3.237600	0.000000
3.238800	0.000000
3.240000	0.000000
3.241200	0.000000
3.242400	0.000000
3.243600	0.000000
3.244800	0.000000
3.246000	0.000000
3.247200	0.000000
3.248400	0.000000
3.249600	0.000000
3.250800	0.000000
3.252000	0.000000
3.253200	0.000000
3.254400	0.000000
3.255600	0.000000
3.256800	0.000000
3.258000	0.000000
3.259200	0.000000
3.260400	0.000000
3.261600	0.000000
3.262800	0.000000
3.264000	0.000000
3.265200	0.000000
3.266400	0.000000
3.267600	0.000000
3.268800	0.000000
3.270000	0.000000
3.271200	0.000000
3.272400	0.000000
3.273600	0.000000
3.274800	0.000000
3.276000	0.000000
3.277200	0.000000
3.278400	0.000000
3.279600	0.000000
3.280800	0.000000
3.282000	0.000000
3.283200	0.000000
3.284400	0.000000
3.285600	0.000000
3.286800	0.000000
3.288000	0.000000
3.289200	0.000000
3.290400	0.000000
3.291600	0.000000
3.292800	0.000000
3.294000	0.000000
3.295200	0.000000
3.296400	0.000000
3.297600	0.000000
3.298800	0.000000
3.300000	0.000000
3.301200	0.000000
3.302400	0.000000
3.303600	0.000000
3.304800	0.000000
3.306000	0.000000
3.307200	0.000000
3.308400	0.000000
3.309600	0.000000
3.310800	0.000000
3.312000	0.000000
3.313200	0.000000
3.314400	0.000000
3.315600	0.000000
3.316800	0.000000
3.318000	0.000000
3.319200	0.000000
3.320400	0.000000
3.321600	0.000000
3.322800	0.000000
3.324000	0.000000
3.325200	0.000000
3.326400	0.000000
3.327600	0.000000
3.328800	0.000000
3.330000	0.000000
3.331200	0.000000
3.332400	0.000000
3.333600	0.000000
3.334800	0.000000
3.336000	0.000000
3.337200	0.000000
3.338400	0.000000
3.339600	0.000000
3.340800	0.000000
3.342000	0.000000
3.343200	0.000000
3.344400	0.000000
3.345600	0.000000
3.346800	0.000000
3.348000	0.000000
3.349200	0.000000
3.350400	0.000000
3.351600	0.000000
3.352800	0.000000
3.354000	0.000000
3.355200	0.000000
3.356400	0.000000
3.357600	0.000000
3.358800	0.000000
3.360000	0.000000
3.361200	0.000000
3.362400	0.000000
3.363600	0.000000
3.364800	0.000000
3.366000	0.000000
3.367200	0.000000
3.368400	0.000000
3.369600	0.000000
3.370800	0.000000
3.372000	0.000000
3.373200	0.000000
3.374400	0.000000
3.375600	0.000000
3.376800	0.000000
3.378000	0.000000
3.379200	0.000000
3.380400	0.000000
3.381600	0.000000
3.382800	0.000000
3.384000	0.000000
3.385200	0.000000
3.386400	0.000000
3.387600	0.000000
3.388800	0.000000
3.390000	0.000000
3.391200	0.000000
3.392400	0.000000
3.393600	0.000000
3.394800	0.000000
3.396000	0.000000
3.397200	0.000000
3.398400	0.000000
3.399600	0.000000
3.400800	0.000000
3.402000	0.000000
3.403200	0.000000
3.404400	0.000000
3.405600	0.000000
3.406800	0.000000
3.408000	0.000000
3.409200	0.000000
3.410400	0.000000
3.411600	0.000000
3.412800	0.000000
3.414000	0.000000
3.415200	0.000000
3.416400	0.000000
3.417600	0.000000
3.418800	0.000000
3.420000	0.000000
3.421200	0.000000
3.422400	0.000000
3.423600	0.000000
3.424800	0.000000
3.426000	0.000000
3.427200	0.000000
3.428400	0.000000
3.429600	0.000000
3.430800	0.000000
3.432000	0.000000
3.433200	0.000000
3.434400	0.000000
3.435600	0.000000
3.436800	0.000000
3.438000	0.000000
3.439200	0.000000
3.440400	0.000000
3.441600	0.000000
3.442800	0.000000
3.444000	0.000000
3.445200	0.000000
3.446400	0.000000
3.447600	0.000000
3.448800	0.000000
3.450000	0.000000
3.451200	0.000000
3.452400	0.000000
3.453600	0.000000
3.454800	0.000000
3.456000	0.000000
3.457200	0.000000
3.458400	0.000000
3.459600	0.000000
3.460800	0.000000
3.462000	0.000000
3.463200	0.000000
3.464400	0.000000
3.465600	0.000000
3.466800	0.000000
3.468000	0.000000
3.469200	0.000000
3.470400	0.000000
3.471600	0.000000
3.472800	0.000000
3.474000	0.000000
3.475200	0.000000
3.476400	0.000000
3.477600	0.000000
3.478800	0.000000
3.480000	0.000000
3.481200	0.000000
3.482400	0.000000
3.483600	0.000000
3.484800	0.000000
3.486000	0.000000
3.487200	0.000000
3.488400	0.000000
3.489600	0.000000
3.490800	0.000000
3.492000	0.000000
3.493200	0.000000
3.494400	0.000000
3.495600	0.000000
3.496800	0.000000
3.498000	0.000000
3.499200	0.000000
3.500400	0.000000
3.501600	0.000000
3.502800	0.000000
3.504000	0.000000
3.505200	0.000000
3.506400	0.000000
3.507600	0.000000
3.508800	0.000000
3.510000	0.000000
3.511200	0.000000
3.512400	0.000000
3.513600	0.000000
3.514800	0.000000
3.516000	0.000000
3.517200	0.000000
3.518400	0.000000
3.519600	0.000000
3.520800	0.000000
3.522000	0.000000
3.523200	0.000000
3.524400	0.000000
3.525600	0.000000
3.526800	0.000000
3.528000	0.000000
3.529200	0.000000
3.530400	0.000000
3.531600	0.000000
3.532800	0.000000
3.534000	0.000000
3.535200	0.000000
3.536400	0.000000
3.537600	0.000000
3.538800	0.000000
3.540000	0.000000
3.541200	0.000000
3.542400	0.000000
3.543600	0.000000
3.544800	0.000000
3.546000	0.000000
3.547200	0.000000
3.548400	0.000000
3.549600	0.000000
3.550800	0.000000
3.552000	0.000000
3.553200	0.000000
3.554400	0.000000
3.555600	0.000000
3.556800	0.000000
3.558000	0.000000
3.559200	0.000000
3.560400	0.000000
3.561600	0.000000
3.562800	0.000000
3.564000	0.000000
3.565200	0.000000
3.566400	0.000000
3.567600	0.000000
3.568800	0.000000
3.570000	0.000000
3.571200	0.000000
3.572400	0.000000
3.573600	0.000000
3.574800	0.000000
3.576000	0.000000
3.577200	0.000000
3.578400	0.000000
3.579600	0.000000
3.580800	0.000000
3.582000	0.000000
3.583200	0.000000
3.584400	0.000000
3.585600	0.000000
3.586800	0.000000
3.588000	0.000000
3.589200	0.000000
3.590400	0.000000
3.591600	0.000000
3.592800	0.000000
3.594000	0.000000
3.595200	0.000000
3.596400	0.000000
3.597600	0.000000
3.598800	0.000000
3.600000	0.000000
3.601200	0.000000
3.602400	0.000000
3.603600	0.000000
3.604800	0.000000
3.606000	0.000000
3.607200	0.000000
3.608400	0.000000
3.609600	0.000000
3.610800	0.000000
3.612000	0.000000
3.613200	0.000000
3.614400	0.000000
3.615600	0.000000
3.616800	0.000000
3.618000	0.000000
3.619200	0.000000
3.620400	0.000000
3.621600	0.000000
3.622800	0.000000
3.624000	0.000000
3.625200	0.000000
3.626400	0.000000
3.627600	0.000000
3.628800	0.000000
3.630000	0.000000
3.631200	0.000000
3.632400	0.000000
3.633600	0.000000
3.634800	0.000000
3.636000	0.000000
3.637200	0.000000
3.638400	0.000000
3.639600	0.000000
3.640800	0.000000
3.642000	0.000000
3.643200	0.000000
3.644400	0.000000
3.645600	0.000000
3.646800	0.000000
3.648000	0.000000
3.649200	0.000000
3.650400	0.000000
3.651600	0.000000
3.652800	0.000000
3.654000	0.000000
3.655200	0.000000
3.656400	0.000000
3.657600	0.000000
3.658800	0.000000
3.660000	0.000000
3.661200	0.000000
3.662400	0.000000
3.663600	0.000000
3.664800	0.000000
3.666000	0.000000
3.667200	0.000000
3.668400	0.000000
3.669600	0.000000
3.670800	0.000000
3.672000	0.000000
3.673200	0.000000
3.674400	0.000000
3.675600	0.000000
3.676800	0.000000
3.678000	0.000000
3.679200	0.000000
3.680400	0.000000
3.681600	0.000000
3.682800	0.000000
3.684000	0.000000
3.685200	0.000000
3.686400	0.000000
3.687600	0.000000
3.688800	0.000000
3.690000	0.000000
3.691200	0.000000
3.692400	0.000000
3.693600	0.000000
3.694800	0.000000
3.696000	0.000000
3.697200	0.000000
3.698400	0.000000
3.699600	0.000000
3.700800	0.000000
3.702000	0.000000
3.703200	0.000000
3.704400	0.000000
3.705600	0.000000
3.706800	0.000000
3.708000	0.000000
3.709200	0.000000
3.710400	0.000000
3.711600	0.000000
3.712800	0.000000
3.714000	0.000000
3.715200	0.000000
3.716400	0.000000
3.717600	0.000000
3.718800	0.000000
3.720000	0.000000
3.721200	0.000000
3.722400	0.000000
3.723600	0.000000
3.724800	0.000000
3.726000	0.000000
3.727200	0.000000
3.728400	0.000000
3.729600	0.000000
3.730800	0.000000
3.732000	0.000000
3.733200	0.000000
3.734400	0.000000
3.735600	0.000000
3.736800	0.000000
3.738000	0.000000
3.739200	0.000000
3.740400	0.000000
3.741600	0.000000
3.742800	0.000000
3.744000	0.000000
3.745200	0.000000
3.746400	0.000000
3.747600	0.000000
3.748800	0.000000
3.750000	0.000000
3.751200	0.000000
3.752400	0.000000
3.753600	0.000000
3.754800	0.000000
3.756000	0.000000
3.757200	0.000000
3.758400	0.000000
3.759600	0.000000
3.760800	0.000000
3.762000	0.000000
3.763200	0.000000
3.764400	0.000000
3.765600	0.000000
3.766800	0.000000
3.768000	0.000000
3.769200	0.000000
3.770400	0.000000
3.771600	0.000000
3.772800	0.000000
3.774000	0.000000
3.775200	0.000000
3.776400	0.000000
3.777600	0.000000
3.778800	0.000000
3.780000	0.000000
3.781200	0.000000
3.782400	0.000000
3.783600	0.000000
3.784800	0.000000
3.786000	0.000000
3.787200	0.000000
3.788400	0.000000
3.789600	0.000000
3.790800	0.000000
3.792000	0.000000
3.793200	0.000000
3.794400	0.000000
3.795600	0.000000
3.796800	0.000000
3.798000	0.000000
3.799200	0.000000
3.800400	0.000000
3.801600	0.000000
3.802800	0.000000
3.804000	0.000000
3.805200	0.000000
3.806400	0.000000
3.807600	0.000000
3.808800	0.000000
3.810000	0.000000
3.811200	0.000000
3.812400	0.000000
3.813600	0.000000
3.814800	0.000000
3.816000	0.000000
3.817200	0.000000
3.818400	0.000000
3.819600	0.000000
3.820800	0.000000
3.822000	0.000000
3.823200	0.000000
3.824400	0.000000
3.825600	0.000000
3.826800	0.000000
3.828000	0.000000
3.829200	0.000000
3.830400	0.000000
3.831600	0.000000
3.832800	0.000000
3.834000	0.000000
3.835200	0.000000
3.836400	0.000000
3.837600	0.000000
3.838800	0.000000
3.840000	0.000000
3.841200	0.000000
3.842400	0.000000
3.843600	0.000000
3.844800	0.000000
3.846000	0.000000
3.847200	0.000000
3.848400	0.000000
3.849600	0.000000
3.850800	0.000000
3.852000	0.000000
3.853200	0.000000
3.854400	0.000000
3.855600	0.000000
3.856800	0.000000
3.858000	0.000000
3.859200	0.000000
3.860400	0.000000
3.861600	0.000000
3.862800	0.000000
3.864000	0.000000
3.865200	0.000000
3.866400	0.000000
3.867600	0.000000
3.868800	0.000000
3.870000	0.000000
3.871200	0.000000
3.872400	0.000000
3.873600	0.000000
3.874800	0.000000
3.876000	0.000000
3.877200	0.000000
3.878400	0.000000
3.879600	0.000000
3.880800	0.000000
3.882000	0.000000
3.883200	0.000000
3.884400	0.000000
3.885600	0.000000
3.886800	0.000000
3.888000	0.000000
3.889200	0.000000
3.890400	0.000000
3.891600	0.000000
3.892800	0.000000
3.894000	0.000000
3.895200	0.000000
3.896400	0.000000
3.897600	0.000000
3.898800	0.000000
3.900000	0.000000
3.901200	0.000000
3.902400	0.000000
3.903600	0.000000
3.904800	0.000000
3.906000	0.000000
3.907200	0.000000
3.908400	0.000000
3.909600	0.000000
3.910800	0.000000
3.912000	0.000000
3.913200	0.000000
3.914400	0.000000
3.915600	0.000000
3.916800	0.000000
3.918000	0.000000
3.919200	0.000000
3.920400	0.000000
3.921600	0.000000
3.922800	0.000000
3.924000	0.000000
3.925200	0.000000
3.926400	0.000000
3.927600	0.000000
3.928800	0.000000
3.930000	0.000000
3.931200	0.000000
3.932400	0.000000
3.933600	0.000000
3.934800	0.000000
3.936000	0.000000
3.937200	0.000000
3.938400	0.000000
3.939600	0.000000
3.940800	0.000000
3.942000	0.000000
3.943200	0.000000
3.944400	0.000000
3.945600	0.000000
3.946800	0.000000
3.948000	0.000000
3.949200	0.000000
3.950400	0.000000
3.951600	0.000000
3.952800	0.000000
3.954000	0.000000
3.955200	0.000000
3.956400	0.000000
3.957600	0.000000
3.958800	0.000000
3.960000	0.000000
3.961200	0.000000
3.962400	0.000000
3.963600	0.000000
3.964800	0.000000
3.966000	0.000000
3.967200	0.000000
3.968400	0.000000
3.969600	0.000000
3.970800	0.000000
3.972000	0.000000
3.973200	0.000000
3.974400	0.000000
3.975600	0.000000
3.976800	0.000000
3.978000	0.000000
3.979200	0.000000
3.980400	0.000000
3.981600	0.000000
3.982800	0.000000
3.984000	0.000000
3.985200	0.000000
3.986400	0.000000
3.987600	0.000000
3.988800	0.000000
3.990000	0.000000
3.991200	0.000000
3.992400	0.000000
3.993600	0.000000
3.994800	0.000000
3.996000	0.000000
3.997200	0.000000
3.998400	0.000000
3.999600	0.000000
4.000800	0.000000
4.002000	0.000000
4.003200	0.000000
4.004400	0.000000
4.005600	0.000000
4.006800	0.000000
4.008000	0.000000
4.009200	0.000000
4.010400	0.000000
4.011600	0.000000
4.012800	0.000000
4.014000	0.000000
4.015200	0.000000
4.016400	0.000000
4.017600	0.000000
4.018800	0.000000
4.020000	0.000000
4.021200	0.000000
4.022400	0.000000
4.023600	0.000000
4.024800	0.000000
4.026000	0.000000
4.027200	0.000000
4.028400	0.000000
4.029600	0.000000
4.030800	0.000000
4.032000	0.000000
4.033200	0.000000
4.034400	0.000000
4.035600	0.000000
4.036800	0.000000
4.038000	0.000000
4.039200	0.000000
4.040400	0.000000
4.041600	0.000000
4.042800	0.000000
4.044000	0.000000
4.045200	0.000000
4.046400	0.000000
4.047600	0.000000
4.048800	0.000000
4.050000	0.000000
4.051200	0.000000
4.052400	0.000000
4.053600	0.000000
4.054800	0.000000
4.056000	0.000000
4.057200	0.000000
4.058400	0.000000
4.059600	0.000000
4.060800	0.000000
4.062000	0.000000
4.063200	0.000000
4.064400	0.000000
4.065600	0.000000
4.066800	0.000000
4.068000	0.000000
4.069200	0.000000
4.070400	0.000000
4.071600	0.000000
4.072800	0.000000
4.074000	0.000000
4.075200	0.000000
4.076400	0.000000
4.077600	0.000000
4.078800	0.000000
4.080000	0.000000
4.081200	0.000000
4.082400	0.000000
4.083600	0.000000
4.084800	0.000000
4.086000	0.000000
4.087200	0.000000
4.088400	0.000000
4.089600	0.000000
4.090800	0.000000
4.092000	0.000000
4.093200	0.000000
4.094400	0.000000
4.095600	0.000000
4.096800	0.000000
4.098000	0.000000
4.099200	0.000000
4.100400	0.000000
4.101600	0.000000
4.102800	0.000000
4.104000	0.000000
4.105200	0.000000
4.106400	0.000000
4.107600	0.000000
4.108800	0.000000
4.110000	0.000000
4.111200	0.000000
4.112400	0.000000
4.113600	0.000000
4.114800	0.000000
4.116000	0.000000
4.117200	0.000000
4.118400	0.000000
4.119600	0.000000
4.120800	0.000000
4.122000	0.000000
4.123200	0.000000
4.124400	0.000000
4.125600	0.000000
4.126800	0.000000
4.128000	0.000000
4.129200	0.000000
4.130400	0.000000
4.131600	0.000000
4.132800	0.000000
4.134000	0.000000
4.135200	0.000000
4.136400	0.000000
4.137600	0.000000
4.138800	0.000000
4.140000	0.000000
4.141200	0.000000
4.142400	0.000000
4.143600	0.000000
4.144800	0.000000
4.146000	0.000000
4.147200	0.000000
4.148400	0.000000
4.149600	0.000000
4.150800	0.000000
4.152000	0.000000
4.153200	0.000000
4.154400	0.000000
4.155600	0.000000
4.156800	0.000000
4.158000	0.000000
4.159200	0.000000
4.160400	0.000000
4.161600	0.000000
4.162800	0.000000
4.164000	0.000000
4.165200	0.000000
4.166400	0.000000
4.167600	0.000000
4.168800	0.000000
4.170000	0.000000
4.171200	0.000000
4.172400	0.000000
4.173600	0.000000
4.174800	0.000000
4.176000	0.000000
4.177200	0.000000
4.178400	0.000000
4.179600	0.000000
4.180800	0.000000
4.182000	0.000000
4.183200	0.000000
4.184400	0.000000
4.185600	0.000000
4.186800	0.000000
4.188000	0.000000
4.189200	0.000000
4.190400	0.000000
4.191600	0.000000
4.192800	0.000000
4.194000	0.000000
4.195200	0.000000
4.196400	0.000000
4.197600	0.000000
4.198800	0.000000
4.200000	0.000000
4.201200	0.000000
4.202400	0.000000
4.203600	0.000000
4.204800	0.000000
4.206000	0.000000
4.207200	0.000000
4.208400	0.000000
4.209600	0.000000
4.210800	0.000000
4.212000	0.000000
4.213200	0.000000
4.214400	0.000000
4.215600	0.000000
4.216800	0.000000
4.218000	0.000000
4.219200	0.000000
4.220400	0.000000
4.221600	0.000000
4.222800	0.000000
4.224000	0.000000
4.225200	0.000000
4.226400	0.000000
4.227600	0.000000
4.228800	0.000000
4.230000	0.000000
4.231200	0.000000
4.232400	0.000000
4.233600	0.000000
4.234800	0.000000
4.236000	0.000000
4.237200	0.000000
4.238400	0.000000
4.239600	0.000000
4.240800	0.000000
4.242000	0.000000
4.243200	0.000000
4.244400	0.000000
4.245600	0.000000
4.246800	0.000000
4.248000	0.000000
4.249200	0.000000
4.250400	0.000000
4.251600	0.000000
4.252800	0.000000
4.254000	0.000000
4.255200	0.000000
4.256400	0.000000
4.257600	0.000000
4.258800	0.000000
4.260000	0.000000
4.261200	0.000000
4.262400	0.000000
4.263600	0.000000
4.264800	0.000000
4.266000	0.000000
4.267200	0.000000
4.268400	0.000000
4.269600	0.000000
4.270800	0.000000
4.272000	0.000000
4.273200	0.000000
4.274400	0.000000
4.275600	0.000000
4.276800	0.000000
4.278000	0.000000
4.279200	0.000000
4.280400	0.000000
4.281600	0.000000
4.282800	0.000000
4.284000	0.000000
4.285200	0.000000
4.286400	0.000000
4.287600	0.000000
4.288800	0.000000
4.290000	0.000000
4.291200	0.000000
4.292400	0.000000
4.293600	0.000000
4.294800	0.000000
4.296000	0.000000
4.297200	0.000000
4.298400	0.000000
4.299600	0.000000
4.300800	0.000000
4.302000	0.000000
4.303200	0.000000
4.304400	0.000000
4.305600	0.000000
4.306800	0.000000
4.308000	0.000000
4.309200	0.000000
4.310400	0.000000
4.311600	0.000000
4.312800	0.000000
4.314000	0.000000
4.315200	0.000000
4.316400	0.000000
4.317600	0.000000
4.318800	0.000000
4.320000	0.000000
4.321200	0.000000
4.322400	0.000000
4.323600	0.000000
4.324800	0.000000
4.326000	0.000000
4.327200	0.000000
4.328400	0.000000
4.329600	0.000000
4.330800	0.000000
4.332000	0.000000
4.333200	0.000000
4.334400	0.000000
4.335600	0.000000
4.336800	0.000000
4.338000	0.000000
4.339200	0.000000
4.340400	0.000000
4.341600	0.000000
4.342800	0.000000
4.344000	0.000000
4.345200	0.000000
4.346400	0.000000
4.347600	0.000000
4.348800	0.000000
4.350000	0.000000
4.351200	0.000000
4.352400	0.000000
4.353600	0.000000
4.354800	0.000000
4.356000	0.000000
4.357200	0.000000
4.358400	0.000000
4.359600	0.000000
4.360800	0.000000
4.362000	0.000000
4.363200	0.000000
4.364400	0.000000
4.365600	0.000000
4.366800	0.000000
4.368000	0.000000
4.369200	0.000000
4.370400	0.000000
4.371600	0.000000
4.372800	0.000000
4.374000	0.000000
4.375200	0.000000
4.376400	0.000000
4.377600	0.000000
4.378800	0.000000
4.380000	0.000000
4.381200	0.000000
4.382400	0.000000
4.383600	0.000000
4.384800	0.000000
4.386000	0.000000
4.387200	0.000000
4.388400	0.000000
4.389600	0.000000
4.390800	0.000000
4.392000	0.000000
4.393200	0.000000
4.394400	0.000000
4.395600	0.000000
4.396800	0.000000
4.398000	0.000000
4.399200	0.000000
4.400400	0.000000
4.401600	0.000000
4.402800	0.000000
4.404000	0.000000
4.405200	0.000000
4.406400	0.000000
4.407600	0.000000
4.408800	0.000000
4.410000	0.000000
4.411200	0.000000
4.412400	0.000000
4.413600	0.000000
4.414800	0.000000
4.416000	0.000000
4.417200	0.000000
4.418400	0.000000
4.419600	0.000000
4.420800	0.000000
4.422000	0.000000
4.423200	0.000000
4.424400	0.000000
4.425600	0.000000
4.426800	0.000000
4.428000	0.000000
4.429200	0.000000
4.430400	0.000000
4.431600	0.000000
4.432800	0.000000
4.434000	0.000000
4.435200	0.000000
4.436400	0.000000
4.437600	0.000000
4.438800	0.000000
4.440000	0.000000
4.441200	0.000000
4.442400	0.000000
4.443600	0.000000
4.444800	0.000000
4.446000	0.000000
4.447200	0.000000
4.448400	0.000000
4.449600	0.000000
4.450800	0.000000
4.452000	0.000000
4.453200	0.000000
4.454400	0.000000
4.455600	0.000000
4.456800	0.000000
4.458000	0.000000
4.459200	0.000000
4.460400	0.000000
4.461600	0.000000
4.462800	0.000000
4.464000	0.000000
4.465200	0.000000
4.466400	0.000000
4.467600	0.000000
4.468800	0.000000
4.470000	0.000000
4.471200	0.000000
4.472400	0.000000
4.473600	0.000000
4.474800	0.000000
4.476000	0.000000
4.477200	0.000000
4.478400	0.000000
4.479600	0.000000
4.480800	0.000000
4.482000	0.000000
4.483200	0.000000
4.484400	0.000000
4.485600	0.000000
4.486800	0.000000
4.488000	0.000000
4.489200	0.000000
4.490400	0.000000
4.491600	0.000000
4.492800	0.000000
4.494000	0.000000
4.495200	0.000000
4.496400	0.000000
4.497600	0.000000
4.498800	0.000000
4.500000	0.000000
4.501200	0.000000
4.502400	0.000000
4.503600	0.000000
4.504800	0.000000
4.506000	0.000000
4.507200	0.000000
4.508400	0.000000
4.509600	0.000000
4.510800	0.000000
4.512000	0.000000
4.513200	0.000000
4.514400	0.000000
4.515600	0.000000
4.516800	0.000000
4.518000	0.000000
4.519200	0.000000
4.520400	0.000000
4.521600	0.000000
4.522800	0.000000
4.524000	0.000000
4.525200	0.000000
4.526400	0.000000
4.527600	0.000000
4.528800	0.000000
4.530000	0.000000
4.531200	0.000000
4.532400	0.000000
4.533600	0.000000
4.534800	0.000000
4.536000	0.000000
4.537200	0.000000
4.538400	0.000000
4.539600	0.000000
4.540800	0.000000
4.542000	0.000000
4.543200	0.000000
4.544400	0.000000
4.545600	0.000000
4.546800	0.000000
4.548000	0.000000
4.549200	0.000000
4.550400	0.000000
4.551600	0.000000
4.552800	0.000000
4.554000	0.000000
4.555200	0.000000
4.556400	0.000000
4.557600	0.000000
4.558800	0.000000
4.560000	0.000000
4.561200	0.000000
4.562400	0.000000
4.563600	0.000000
4.564800	0.000000
4.566000	0.000000
4.567200	0.000000
4.568400	0.000000
4.569600	0.000000
4.570800	0.000000
4.572000	0.000000
4.573200	0.000000
4.574400	0.000000
4.575600	0.000000
4.576800	0.000000
4.578000	0.000000
4.579200	0.000000
4.580400	0.000000
4.581600	0.000000
4.582800	0.000000
4.584000	0.000000
4.585200	0.000000
4.586400	0.000000
4.587600	0.000000
4.588800	0.000000
4.590000	0.000000
4.591200	0.000000
4.592400	0.000000
4.593600	0.000000
4.594800	0.000000
4.596000	0.000000
4.597200	0.000000
4.598400	0.000000
4.599600	0.000000
4.600800	0.000000
4.602000	0.000000
4.603200	0.000000
4.604400	0.000000
4.605600	0.000000
4.606800	0.000000
4.608000	0.000000
4.609200	0.000000
4.610400	0.000000
4.611600	0.000000
4.612800	0.000000
4.614000	0.000000
4.615200	0.000000
4.616400	0.000000
4.617600	0.000000
4.618800	0.000000
4.620000	0.000000
4.621200	0.000000
4.622400	0.000000
4.623600	0.000000
4.624800	0.000000
4.626000	0.000000
4.627200	0.000000
4.628400	0.000000
4.629600	0.000000
4.630800	0.000000
4.632000	0.000000
4.633200	0.000000
4.634400	0.000000
4.635600	0.000000
4.636800	0.000000
4.638000	0.000000
4.639200	0.000000
4.640400	0.000000
4.641600	0.000000
4.642800	0.000000
4.644000	0.000000
4.645200	0.000000
4.646400	0.000000
4.647600	0.000000
4.648800	0.000000
4.650000	0.000000
4.651200	0.000000
4.652400	0.000000
4.653600	0.000000
4.654800	0.000000
4.656000	0.000000
4.657200	0.000000
4.658400	0.000000
4.659600	0.000000
4.660800	0.000000
4.662000	0.000000
4.663200	0.000000
4.664400	0.000000
4.665600	0.000000
4.666800	0.000000
4.668000	0.000000
4.669200	0.000000
4.670400	0.000000
4.671600	0.000000
4.672800	0.000000
4.674000	0.000000
4.675200	0.000000
4.676400	0.000000
4.677600	0.000000
4.678800	0.000000
4.680000	0.000000
4.681200	0.000000
4.682400	0.000000
4.683600	0.000000
4.684800	0.000000
4.686000	0.000000
4.687200	0.000000
4.688400	0.000000
4.689600	0.000000
4.690800	0.000000
4.692000	0.000000
4.693200	0.000000
4.694400	0.000000
4.695600	0.000000
4.696800	0.000000
4.698000	0.000000
4.699200	0.000000
4.700400	0.000000
4.701600	0.000000
4.702800	0.000000
4.704000	0.000000
4.705200	0.000000
4.706400	0.000000
4.707600	0.000000
4.708800	0.000000
4.710000	0.000000
4.711200	0.000000
4.712400	0.000000
4.713600	0.000000
4.714800	0.000000
4.716000	0.000000
4.717200	0.000000
4.718400	0.000000
4.719600	0.000000
4.720800	0.000000
4.722000	0.000000
4.723200	0.000000
4.724400	0.000000
4.725600	0.000000
4.726800	0.000000
4.728000	0.000000
4.729200	0.000000
4.730400	0.000000
4.731600	0.000000
4.732800	0.000000
4.734000	0.000000
4.735200	0.000000
4.736400	0.000000
4.737600	0.000000
4.738800	0.000000
4.740000	0.000000
4.741200	0.000000
4.742400	0.000000
4.743600	0.000000
4.744800	0.000000
4.746000	0.000000
4.747200	0.000000
4.748400	0.000000
4.749600	0.000000
4.750800	0.000000
4.752000	0.000000
4.753200	0.000000
4.754400	0.000000
4.755600	0.000000
4.756800	0.000000
4.758000	0.000000
4.759200	0.000000
4.760400	0.000000
4.761600	0.000000
4.762800	0.000000
4.764000	0.000000
4.765200	0.000000
4.766400	0.000000
4.767600	0.000000
4.768800	0.000000
4.770000	0.000000
4.771200	0.000000
4.772400	0.000000
4.773600	0.000000
4.774800	0.000000
4.776000	0.000000
4.777200	0.000000
4.778400	0.000000
4.779600	0.000000
4.780800	0.000000
4.782000	0.000000
4.783200	0.000000
4.784400	0.000000
4.785600	0.000000
4.786800	0.000000
4.788000	0.000000
4.789200	0.000000
4.790400	0.000000
4.791600	0.000000
4.792800	0.000000
4.794000	0.000000
4.795200	0.000000
4.796400	0.000000
4.797600	0.000000
4.798800	0.000000
4.800000	0.000000
4.801200	0.000000
4.802400	0.000000
4.803600	0.000000
4.804800	0.000000
4.806000	0.000000
4.807200	0.000000
4.808400	0.000000
4.809600	0.000000
4.810800	0.000000
4.812000	0.000000
4.813200	0.000000
4.814400	0.000000
4.815600	0.000000
4.816800	0.000000
4.818000	0.000000
4.819200	0.000000
4.820400	0.000000
4.821600	0.000000
4.822800	0.000000
4.824000	0.000000
4.825200	0.000000
4.826400	0.000000
4.827600	0.000000
4.828800	0.000000
4.830000	0.000000
4.831200	0.000000
4.832400	0.000000
4.833600	0.000000
4.834800	0.000000
4.836000	0.000000
4.837200	0.000000
4.838400	0.000000
4.839600	0.000000
4.840800	0.000000
4.842000	0.000000
4.843200	0.000000
4.844400	0.000000
4.845600	0.000000
4.846800	0.000000
4.848000	0.000000
4.849200	0.000000
4.850400	0.000000
4.851600	0.000000
4.852800	0.000000
4.854000	0.000000
4.855200	0.000000
4.856400	0.000000
4.857600	0.000000
4.858800	0.000000
4.860000	0.000000
4.861200	0.000000
4.862400	0.000000
4.863600	0.000000
4.864800	0.000000
4.866000	0.000000
4.867200	0.000000
4.868400	0.000000
4.869600	0.000000
4.870800	0.000000
4.872000	0.000000
4.873200	0.000000
4.874400	0.000000
4.875600	0.000000
4.876800	0.000000
4.878000	0.000000
4.879200	0.000000
4.880400	0.000000
4.881600	0.000000
4.882800	0.000000
4.884000	0.000000
4.885200	0.000000
4.886400	0.000000
4.887600	0.000000
4.888800	0.000000
4.890000	0.000000
4.891200	0.000000
4.892400	0.000000
4.893600	0.000000
4.894800	0.000000
4.896000	0.000000
4.897200	0.000000
4.898400	0.000000
4.899600	0.000000
4.900800	0.000000
4.902000	0.000000
4.903200	0.000000
4.904400	0.000000
4.905600	0.000000
4.906800	0.000000
4.908000	0.000000
4.909200	0.000000
4.910400	0.000000
4.911600	0.000000
4.912800	0.000000
4.914000	0.000000
4.915200	0.000000
4.916400	0.000000
4.917600	0.000000
4.918800	0.000000
4.920000	0.000000
4.921200	0.000000
4.922400	0.000000
4.923600	0.000000
4.924800	0.000000
4.926000	0.000000
4.927200	0.000000
4.928400	0.000000
4.929600	0.000000
4.930800	0.000000
4.932000	0.000000
4.933200	0.000000
4.934400	0.000000
4.935600	0.000000
4.936800	0.000000
4.938000	0.000000
4.939200	0.000000
4.940400	0.000000
4.941600	0.000000
4.942800	0.000000
4.944000	0.000000
4.945200	0.000000
4.946400	0.000000
4.947600	0.000000
4.948800	0.000000
4.950000	0.000000
4.951200	0.000000
4.952400	0.000000
4.953600	0.000000
4.954800	0.000000
4.956000	0.000000
4.957200	0.000000
4.958400	0.000000
4.959600	0.000000
4.960800	0.000000
4.962000	0.000000
4.963200	0.000000
4.964400	0.000000
4.965600	0.000000
4.966800	0.000000
4.968000	0.000000
4.969200	0.000000
4.970400	0.000000
4.971600	0.000000
4.972800	0.000000
4.974000	0.000000
4.975200	0.000000
4.976400	0.000000
4.977600	0.000000
4.978800	0.000000
4.980000	0.000000
4.981200	0.000000
4.982400	0.000000
4.983600	0.000000
4.984800	0.000000
4.986000	0.000000
4.987200	0.000000
4.988400	0.000000
4.989600	0.000000
4.990800	0.000000
4.992000	0.000000
4.993200	0.000000
4.994400	0.000000
4.995600	0.000000
4.996800	0.000000
4.998000	0.000000
4.999200	0.000000
5.000400	0.000000
5.001600	0.000000
5.002800	0.000000
5.004000	0.000000
5.005200	0.000000
5.006400	0.000000
5.007600	0.000000
5.008800	0.000000
5.010000	0.000000
5.011200	0.000000
5.012400	0.000000
5.013600	0.000000
5.014800	0.000000
5.016000	0.000000
5.017200	0.000000
5.018400	0.000000
5.019600	0.000000
5.020800	0.000000
5.022000	0.000000
5.023200	0.000000
5.024400	0.000000
5.025600	0.000000
5.026800	0.000000
5.028000	0.000000
5.029200	0.000000
5.030400	0.000000
5.031600	0.000000
5.032800	0.000000
5.034000	0.000000
5.035200	0.000000
5.036400	0.000000
5.037600	0.000000
5.038800	0.000000
5.040000	0.000000
5.041200	0.000000
5.042400	0.000000
5.043600	0.000000
5.044800	0.000000
5.046000	0.000000
5.047200	0.000000
5.048400	0.000000
5.049600	0.000000
5.050800	0.000000
5.052000	0.000000
5.053200	0.000000
5.054400	0.000000
5.055600	0.000000
5.056800	0.000000
5.058000	0.000000
5.059200	0.000000
5.060400	0.000000
5.061600	0.000000
5.062800	0.000000
5.064000	0.000000
5.065200	0.000000
5.066400	0.000000
5.067600	0.000000
5.068800	0.000000
5.070000	0.000000
5.071200	0.000000
5.072400	0.000000
5.073600	0.000000
5.074800	0.000000
5.076000	0.000000
5.077200	0.000000
5.078400	0.000000
5.079600	0.000000
5.080800	0.000000
5.082000	0.000000
5.083200	0.000000
5.084400	0.000000
5.085600	0.000000
5.086800	0.000000
5.088000	0.000000
5.089200	0.000000
5.090400	0.000000
5.091600	0.000000
5.092800	0.000000
5.094000	0.000000
5.095200	0.000000
5.096400	0.000000
5.097600	0.000000
5.098800	0.000000
5.100000	0.000000
5.101200	0.000000
5.102400	0.000000
5.103600	0.000000
5.104800	0.000000
5.106000	0.000000
5.107200	0.000000
5.108400	0.000000
5.109600	0.000000
5.110800	0.000000
5.112000	0.000000
5.113200	0.000000
5.114400	0.000000
5.115600	0.000000
5.116800	0.000000
5.118000	0.000000
5.119200	0.000000
5.120400	0.000000
5.121600	0.000000
5.122800	0.000000
5.124000	0.000000
5.125200	0.000000
5.126400	0.000000
5.127600	0.000000
5.128800	0.000000
5.130000	0.000000
5.131200	0.000000
5.132400	0.000000
5.133600	0.000000
5.134800	0.000000
5.136000	0.000000
5.137200	0.000000
5.138400	0.000000
5.139600	0.000000
5.140800	0.000000
5.142000	0.000000
5.143200	0.000000
5.144400	0.000000
5.145600	0.000000
5.146800	0.000000
5.148000	0.000000
5.149200	0.000000
5.150400	0.000000
5.151600	0.000000
5.152800	0.000000
5.154000	0.000000
5.155200	0.000000
5.156400	0.000000
5.157600	0.000000
5.158800	0.000000
5.160000	0.000000
5.161200	0.000000
5.162400	0.000000
5.163600	0.000000
5.164800	0.000000
5.166000	0.000000
5.167200	0.000000
5.168400	0.000000
5.169600	0.000000
5.170800	0.000000
5.172000	0.000000
5.173200	0.000000
5.174400	0.000000
5.175600	0.000000
5.176800	0.000000
5.178000	0.000000
5.179200	0.000000
5.180400	0.000000
5.181600	0.000000
5.182800	0.000000
5.184000	0.000000
5.185200	0.000000
5.186400	0.000000
5.187600	0.000000
5.188800	0.000000
5.190000	0.000000
5.191200	0.000000
5.192400	0.000000
5.193600	0.000000
5.194800	0.000000
5.196000	0.000000
5.197200	0.000000
5.198400	0.000000
5.199600	0.000000
5.200800	0.000000
5.202000	0.000000
5.203200	0.000000
5.204400	0.000000
5.205600	0.000000
5.206800	0.000000
5.208000	0.000000
5.209200	0.000000
5.210400	0.000000
5.211600	0.000000
5.212800	0.000000
5.214000	0.000000
5.215200	0.000000
5.216400	0.000000
5.217600	0.000000
5.218800	0.000000
5.220000	0.000000
5.221200	0.000000
5.222400	0.000000
5.223600	0.000000
5.224800	0.000000
5.226000	0.000000
5.227200	0.000000
5.228400	0.000000
5.229600	0.000000
5.230800	0.000000
5.232000	0.000000
5.233200	0.000000
5.234400	0.000000
5.235600	0.000000
5.236800	0.000000
5.238000	0.000000
5.239200	0.000000
5.240400	0.000000
5.241600	0.000000
5.242800	0.000000
5.244000	0.000000
5.245200	0.000000
5.246400	0.000000
5.247600	0.000000
5.248800	0.000000
5.250000	0.000000
5.251200	0.000000
5.252400	0.000000
5.253600	0.000000
5.254800	0.000000
5.256000	0.000000
5.257200	0.000000
5.258400	0.000000
5.259600	0.000000
5.260800	0.000000
5.262000	0.000000
5.263200	0.000000
5.264400	0.000000
5.265600	0.000000
5.266800	0.000000
5.268000	0.000000
5.269200	0.000000
5.270400	0.000000
5.271600	0.000000
5.272800	0.000000
5.274000	0.000000
5.275200	0.000000
5.276400	0.000000
5.277600	0.000000
5.278800	0.000000
5.280000	0.000000
5.281200	0.000000
5.282400	0.000000
5.283600	0.000000
5.284800	0.000000
5.286000	0.000000
5.287200	0.000000
5.288400	0.000000
5.289600	0.000000
5.290800	0.000000
5.292000	0.000000
5.293200	0.000000
5.294400	0.000000
5.295600	0.000000
5.296800	0.000000
5.298000	0.000000
5.299200	0.000000
5.300400	0.000000
5.301600	0.000000
5.302800	0.000000
5.304000	0.000000
5.305200	0.000000
5.306400	0.000000
5.307600	0.000000
5.308800	0.000000
5.310000	0.000000
5.311200	0.000000
5.312400	0.000000
5.313600	0.000000
5.314800	0.000000
5.316000	0.000000
5.317200	0.000000
5.318400	0.000000
5.319600	0.000000
5.320800	0.000000
5.322000	0.000000
5.323200	0.000000
5.324400	0.000000
5.325600	0.000000
5.326800	0.000000
5.328000	0.000000
5.329200	0.000000
5.330400	0.000000
5.331600	0.000000
5.332800	0.000000
5.334000	0.000000
5.335200	0.000000
5.336400	0.000000
5.337600	0.000000
5.338800	0.000000
5.340000	0.000000
5.341200	0.000000
5.342400	0.000000
5.343600	0.000000
5.344800	0.000000
5.346000	0.000000
5.347200	0.000000
5.348400	0.000000
5.349600	0.000000
5.350800	0.000000
5.352000	0.000000
5.353200	0.000000
5.354400	0.000000
5.355600	0.000000
5.356800	0.000000
5.358000	0.000000
5.359200	0.000000
5.360400	0.000000
5.361600	0.000000
5.362800	0.000000
5.364000	0.000000
5.365200	0.000000
5.366400	0.000000
5.367600	0.000000
5.368800	0.000000
5.370000	0.000000
5.371200	0.000000
5.372400	0.000000
5.373600	0.000000
5.374800	0.000000
5.376000	0.000000
5.377200	0.000000
5.378400	0.000000
5.379600	0.000000
5.380800	0.000000
5.382000	0.000000
5.383200	0.000000
5.384400	0.000000
5.385600	0.000000
5.386800	0.000000
5.388000	0.000000
5.389200	0.000000
5.390400	0.000000
5.391600	0.000000
5.392800	0.000000
5.394000	0.000000
5.395200	0.000000
5.396400	0.000000
5.397600	0.000000
5.398800	0.000000
5.400000	0.000000
5.401200	0.000000
5.402400	0.000000
5.403600	0.000000
5.404800	0.000000
5.406000	0.000000
5.407200	0.000000
5.408400	0.000000
5.409600	0.000000
5.410800	0.000000
5.412000	0.000000
5.413200	0.000000
5.414400	0.000000
5.415600	0.000000
5.416800	0.000000
5.418000	0.000000
5.419200	0.000000
5.420400	0.000000
5.421600	0.000000
5.422800	0.000000
5.424000	0.000000
5.425200	0.000000
5.426400	0.000000
5.427600	0.000000
5.428800	0.000000
5.430000	0.000000
5.431200	0.000000
5.432400	0.000000
5.433600	0.000000
5.434800	0.000000
5.436000	0.000000
5.437200	0.000000
5.438400	0.000000
5.439600	0.000000
5.440800	0.000000
5.442000	0.000000
5.443200	0.000000
5.444400	0.000000
5.445600	0.000000
5.446800	0.000000
5.448000	0.000000
5.449200	0.000000
5.450400	0.000000
5.451600	0.000000
5.452800	0.000000
5.454000	0.000000
5.455200	0.000000
5.456400	0.000000
5.457600	0.000000
5.458800	0.000000
5.460000	0.000000
5.461200	0.000000
5.462400	0.000000
5.463600	0.000000
5.464800	0.000000
5.466000	0.000000
5.467200	0.000000
5.468400	0.000000
5.469600	0.000000
5.470800	0.000000
5.472000	0.000000
5.473200	0.000000
5.474400	0.000000
5.475600	0.000000
5.476800	0.000000
5.478000	0.000000
5.479200	0.000000
5.480400	0.000000
5.481600	0.000000
5.482800	0.000000
5.484000	0.000000
5.485200	0.000000
5.486400	0.000000
5.487600	0.000000
5.488800	0.000000
5.490000	0.000000
5.491200	0.000000
5.492400	0.000000
5.493600	0.000000
5.494800	0.000000
5.496000	0.000000
5.497200	0.000000
5.498400	0.000000
5.499600	0.000000
5.500800	0.000000
5.502000	0.000000
5.503200	0.000000
5.504400	0.000000
5.505600	0.000000
5.506800	0.000000
5.508000	0.000000
5.509200	0.000000
5.510400	0.000000
5.511600	0.000000
5.512800	0.000000
5.514000	0.000000
5.515200	0.000000
5.516400	0.000000
5.517600	0.000000
5.518800	0.000000
5.520000	0.000000
5.521200	0.000000
5.522400	0.000000
5.523600	0.000000
5.524800	0.000000
5.526000	0.000000
5.527200	0.000000
5.528400	0.000000
5.529600	0.000000
5.530800	0.000000
5.532000	0.000000
5.533200	0.000000
5.534400	0.000000
5.535600	0.000000
5.536800	0.000000
5.538000	0.000000
5.539200	0.000000
5.540400	0.000000
5.541600	0.000000
5.542800	0.000000
5.544000	0.000000
5.545200	0.000000
5.546400	0.000000
5.547600	0.000000
5.548800	0.000000
5.550000	0.000000
5.551200	0.000000
5.552400	0.000000
5.553600	0.000000
5.554800	0.000000
5.556000	0.000000
5.557200	0.000000
5.558400	0.000000
5.559600	0.000000
5.560800	0.000000
5.562000	0.000000
5.563200	0.000000
5.564400	0.000000
5.565600	0.000000
5.566800	0.000000
5.568000	0.000000
5.569200	0.000000
5.570400	0.000000
5.571600	0.000000
5.572800	0.000000
5.574000	0.000000
5.575200	0.000000
5.576400	0.000000
5.577600	0.000000
5.578800	0.000000
5.580000	0.000000
5.581200	0.000000
5.582400	0.000000
5.583600	0.000000
5.584800	0.000000
5.586000	0.000000
5.587200	0.000000
5.588400	0.000000
5.589600	0.000000
5.590800	0.000000
5.592000	0.000000
5.593200	0.000000
5.594400	0.000000
5.595600	0.000000
5.596800	0.000000
5.598000	0.000000
5.599200	0.000000
5.600400	0.000000
5.601600	0.000000
5.602800	0.000000
5.604000	0.000000
5.605200	0.000000
5.606400	0.000000
5.607600	0.000000
5.608800	0.000000
5.610000	0.000000
5.611200	0.000000
5.612400	0.000000
5.613600	0.000000
5.614800	0.000000
5.616000	0.000000
5.617200	0.000000
5.618400	0.000000
5.619600	0.000000
5.620800	0.000000
5.622000	0.000000
5.623200	0.000000
5.624400	0.000000
5.625600	0.000000
5.626800	0.000000
5.628000	0.000000
5.629200	0.000000
5.630400	0.000000
5.631600	0.000000
5.632800	0.000000
5.634000	0.000000
5.635200	0.000000
5.636400	0.000000
5.637600	0.000000
5.638800	0.000000
5.640000	0.000000
5.641200	0.000000
5.642400	0.000000
5.643600	0.000000
5.644800	0.000000
5.646000	0.000000
5.647200	0.000000
5.648400	0.000000
5.649600	0.000000
5.650800	0.000000
5.652000	0.000000
5.653200	0.000000
5.654400	0.000000
5.655600	0.000000
5.656800	0.000000
5.658000	0.000000
5.659200	0.000000
5.660400	0.000000
5.661600	0.000000
5.662800	0.000000
5.664000	0.000000
5.665200	0.000000
5.666400	0.000000
5.667600	0.000000
5.668800	0.000000
5.670000	0.000000
5.671200	0.000000
5.672400	0.000000
5.673600	0.000000
5.674800	0.000000
5.676000	0.000000
5.677200	0.000000
5.678400	0.000000
5.679600	0.000000
5.680800	0.000000
5.682000	0.000000
5.683200	0.000000
5.684400	0.000000
5.685600	0.000000
5.686800	0.000000
5.688000	0.000000
5.689200	0.000000
5.690400	0.000000
5.691600	0.000000
5.692800	0.000000
5.694000	0.000000
5.695200	0.000000
5.696400	0.000000
5.697600	0.000000
5.698800	0.000000
5.700000	0.000000
5.701200	0.000000
5.702400	0.000000
5.703600	0.000000
5.704800	0.000000
5.706000	0.000000
5.707200	0.000000
5.708400	0.000000
5.709600	0.000000
5.710800	0.000000
5.712000	0.000000
5.713200	0.000000
5.714400	0.000000
5.715600	0.000000
5.716800	0.000000
5.718000	0.000000
5.719200	0.000000
5.720400	0.000000
5.721600	0.000000
5.722800	0.000000
5.724000	0.000000
5.725200	0.000000
5.726400	0.000000
5.727600	0.000000
5.728800	0.000000
5.730000	0.000000
5.731200	0.000000
5.732400	0.000000
5.733600	0.000000
5.734800	0.000000
5.736000	0.000000
5.737200	0.000000
5.738400	0.000000
5.739600	0.000000
5.740800	0.000000
5.742000	0.000000
5.743200	0.000000
5.744400	0.000000
5.745600	0.000000
5.746800	0.000000
5.748000	0.000000
5.749200	0.000000
5.750400	0.000000
5.751600	0.000000
5.752800	0.000000
5.754000	0.000000
5.755200	0.000000
5.756400	0.000000
5.757600	0.000000
5.758800	0.000000
5.760000	0.000000
5.761200	0.000000
5.762400	0.000000
5.763600	0.000000
5.764800	0.000000
5.766000	0.000000
5.767200	0.000000
5.768400	0.000000
5.769600	0.000000
5.770800	0.000000
5.772000	0.000000
5.773200	0.000000
5.774400	0.000000
5.775600	0.000000
5.776800	0.000000
5.778000	0.000000
5.779200	0.000000
5.780400	0.000000
5.781600	0.000000
5.782800	0.000000
5.784000	0.000000
5.785200	0.000000
5.786400	0.000000
5.787600	0.000000
5.788800	0.000000
5.790000	0.000000
5.791200	0.000000
5.792400	0.000000
5.793600	0.000000
5.794800	0.000000
5.796000	0.000000
5.797200	0.000000
5.798400	0.000000
5.799600	0.000000
5.800800	0.000000
5.802000	0.000000
5.803200	0.000000
5.804400	0.000000
5.805600	0.000000
5.806800	0.000000
5.808000	0.000000
5.809200	0.000000
5.810400	0.000000
5.811600	0.000000
5.812800	0.000000
5.814000	0.000000
5.815200	0.000000
5.816400	0.000000
5.817600	0.000000
5.818800	0.000000
5.820000	0.000000
5.821200	0.000000
5.822400	0.000000
5.823600	0.000000
5.824800	0.000000
5.826000	0.000000
5.827200	0.000000
5.828400	0.000000
5.829600	0.000000
5.830800	0.000000
5.832000	0.000000
5.833200	0.000000
5.834400	0.000000
5.835600	0.000000
5.836800	0.000000
5.838000	0.000000
5.839200	0.000000
5.840400	0.000000
5.841600	0.000000
5.842800	0.000000
5.844000	0.000000
5.845200	0.000000
5.846400	0.000000
5.847600	0.000000
5.848800	0.000000
5.850000	0.000000
5.851200	0.000000
5.852400	0.000000
5.853600	0.000000
5.854800	0.000000
5.856000	0.000000
5.857200	0.000000
5.858400	0.000000
5.859600	0.000000
5.860800	0.000000
5.862000	0.000000
5.863200	0.000000
5.864400	0.000000
5.865600	0.000000
5.866800	0.000000
5.868000	0.000000
5.869200	0.000000
5.870400	0.000000
5.871600	0.000000
5.872800	0.000000
5.874000	0.000000
5.875200	0.000000
5.876400	0.000000
5.877600	0.000000
5.878800	0.000000
5.880000	0.000000
5.881200	0.000000
5.882400	0.000000
5.883600	0.000000
5.884800	0.000000
5.886000	0.000000
5.887200	0.000000
5.888400	0.000000
5.889600	0.000000
5.890800	0.000000
5.892000	0.000000
5.893200	0.000000
5.894400	0.000000
5.895600	0.000000
5.896800	0.000000
5.898000	0.000000
5.899200	0.000000
5.900400	0.000000
5.901600	0.000000
5.902800	0.000000
5.904000	0.000000
5.905200	0.000000
5.906400	0.000000
5.907600	0.000000
5.908800	0.000000
5.910000	0.000000
5.911200	0.000000
5.912400	0.000000
5.913600	0.000000
5.914800	0.000000
5.916000	0.000000
5.917200	0.000000
5.918400	0.000000
5.919600	0.000000
5.920800	0.000000
5.922000	0.000000
5.923200	0.000000
5.924400	0.000000
5.925600	0.000000
5.926800	0.000000
5.928000	0.000000
5.929200	0.000000
5.930400	0.000000
5.931600	0.000000
5.932800	0.000000
5.934000	0.000000
5.935200	0.000000
5.936400	0.000000
5.937600	0.000000
5.938800	0.000000
5.940000	0.000000
5.941200	0.000000
5.942400	0.000000
5.943600	0.000000
5.944800	0.000000
5.946000	0.000000
5.947200	0.000000
5.948400	0.000000
5.949600	0.000000
5.950800	0.000000
5.952000	0.000000
5.953200	0.000000
5.954400	0.000000
5.955600	0.000000
5.956800	0.000000
5.958000	0.000000
5.959200	0.000000
5.960400	0.000000
5.961600	0.000000
5.962800	0.000000
5.964000	0.000000
5.965200	0.000000
5.966400	0.000000
5.967600	0.000000
5.968800	0.000000
5.970000	0.000000
5.971200	0.000000
5.972400	0.000000
5.973600	0.000000
5.974800	0.000000
5.976000	0.000000
5.977200	0.000000
5.978400	0.000000
5.979600	0.000000
5.980800	0.000000
5.982000	0.000000
5.983200	0.000000
5.984400	0.000000
5.985600	0.000000
5.986800	0.000000
5.988000	0.000000
5.989200	0.000000
5.990400	0.000000
5.991600	0.000000
5.992800	0.000000
5.994000	0.000000
5.995200	0.000000
5.996400	0.000000
5.997600	0.000000
5.998800	0.000000
